time,x_error,y_error,theta_error
0.000000, -0.000000, -0.000000, 0.000001
0.001000, 0.000000, -0.000000, 0.000001
0.002000, 0.000000, -0.000000, 0.000002
0.003000, 0.000000, -0.000000, 0.000003
0.004000, 0.000000, -0.000000, 0.000004
0.005000, 0.000000, -0.000000, 0.000005
0.006000, 0.000000, -0.000000, 0.000006
0.007000, 0.000000, -0.000000, 0.000007
0.008000, 0.000000, -0.000000, 0.000008
0.009000, 0.000000, -0.000000, 0.000009
0.010000, 0.000000, -0.000000, 0.000010
0.011000, 0.000000, -0.000000, 0.000011
0.012000, 0.000000, -0.000000, 0.000012
0.013000, 0.000000, -0.000000, 0.000013
0.014000, 0.000000, -0.000000, 0.000014
0.015000, 0.000000, -0.000000, 0.000015
0.016000, 0.000000, -0.000001, 0.000016
0.017000, 0.000000, -0.000001, 0.000016
0.018000, 0.000000, -0.000001, 0.000017
0.019000, 0.000000, -0.000001, 0.000018
0.020000, 0.000000, -0.000001, 0.000019
0.021000, 0.000000, -0.000001, 0.000019
0.022000, 0.000000, -0.000001, 0.000020
0.023000, 0.000000, -0.000001, 0.000021
0.024000, 0.000000, -0.000001, 0.000021
0.025000, 0.000000, -0.000001, 0.000022
0.026000, 0.000000, -0.000001, 0.000022
0.027000, 0.000000, -0.000001, 0.000023
0.028000, 0.000000, -0.000001, 0.000024
0.029000, 0.000000, -0.000001, 0.000024
0.030000, 0.000000, -0.000001, 0.000025
0.031000, 0.000000, -0.000001, 0.000025
0.032000, 0.000000, -0.000002, 0.000025
0.033000, 0.000000, -0.000002, 0.000026
0.034000, 0.000000, -0.000002, 0.000026
0.035000, 0.000000, -0.000002, 0.000027
0.036000, 0.000000, -0.000002, 0.000027
0.037000, 0.000000, -0.000002, 0.000027
0.038000, 0.000000, -0.000002, 0.000028
0.039000, 0.000000, -0.000002, 0.000028
0.040000, 0.000000, -0.000002, 0.000028
0.041000, 0.000000, -0.000002, 0.000029
0.042000, 0.000000, -0.000002, 0.000029
0.043000, 0.000000, -0.000002, 0.000029
0.044000, 0.000000, -0.000002, 0.000029
0.045000, 0.000000, -0.000002, 0.000030
0.046000, 0.000000, -0.000002, 0.000030
0.047000, 0.000000, -0.000002, 0.000030
0.048000, 0.000000, -0.000003, 0.000030
0.049000, 0.000000, -0.000003, 0.000030
0.050000, 0.000000, -0.000003, 0.000031
0.051000, 0.000000, -0.000003, 0.000031
0.052000, 0.000000, -0.000003, 0.000031
0.053000, 0.000000, -0.000003, 0.000031
0.054000, 0.000000, -0.000003, 0.000031
0.055000, 0.000000, -0.000003, 0.000031
0.056000, 0.000000, -0.000003, 0.000031
0.057000, 0.000000, -0.000003, 0.000031
0.058000, 0.000000, -0.000003, 0.000031
0.059000, 0.000000, -0.000003, 0.000031
0.060000, 0.000000, -0.000003, 0.000031
0.061000, 0.000000, -0.000003, 0.000031
0.062000, 0.000000, -0.000003, 0.000031
0.063000, 0.000000, -0.000003, 0.000031
0.064000, 0.000000, -0.000003, 0.000031
0.065000, 0.000000, -0.000003, 0.000031
0.066000, 0.000000, -0.000003, 0.000031
0.067000, 0.000000, -0.000003, 0.000031
0.068000, 0.000000, -0.000003, 0.000031
0.069000, 0.000000, -0.000003, 0.000031
0.070000, 0.000000, -0.000004, 0.000031
0.071000, 0.000000, -0.000004, 0.000031
0.072000, 0.000000, -0.000004, 0.000031
0.073000, 0.000000, -0.000004, 0.000031
0.074000, 0.000000, -0.000004, 0.000031
0.075000, 0.000000, -0.000004, 0.000031
0.076000, 0.000000, -0.000004, 0.000031
0.077000, 0.000000, -0.000004, 0.000031
0.078000, 0.000000, -0.000004, 0.000031
0.079000, 0.000000, -0.000004, 0.000030
0.080000, 0.000000, -0.000004, 0.000030
0.081000, 0.000000, -0.000004, 0.000030
0.082000, 0.000000, -0.000004, 0.000030
0.083000, 0.000000, -0.000004, 0.000030
0.084000, 0.000000, -0.000004, 0.000030
0.085000, 0.000000, -0.000004, 0.000030
0.086000, 0.000000, -0.000004, 0.000030
0.087000, 0.000000, -0.000004, 0.000029
0.088000, 0.000000, -0.000004, 0.000029
0.089000, 0.000000, -0.000004, 0.000029
0.090000, 0.000000, -0.000004, 0.000029
0.091000, 0.000000, -0.000004, 0.000029
0.092000, 0.000000, -0.000004, 0.000028
0.093000, 0.000000, -0.000004, 0.000028
0.094000, 0.000000, -0.000004, 0.000028
0.095000, 0.000000, -0.000004, 0.000028
0.096000, 0.000000, -0.000004, 0.000028
0.097000, 0.000000, -0.000004, 0.000027
0.098000, 0.000000, -0.000004, 0.000027
0.099000, 0.000000, -0.000004, 0.000027
0.100000, 0.000000, -0.000004, 0.000027
0.101000, 0.000000, -0.000004, 0.000027
0.102000, 0.000000, -0.000004, 0.000026
0.103000, 0.000000, -0.000004, 0.000026
0.104000, 0.000000, -0.000004, 0.000026
0.105000, 0.000000, -0.000004, 0.000026
0.106000, 0.000000, -0.000004, 0.000025
0.107000, 0.000000, -0.000004, 0.000025
0.108000, 0.000000, -0.000004, 0.000025
0.109000, 0.000000, -0.000004, 0.000025
0.110000, 0.000000, -0.000004, 0.000025
0.111000, 0.000000, -0.000004, 0.000024
0.112000, 0.000000, -0.000004, 0.000024
0.113000, 0.000000, -0.000004, 0.000024
0.114000, 0.000000, -0.000004, 0.000024
0.115000, 0.000000, -0.000004, 0.000023
0.116000, 0.000000, -0.000004, 0.000023
0.117000, 0.000000, -0.000004, 0.000023
0.118000, 0.000000, -0.000004, 0.000022
0.119000, 0.000000, -0.000004, 0.000022
0.120000, 0.000000, -0.000004, 0.000022
0.121000, 0.000000, -0.000004, 0.000022
0.122000, 0.000000, -0.000004, 0.000021
0.123000, 0.000000, -0.000004, 0.000021
0.124000, 0.000000, -0.000004, 0.000021
0.125000, 0.000000, -0.000004, 0.000021
0.126000, 0.000000, -0.000004, 0.000020
0.127000, 0.000000, -0.000004, 0.000020
0.128000, 0.000000, -0.000004, 0.000020
0.129000, 0.000000, -0.000004, 0.000020
0.130000, 0.000000, -0.000004, 0.000019
0.131000, 0.000000, -0.000004, 0.000019
0.132000, 0.000000, -0.000004, 0.000019
0.133000, 0.000000, -0.000004, 0.000018
0.134000, 0.000000, -0.000004, 0.000018
0.135000, 0.000000, -0.000004, 0.000018
0.136000, 0.000000, -0.000004, 0.000018
0.137000, 0.000000, -0.000004, 0.000017
0.138000, 0.000000, -0.000003, 0.000017
0.139000, 0.000000, -0.000003, 0.000017
0.140000, 0.000000, -0.000003, 0.000017
0.141000, 0.000000, -0.000003, 0.000016
0.142000, 0.000000, -0.000003, 0.000016
0.143000, 0.000000, -0.000003, 0.000016
0.144000, 0.000000, -0.000003, 0.000015
0.145000, 0.000000, -0.000003, 0.000015
0.146000, 0.000000, -0.000003, 0.000015
0.147000, 0.000000, -0.000003, 0.000015
0.148000, 0.000000, -0.000003, 0.000014
0.149000, 0.000000, -0.000003, 0.000014
0.150000, 0.000000, -0.000003, 0.000014
0.151000, 0.000000, -0.000003, 0.000014
0.152000, 0.000000, -0.000003, 0.000013
0.153000, 0.000000, -0.000003, 0.000013
0.154000, 0.000000, -0.000003, 0.000013
0.155000, 0.000000, -0.000003, 0.000012
0.156000, 0.000000, -0.000003, 0.000012
0.157000, 0.000000, -0.000003, 0.000012
0.158000, 0.000000, -0.000003, 0.000012
0.159000, 0.000000, -0.000003, 0.000011
0.160000, 0.000000, -0.000003, 0.000011
0.161000, 0.000000, -0.000003, 0.000011
0.162000, 0.000000, -0.000003, 0.000011
0.163000, 0.000000, -0.000003, 0.000010
0.164000, 0.000000, -0.000003, 0.000010
0.165000, 0.000000, -0.000003, 0.000010
0.166000, 0.000000, -0.000003, 0.000010
0.167000, 0.000000, -0.000003, 0.000009
0.168000, 0.000000, -0.000003, 0.000009
0.169000, 0.000000, -0.000003, 0.000009
0.170000, 0.000000, -0.000002, 0.000009
0.171000, 0.000000, -0.000002, 0.000008
0.172000, 0.000000, -0.000002, 0.000008
0.173000, 0.000000, -0.000002, 0.000008
0.174000, 0.000000, -0.000002, 0.000008
0.175000, 0.000000, -0.000002, 0.000007
0.176000, 0.000000, -0.000002, 0.000007
0.177000, 0.000000, -0.000002, 0.000007
0.178000, 0.000000, -0.000002, 0.000007
0.179000, 0.000000, -0.000002, 0.000006
0.180000, 0.000000, -0.000002, 0.000006
0.181000, 0.000000, -0.000002, 0.000006
0.182000, 0.000000, -0.000002, 0.000006
0.183000, 0.000000, -0.000002, 0.000005
0.184000, 0.000000, -0.000002, 0.000005
0.185000, 0.000000, -0.000002, 0.000005
0.186000, 0.000000, -0.000002, 0.000005
0.187000, 0.000000, -0.000002, 0.000005
0.188000, 0.000000, -0.000002, 0.000004
0.189000, 0.000000, -0.000002, 0.000004
0.190000, 0.000000, -0.000002, 0.000004
0.191000, 0.000000, -0.000002, 0.000004
0.192000, 0.000000, -0.000002, 0.000003
0.193000, 0.000000, -0.000002, 0.000003
0.194000, 0.000000, -0.000002, 0.000003
0.195000, 0.000000, -0.000002, 0.000003
0.196000, 0.000000, -0.000002, 0.000003
0.197000, 0.000000, -0.000002, 0.000002
0.198000, 0.000000, -0.000002, 0.000002
0.199000, 0.000000, -0.000002, 0.000002
0.200000, 0.000000, -0.000002, 0.000002
0.201000, 0.000000, -0.000001, 0.000002
0.202000, 0.000000, -0.000001, 0.000001
0.203000, 0.000000, -0.000001, 0.000001
0.204000, 0.000000, -0.000001, 0.000001
0.205000, 0.000000, -0.000001, 0.000001
0.206000, 0.000000, -0.000001, 0.000001
0.207000, 0.000000, -0.000001, 0.000000
0.208000, 0.000000, -0.000001, 0.000000
0.209000, 0.000000, -0.000001, -0.000000
0.210000, 0.000000, -0.000001, -0.000000
0.211000, 0.000000, -0.000001, -0.000000
0.212000, 0.000000, -0.000001, -0.000001
0.213000, 0.000000, -0.000001, -0.000001
0.214000, 0.000000, -0.000001, -0.000001
0.215000, 0.000000, -0.000001, -0.000001
0.216000, 0.000000, -0.000001, -0.000001
0.217000, 0.000000, -0.000001, -0.000001
0.218000, 0.000000, -0.000001, -0.000002
0.219000, 0.000000, -0.000001, -0.000002
0.220000, 0.000000, -0.000001, -0.000002
0.221000, 0.000000, -0.000001, -0.000002
0.222000, 0.000000, -0.000001, -0.000002
0.223000, 0.000000, -0.000001, -0.000003
0.224000, 0.000000, -0.000001, -0.000003
0.225000, 0.000000, -0.000001, -0.000003
0.226000, 0.000000, -0.000001, -0.000003
0.227000, 0.000000, -0.000001, -0.000003
0.228000, 0.000000, -0.000001, -0.000003
0.229000, 0.000000, -0.000001, -0.000003
0.230000, 0.000000, -0.000001, -0.000004
0.231000, 0.000000, -0.000001, -0.000004
0.232000, 0.000000, -0.000001, -0.000004
0.233000, 0.000000, -0.000001, -0.000004
0.234000, 0.000000, -0.000001, -0.000004
0.235000, 0.000000, -0.000001, -0.000004
0.236000, 0.000000, -0.000001, -0.000004
0.237000, 0.000000, -0.000001, -0.000005
0.238000, 0.000000, -0.000001, -0.000005
0.239000, 0.000000, -0.000000, -0.000005
0.240000, 0.000000, -0.000000, -0.000005
0.241000, 0.000000, -0.000000, -0.000005
0.242000, 0.000000, -0.000000, -0.000005
0.243000, 0.000000, -0.000000, -0.000005
0.244000, 0.000000, -0.000000, -0.000006
0.245000, 0.000000, -0.000000, -0.000006
0.246000, 0.000000, -0.000000, -0.000006
0.247000, 0.000000, -0.000000, -0.000006
0.248000, 0.000000, -0.000000, -0.000006
0.249000, 0.000000, -0.000000, -0.000006
0.250000, 0.000000, -0.000000, -0.000006
0.251000, 0.010000, 0.830000, 0.012041
0.252000, 0.010000, 0.829993, 0.012034
0.253000, 0.010000, 0.829973, 0.012024
0.254000, 0.010000, 0.829939, 0.012012
0.255000, 0.010000, 0.829892, 0.011999
0.256000, 0.010000, 0.829832, 0.011985
0.257000, 0.010000, 0.829760, 0.011970
0.258000, 0.010000, 0.829674, 0.011955
0.259000, 0.010000, 0.829575, 0.011940
0.260000, 0.010000, 0.829464, 0.011924
0.261000, 0.010000, 0.829340, 0.011908
0.262000, 0.010000, 0.829204, 0.011892
0.263000, 0.010000, 0.829055, 0.011876
0.264000, 0.010000, 0.828895, 0.011859
0.265000, 0.010000, 0.828722, 0.011843
0.266000, 0.010000, 0.828537, 0.011826
0.267000, 0.010000, 0.828340, 0.011810
0.268000, 0.010000, 0.828132, 0.011793
0.269000, 0.010000, 0.827911, 0.011776
0.270000, 0.010000, 0.827680, 0.011759
0.271000, 0.010000, 0.827436, 0.011742
0.272000, 0.009999, 0.827182, 0.011725
0.273000, 0.009999, 0.826916, 0.011707
0.274000, 0.009999, 0.826638, 0.011690
0.275000, 0.009999, 0.826350, 0.011673
0.276000, 0.009999, 0.826051, 0.011655
0.277000, 0.009999, 0.825741, 0.011637
0.278000, 0.009999, 0.825420, 0.011620
0.279000, 0.009999, 0.825088, 0.011602
0.280000, 0.009999, 0.824746, 0.011584
0.281000, 0.009998, 0.824393, 0.011566
0.282000, 0.009998, 0.824030, 0.011548
0.283000, 0.009998, 0.823656, 0.011529
0.284000, 0.009998, 0.823272, 0.011511
0.285000, 0.009998, 0.822878, 0.011493
0.286000, 0.009997, 0.822474, 0.011474
0.287000, 0.009997, 0.822060, 0.011455
0.288000, 0.009997, 0.821636, 0.011436
0.289000, 0.009997, 0.821202, 0.011418
0.290000, 0.009996, 0.820758, 0.011399
0.291000, 0.009996, 0.820305, 0.011379
0.292000, 0.009996, 0.819842, 0.011360
0.293000, 0.009995, 0.819370, 0.011341
0.294000, 0.009995, 0.818888, 0.011321
0.295000, 0.009995, 0.818397, 0.011302
0.296000, 0.009994, 0.817897, 0.011282
0.297000, 0.009994, 0.817387, 0.011262
0.298000, 0.009994, 0.816868, 0.011242
0.299000, 0.009993, 0.816341, 0.011222
0.300000, 0.009993, 0.815804, 0.011202
0.301000, 0.009992, 0.815259, 0.011182
0.302000, 0.009992, 0.814705, 0.011162
0.303000, 0.009991, 0.814142, 0.011141
0.304000, 0.009991, 0.813570, 0.011120
0.305000, 0.009990, 0.812990, 0.011100
0.306000, 0.009990, 0.812402, 0.011079
0.307000, 0.009989, 0.811805, 0.011058
0.308000, 0.009988, 0.811199, 0.011037
0.309000, 0.009988, 0.810586, 0.011016
0.310000, 0.009987, 0.809964, 0.010994
0.311000, 0.009986, 0.809334, 0.010973
0.312000, 0.009986, 0.808696, 0.010951
0.313000, 0.009985, 0.808050, 0.010930
0.314000, 0.009984, 0.807397, 0.010908
0.315000, 0.009984, 0.806735, 0.010886
0.316000, 0.009983, 0.806066, 0.010864
0.317000, 0.009982, 0.805389, 0.010842
0.318000, 0.009981, 0.804704, 0.010820
0.319000, 0.009980, 0.804012, 0.010797
0.320000, 0.009979, 0.803312, 0.010775
0.321000, 0.009979, 0.802605, 0.010752
0.322000, 0.009978, 0.801890, 0.010730
0.323000, 0.009977, 0.801168, 0.010707
0.324000, 0.009976, 0.800439, 0.010684
0.325000, 0.009975, 0.799703, 0.010661
0.326000, 0.009974, 0.798959, 0.010638
0.327000, 0.009973, 0.798209, 0.010615
0.328000, 0.009972, 0.797452, 0.010591
0.329000, 0.009970, 0.796687, 0.010568
0.330000, 0.009969, 0.795916, 0.010544
0.331000, 0.009968, 0.795138, 0.010521
0.332000, 0.009967, 0.794354, 0.010497
0.333000, 0.009966, 0.793562, 0.010473
0.334000, 0.009964, 0.792764, 0.010449
0.335000, 0.009963, 0.791960, 0.010425
0.336000, 0.009962, 0.791149, 0.010401
0.337000, 0.009960, 0.790332, 0.010376
0.338000, 0.009959, 0.789508, 0.010352
0.339000, 0.009958, 0.788678, 0.010327
0.340000, 0.009956, 0.787842, 0.010303
0.341000, 0.009955, 0.786999, 0.010278
0.342000, 0.009953, 0.786151, 0.010253
0.343000, 0.009952, 0.785296, 0.010228
0.344000, 0.009950, 0.784435, 0.010203
0.345000, 0.009949, 0.783569, 0.010178
0.346000, 0.009947, 0.782696, 0.010153
0.347000, 0.009945, 0.781818, 0.010127
0.348000, 0.009944, 0.780934, 0.010102
0.349000, 0.009942, 0.780044, 0.010076
0.350000, 0.009940, 0.779148, 0.010050
0.351000, 0.009938, 0.778247, 0.010025
0.352000, 0.009936, 0.777340, 0.009999
0.353000, 0.009935, 0.776428, 0.009973
0.354000, 0.009933, 0.775510, 0.009947
0.355000, 0.009931, 0.774587, 0.009921
0.356000, 0.009929, 0.773659, 0.009895
0.357000, 0.009927, 0.772725, 0.009868
0.358000, 0.009925, 0.771786, 0.009842
0.359000, 0.009923, 0.770842, 0.009815
0.360000, 0.009921, 0.769892, 0.009789
0.361000, 0.009918, 0.768938, 0.009762
0.362000, 0.009916, 0.767978, 0.009735
0.363000, 0.009914, 0.767014, 0.009709
0.364000, 0.009912, 0.766045, 0.009682
0.365000, 0.009909, 0.765070, 0.009655
0.366000, 0.009907, 0.764091, 0.009628
0.367000, 0.009905, 0.763107, 0.009600
0.368000, 0.009902, 0.762119, 0.009573
0.369000, 0.009900, 0.761125, 0.009546
0.370000, 0.009897, 0.760127, 0.009518
0.371000, 0.009895, 0.759125, 0.009491
0.372000, 0.009892, 0.758118, 0.009463
0.373000, 0.009890, 0.757106, 0.009436
0.374000, 0.009887, 0.756090, 0.009408
0.375000, 0.009884, 0.755069, 0.009380
0.376000, 0.009881, 0.754045, 0.009352
0.377000, 0.009879, 0.753015, 0.009325
0.378000, 0.009876, 0.751982, 0.009297
0.379000, 0.009873, 0.750944, 0.009269
0.380000, 0.009870, 0.749903, 0.009241
0.381000, 0.009867, 0.748857, 0.009212
0.382000, 0.009864, 0.747807, 0.009184
0.383000, 0.009861, 0.746753, 0.009156
0.384000, 0.009858, 0.745695, 0.009127
0.385000, 0.009855, 0.744633, 0.009099
0.386000, 0.009852, 0.743567, 0.009071
0.387000, 0.009849, 0.742498, 0.009042
0.388000, 0.009845, 0.741424, 0.009014
0.389000, 0.009842, 0.740347, 0.008985
0.390000, 0.009839, 0.739266, 0.008956
0.391000, 0.009836, 0.738181, 0.008928
0.392000, 0.009832, 0.737093, 0.008899
0.393000, 0.009829, 0.736001, 0.008870
0.394000, 0.009825, 0.734906, 0.008841
0.395000, 0.009822, 0.733807, 0.008812
0.396000, 0.009818, 0.732705, 0.008783
0.397000, 0.009815, 0.731599, 0.008754
0.398000, 0.009811, 0.730490, 0.008725
0.399000, 0.009807, 0.729377, 0.008696
0.400000, 0.009803, 0.728261, 0.008667
0.401000, 0.009800, 0.727142, 0.008638
0.402000, 0.009796, 0.726020, 0.008609
0.403000, 0.009792, 0.724894, 0.008579
0.404000, 0.009788, 0.723766, 0.008550
0.405000, 0.009784, 0.722634, 0.008521
0.406000, 0.009780, 0.721499, 0.008491
0.407000, 0.009776, 0.720361, 0.008462
0.408000, 0.009772, 0.719221, 0.008433
0.409000, 0.009768, 0.718077, 0.008403
0.410000, 0.009764, 0.716930, 0.008374
0.411000, 0.009759, 0.715781, 0.008344
0.412000, 0.009755, 0.714628, 0.008315
0.413000, 0.009751, 0.713473, 0.008285
0.414000, 0.009746, 0.712315, 0.008256
0.415000, 0.009742, 0.711155, 0.008226
0.416000, 0.009738, 0.709992, 0.008197
0.417000, 0.009733, 0.708826, 0.008167
0.418000, 0.009729, 0.707657, 0.008137
0.419000, 0.009724, 0.706486, 0.008108
0.420000, 0.009719, 0.705313, 0.008078
0.421000, 0.009715, 0.704136, 0.008048
0.422000, 0.009710, 0.702958, 0.008019
0.423000, 0.009705, 0.701777, 0.007989
0.424000, 0.009700, 0.700594, 0.007959
0.425000, 0.009696, 0.699408, 0.007930
0.426000, 0.009691, 0.698220, 0.007900
0.427000, 0.009686, 0.697030, 0.007870
0.428000, 0.009681, 0.695837, 0.007841
0.429000, 0.009676, 0.694642, 0.007811
0.430000, 0.009671, 0.693445, 0.007781
0.431000, 0.009666, 0.692246, 0.007752
0.432000, 0.009660, 0.691045, 0.007722
0.433000, 0.009655, 0.689842, 0.007692
0.434000, 0.009650, 0.688637, 0.007663
0.435000, 0.009645, 0.687429, 0.007633
0.436000, 0.009639, 0.686220, 0.007603
0.437000, 0.009634, 0.685009, 0.007573
0.438000, 0.009629, 0.683796, 0.007544
0.439000, 0.009623, 0.682581, 0.007514
0.440000, 0.009618, 0.681364, 0.007485
0.441000, 0.009612, 0.680145, 0.007455
0.442000, 0.009606, 0.678924, 0.007425
0.443000, 0.009601, 0.677702, 0.007396
0.444000, 0.009595, 0.676478, 0.007366
0.445000, 0.009589, 0.675253, 0.007337
0.446000, 0.009584, 0.674025, 0.007307
0.447000, 0.009578, 0.672797, 0.007277
0.448000, 0.009572, 0.671566, 0.007248
0.449000, 0.009566, 0.670334, 0.007218
0.450000, 0.009560, 0.669100, 0.007189
0.451000, 0.009554, 0.667865, 0.007160
0.452000, 0.009548, 0.666629, 0.007130
0.453000, 0.009542, 0.665391, 0.007101
0.454000, 0.009536, 0.664151, 0.007071
0.455000, 0.009530, 0.662911, 0.007042
0.456000, 0.009523, 0.661668, 0.007013
0.457000, 0.009517, 0.660425, 0.006983
0.458000, 0.009511, 0.659180, 0.006954
0.459000, 0.009504, 0.657934, 0.006925
0.460000, 0.009498, 0.656687, 0.006896
0.461000, 0.009492, 0.655438, 0.006867
0.462000, 0.009485, 0.654189, 0.006838
0.463000, 0.009479, 0.652938, 0.006808
0.464000, 0.009472, 0.651686, 0.006779
0.465000, 0.009465, 0.650433, 0.006750
0.466000, 0.009459, 0.649179, 0.006721
0.467000, 0.009452, 0.647924, 0.006692
0.468000, 0.009445, 0.646668, 0.006664
0.469000, 0.009439, 0.645410, 0.006635
0.470000, 0.009432, 0.644152, 0.006606
0.471000, 0.009425, 0.642893, 0.006577
0.472000, 0.009418, 0.641633, 0.006548
0.473000, 0.009411, 0.640372, 0.006520
0.474000, 0.009404, 0.639111, 0.006491
0.475000, 0.009397, 0.637848, 0.006463
0.476000, 0.009390, 0.636585, 0.006434
0.477000, 0.009383, 0.635321, 0.006406
0.478000, 0.009376, 0.634056, 0.006377
0.479000, 0.009369, 0.632790, 0.006349
0.480000, 0.009361, 0.631524, 0.006320
0.481000, 0.009354, 0.630257, 0.006292
0.482000, 0.009347, 0.628990, 0.006264
0.483000, 0.009340, 0.627721, 0.006236
0.484000, 0.009332, 0.626453, 0.006207
0.485000, 0.009325, 0.625183, 0.006179
0.486000, 0.009317, 0.623913, 0.006151
0.487000, 0.009310, 0.622643, 0.006123
0.488000, 0.009302, 0.621372, 0.006096
0.489000, 0.009295, 0.620100, 0.006068
0.490000, 0.009287, 0.618828, 0.006040
0.491000, 0.009279, 0.617556, 0.006012
0.492000, 0.009272, 0.616283, 0.005984
0.493000, 0.009264, 0.615010, 0.005957
0.494000, 0.009256, 0.613736, 0.005929
0.495000, 0.009249, 0.612463, 0.005902
0.496000, 0.009241, 0.611188, 0.005874
0.497000, 0.009233, 0.609914, 0.005847
0.498000, 0.009225, 0.608639, 0.005820
0.499000, 0.009217, 0.607364, 0.005792
0.500000, 0.009209, 0.606089, 0.005765
0.501000, 0.009201, 0.604813, 0.005738
0.502000, 0.009193, 0.603538, 0.005711
0.503000, 0.009185, 0.602262, 0.005684
0.504000, 0.009177, 0.600986, 0.005657
0.505000, 0.009169, 0.599710, 0.005630
0.506000, 0.009160, 0.598434, 0.005603
0.507000, 0.009152, 0.597158, 0.005577
0.508000, 0.009144, 0.595881, 0.005550
0.509000, 0.009136, 0.594605, 0.005523
0.510000, 0.009127, 0.593329, 0.005497
0.511000, 0.009119, 0.592052, 0.005470
0.512000, 0.009111, 0.590776, 0.005444
0.513000, 0.009102, 0.589500, 0.005418
0.514000, 0.009094, 0.588223, 0.005391
0.515000, 0.009085, 0.586947, 0.005365
0.516000, 0.009077, 0.585671, 0.005339
0.517000, 0.009068, 0.584395, 0.005313
0.518000, 0.009059, 0.583119, 0.005287
0.519000, 0.009051, 0.581844, 0.005261
0.520000, 0.009042, 0.580568, 0.005236
0.521000, 0.009033, 0.579293, 0.005210
0.522000, 0.009025, 0.578018, 0.005184
0.523000, 0.009016, 0.576743, 0.005159
0.524000, 0.009007, 0.575469, 0.005133
0.525000, 0.008998, 0.574195, 0.005108
0.526000, 0.008990, 0.572921, 0.005082
0.527000, 0.008981, 0.571647, 0.005057
0.528000, 0.008972, 0.570374, 0.005032
0.529000, 0.008963, 0.569101, 0.005007
0.530000, 0.008954, 0.567828, 0.004982
0.531000, 0.008945, 0.566556, 0.004957
0.532000, 0.008936, 0.565284, 0.004932
0.533000, 0.008927, 0.564013, 0.004907
0.534000, 0.008918, 0.562742, 0.004882
0.535000, 0.008909, 0.561471, 0.004858
0.536000, 0.008900, 0.560201, 0.004833
0.537000, 0.008890, 0.558932, 0.004808
0.538000, 0.008881, 0.557663, 0.004784
0.539000, 0.008872, 0.556394, 0.004760
0.540000, 0.008863, 0.555126, 0.004735
0.541000, 0.008853, 0.553859, 0.004711
0.542000, 0.008844, 0.552592, 0.004687
0.543000, 0.008835, 0.551326, 0.004663
0.544000, 0.008826, 0.550060, 0.004639
0.545000, 0.008816, 0.548795, 0.004615
0.546000, 0.008807, 0.547530, 0.004592
0.547000, 0.008797, 0.546267, 0.004568
0.548000, 0.008788, 0.545003, 0.004544
0.549000, 0.008778, 0.543741, 0.004521
0.550000, 0.008769, 0.542479, 0.004497
0.551000, 0.008759, 0.541218, 0.004474
0.552000, 0.008750, 0.539958, 0.004451
0.553000, 0.008740, 0.538698, 0.004427
0.554000, 0.008731, 0.537439, 0.004404
0.555000, 0.008721, 0.536181, 0.004381
0.556000, 0.008711, 0.534924, 0.004358
0.557000, 0.008702, 0.533667, 0.004335
0.558000, 0.008692, 0.532412, 0.004313
0.559000, 0.008682, 0.531157, 0.004290
0.560000, 0.008673, 0.529903, 0.004267
0.561000, 0.008663, 0.528650, 0.004245
0.562000, 0.008653, 0.527397, 0.004222
0.563000, 0.008643, 0.526146, 0.004200
0.564000, 0.008634, 0.524895, 0.004178
0.565000, 0.008624, 0.523646, 0.004155
0.566000, 0.008614, 0.522397, 0.004133
0.567000, 0.008604, 0.521149, 0.004111
0.568000, 0.008594, 0.519903, 0.004089
0.569000, 0.008584, 0.518657, 0.004067
0.570000, 0.008574, 0.517412, 0.004046
0.571000, 0.008564, 0.516168, 0.004024
0.572000, 0.008554, 0.514925, 0.004002
0.573000, 0.008544, 0.513683, 0.003981
0.574000, 0.008534, 0.512442, 0.003959
0.575000, 0.008524, 0.511202, 0.003938
0.576000, 0.008514, 0.509964, 0.003917
0.577000, 0.008504, 0.508726, 0.003896
0.578000, 0.008494, 0.507489, 0.003874
0.579000, 0.008484, 0.506254, 0.003853
0.580000, 0.008474, 0.505019, 0.003833
0.581000, 0.008464, 0.503786, 0.003812
0.582000, 0.008454, 0.502553, 0.003791
0.583000, 0.008443, 0.501322, 0.003770
0.584000, 0.008433, 0.500092, 0.003750
0.585000, 0.008423, 0.498863, 0.003729
0.586000, 0.008413, 0.497636, 0.003709
0.587000, 0.008403, 0.496409, 0.003688
0.588000, 0.008392, 0.495184, 0.003668
0.589000, 0.008382, 0.493960, 0.003648
0.590000, 0.008372, 0.492737, 0.003628
0.591000, 0.008362, 0.491515, 0.003608
0.592000, 0.008351, 0.490295, 0.003588
0.593000, 0.008341, 0.489075, 0.003568
0.594000, 0.008331, 0.487857, 0.003548
0.595000, 0.008320, 0.486641, 0.003529
0.596000, 0.008310, 0.485425, 0.003509
0.597000, 0.008300, 0.484211, 0.003490
0.598000, 0.008289, 0.482998, 0.003470
0.599000, 0.008279, 0.481786, 0.003451
0.600000, 0.008268, 0.480576, 0.003432
0.601000, 0.008258, 0.479367, 0.003412
0.602000, 0.008247, 0.478159, 0.003393
0.603000, 0.008237, 0.476953, 0.003374
0.604000, 0.008227, 0.475748, 0.003355
0.605000, 0.008216, 0.474545, 0.003337
0.606000, 0.008206, 0.473342, 0.003318
0.607000, 0.008195, 0.472141, 0.003299
0.608000, 0.008185, 0.470942, 0.003281
0.609000, 0.008174, 0.469744, 0.003262
0.610000, 0.008164, 0.468547, 0.003244
0.611000, 0.008153, 0.467352, 0.003225
0.612000, 0.008143, 0.466158, 0.003207
0.613000, 0.008132, 0.464965, 0.003189
0.614000, 0.008122, 0.463774, 0.003171
0.615000, 0.008111, 0.462585, 0.003153
0.616000, 0.008100, 0.461397, 0.003135
0.617000, 0.008090, 0.460210, 0.003117
0.618000, 0.008079, 0.459025, 0.003099
0.619000, 0.008069, 0.457841, 0.003082
0.620000, 0.008058, 0.456659, 0.003064
0.621000, 0.008047, 0.455478, 0.003046
0.622000, 0.008037, 0.454299, 0.003029
0.623000, 0.008026, 0.453121, 0.003012
0.624000, 0.008016, 0.451945, 0.002994
0.625000, 0.008005, 0.450770, 0.002977
0.626000, 0.007994, 0.449597, 0.002960
0.627000, 0.007984, 0.448425, 0.002943
0.628000, 0.007973, 0.447255, 0.002926
0.629000, 0.007962, 0.446086, 0.002909
0.630000, 0.007952, 0.444919, 0.002892
0.631000, 0.007941, 0.443754, 0.002876
0.632000, 0.007930, 0.442590, 0.002859
0.633000, 0.007920, 0.441428, 0.002843
0.634000, 0.007909, 0.440267, 0.002826
0.635000, 0.007898, 0.439108, 0.002810
0.636000, 0.007888, 0.437950, 0.002793
0.637000, 0.007877, 0.436794, 0.002777
0.638000, 0.007866, 0.435640, 0.002761
0.639000, 0.007855, 0.434487, 0.002745
0.640000, 0.007845, 0.433336, 0.002729
0.641000, 0.007834, 0.432187, 0.002713
0.642000, 0.007823, 0.431039, 0.002697
0.643000, 0.007813, 0.429893, 0.002681
0.644000, 0.007802, 0.428748, 0.002666
0.645000, 0.007791, 0.427605, 0.002650
0.646000, 0.007780, 0.426464, 0.002635
0.647000, 0.007770, 0.425325, 0.002619
0.648000, 0.007759, 0.424187, 0.002604
0.649000, 0.007748, 0.423051, 0.002588
0.650000, 0.007738, 0.421916, 0.002573
0.651000, 0.007727, 0.420783, 0.002558
0.652000, 0.007716, 0.419652, 0.002543
0.653000, 0.007705, 0.418523, 0.002528
0.654000, 0.007695, 0.417395, 0.002513
0.655000, 0.007684, 0.416269, 0.002498
0.656000, 0.007673, 0.415145, 0.002483
0.657000, 0.007662, 0.414022, 0.002469
0.658000, 0.007652, 0.412901, 0.002454
0.659000, 0.007641, 0.411782, 0.002439
0.660000, 0.007630, 0.410665, 0.002425
0.661000, 0.007619, 0.409549, 0.002411
0.662000, 0.007609, 0.408435, 0.002396
0.663000, 0.007598, 0.407323, 0.002382
0.664000, 0.007587, 0.406213, 0.002368
0.665000, 0.007576, 0.405104, 0.002354
0.666000, 0.007566, 0.403997, 0.002340
0.667000, 0.007555, 0.402892, 0.002326
0.668000, 0.007544, 0.401789, 0.002312
0.669000, 0.007534, 0.400687, 0.002298
0.670000, 0.007523, 0.399587, 0.002284
0.671000, 0.007512, 0.398489, 0.002270
0.672000, 0.007501, 0.397393, 0.002257
0.673000, 0.007491, 0.396299, 0.002243
0.674000, 0.007480, 0.395206, 0.002230
0.675000, 0.007469, 0.394115, 0.002216
0.676000, 0.007459, 0.393026, 0.002203
0.677000, 0.007448, 0.391939, 0.002190
0.678000, 0.007437, 0.390854, 0.002177
0.679000, 0.007426, 0.389770, 0.002164
0.680000, 0.007416, 0.388688, 0.002150
0.681000, 0.007405, 0.387608, 0.002138
0.682000, 0.007394, 0.386530, 0.002125
0.683000, 0.007384, 0.385454, 0.002112
0.684000, 0.007373, 0.384380, 0.002099
0.685000, 0.007362, 0.383307, 0.002086
0.686000, 0.007352, 0.382236, 0.002074
0.687000, 0.007341, 0.381167, 0.002061
0.688000, 0.007330, 0.380100, 0.002049
0.689000, 0.007320, 0.379035, 0.002036
0.690000, 0.007309, 0.377972, 0.002024
0.691000, 0.007298, 0.376910, 0.002011
0.692000, 0.007288, 0.375851, 0.001999
0.693000, 0.007277, 0.374793, 0.001987
0.694000, 0.007267, 0.373737, 0.001975
0.695000, 0.007256, 0.372683, 0.001963
0.696000, 0.007245, 0.371631, 0.001951
0.697000, 0.007235, 0.370580, 0.001939
0.698000, 0.007224, 0.369532, 0.001927
0.699000, 0.007214, 0.368486, 0.001915
0.700000, 0.007203, 0.367441, 0.001904
0.701000, 0.007192, 0.366398, 0.001892
0.702000, 0.007182, 0.365357, 0.001880
0.703000, 0.007171, 0.364318, 0.001869
0.704000, 0.007161, 0.363281, 0.001857
0.705000, 0.007150, 0.362246, 0.001846
0.706000, 0.007140, 0.361213, 0.001835
0.707000, 0.007129, 0.360181, 0.001823
0.708000, 0.007119, 0.359152, 0.001812
0.709000, 0.007108, 0.358124, 0.001801
0.710000, 0.007098, 0.357099, 0.001790
0.711000, 0.007087, 0.356075, 0.001779
0.712000, 0.007077, 0.355053, 0.001768
0.713000, 0.007066, 0.354033, 0.001757
0.714000, 0.007056, 0.353015, 0.001746
0.715000, 0.007045, 0.351999, 0.001735
0.716000, 0.007035, 0.350985, 0.001725
0.717000, 0.007024, 0.349972, 0.001714
0.718000, 0.007014, 0.348962, 0.001703
0.719000, 0.007003, 0.347954, 0.001693
0.720000, 0.006993, 0.346947, 0.001682
0.721000, 0.006982, 0.345943, 0.001672
0.722000, 0.006972, 0.344940, 0.001661
0.723000, 0.006962, 0.343939, 0.001651
0.724000, 0.006951, 0.342941, 0.001641
0.725000, 0.006941, 0.341944, 0.001631
0.726000, 0.006931, 0.340949, 0.001620
0.727000, 0.006920, 0.339956, 0.001610
0.728000, 0.006910, 0.338965, 0.001600
0.729000, 0.006900, 0.337976, 0.001590
0.730000, 0.006889, 0.336989, 0.001581
0.731000, 0.006879, 0.336003, 0.001571
0.732000, 0.006869, 0.335020, 0.001561
0.733000, 0.006858, 0.334039, 0.001551
0.734000, 0.006848, 0.333059, 0.001541
0.735000, 0.006838, 0.332082, 0.001532
0.736000, 0.006827, 0.331107, 0.001522
0.737000, 0.006817, 0.330133, 0.001513
0.738000, 0.006807, 0.329162, 0.001503
0.739000, 0.006797, 0.328192, 0.001494
0.740000, 0.006787, 0.327224, 0.001484
0.741000, 0.006776, 0.326259, 0.001475
0.742000, 0.006766, 0.325295, 0.001466
0.743000, 0.006756, 0.324333, 0.001457
0.744000, 0.006746, 0.323373, 0.001448
0.745000, 0.006736, 0.322415, 0.001438
0.746000, 0.006726, 0.321459, 0.001429
0.747000, 0.006715, 0.320505, 0.001420
0.748000, 0.006705, 0.319553, 0.001411
0.749000, 0.006695, 0.318603, 0.001403
0.750000, 0.006685, 0.317655, 0.001394
0.751000, 0.006675, 0.316709, 0.001385
0.752000, 0.006665, 0.315765, 0.001376
0.753000, 0.006655, 0.314823, 0.001368
0.754000, 0.006645, 0.313882, 0.001359
0.755000, 0.006635, 0.312944, 0.001350
0.756000, 0.006625, 0.312008, 0.001342
0.757000, 0.006615, 0.311073, 0.001333
0.758000, 0.006605, 0.310141, 0.001325
0.759000, 0.006595, 0.309211, 0.001317
0.760000, 0.006585, 0.308282, 0.001308
0.761000, 0.006575, 0.307356, 0.001300
0.762000, 0.006565, 0.306431, 0.001292
0.763000, 0.006555, 0.305509, 0.001284
0.764000, 0.006545, 0.304588, 0.001275
0.765000, 0.006535, 0.303669, 0.001267
0.766000, 0.006525, 0.302753, 0.001259
0.767000, 0.006515, 0.301838, 0.001251
0.768000, 0.006506, 0.300925, 0.001243
0.769000, 0.006496, 0.300014, 0.001235
0.770000, 0.006486, 0.299106, 0.001228
0.771000, 0.006476, 0.298199, 0.001220
0.772000, 0.006466, 0.297294, 0.001212
0.773000, 0.006457, 0.296391, 0.001204
0.774000, 0.006447, 0.295490, 0.001197
0.775000, 0.006437, 0.294591, 0.001189
0.776000, 0.006427, 0.293694, 0.001181
0.777000, 0.006418, 0.292799, 0.001174
0.778000, 0.006408, 0.291906, 0.001166
0.779000, 0.006398, 0.291014, 0.001159
0.780000, 0.006388, 0.290125, 0.001152
0.781000, 0.006379, 0.289238, 0.001144
0.782000, 0.006369, 0.288353, 0.001137
0.783000, 0.006360, 0.287469, 0.001130
0.784000, 0.006350, 0.286588, 0.001122
0.785000, 0.006340, 0.285709, 0.001115
0.786000, 0.006331, 0.284831, 0.001108
0.787000, 0.006321, 0.283956, 0.001101
0.788000, 0.006312, 0.283082, 0.001094
0.789000, 0.006302, 0.282211, 0.001087
0.790000, 0.006292, 0.281341, 0.001080
0.791000, 0.006283, 0.280473, 0.001073
0.792000, 0.006273, 0.279608, 0.001066
0.793000, 0.006264, 0.278744, 0.001059
0.794000, 0.006255, 0.277882, 0.001053
0.795000, 0.006245, 0.277022, 0.001046
0.796000, 0.006236, 0.276165, 0.001039
0.797000, 0.006226, 0.275309, 0.001032
0.798000, 0.006217, 0.274455, 0.001026
0.799000, 0.006207, 0.273603, 0.001019
0.800000, 0.006198, 0.272753, 0.001013
0.801000, 0.006189, 0.271904, 0.001006
0.802000, 0.006179, 0.271058, 0.001000
0.803000, 0.006170, 0.270214, 0.000993
0.804000, 0.006161, 0.269372, 0.000987
0.805000, 0.006151, 0.268531, 0.000981
0.806000, 0.006142, 0.267693, 0.000974
0.807000, 0.006133, 0.266856, 0.000968
0.808000, 0.006124, 0.266022, 0.000962
0.809000, 0.006114, 0.265189, 0.000956
0.810000, 0.006105, 0.264359, 0.000949
0.811000, 0.006096, 0.263530, 0.000943
0.812000, 0.006087, 0.262703, 0.000937
0.813000, 0.006078, 0.261878, 0.000931
0.814000, 0.006068, 0.261056, 0.000925
0.815000, 0.006059, 0.260235, 0.000919
0.816000, 0.006050, 0.259416, 0.000913
0.817000, 0.006041, 0.258598, 0.000907
0.818000, 0.006032, 0.257783, 0.000901
0.819000, 0.006023, 0.256970, 0.000896
0.820000, 0.006014, 0.256159, 0.000890
0.821000, 0.006005, 0.255349, 0.000884
0.822000, 0.005996, 0.254542, 0.000878
0.823000, 0.005987, 0.253736, 0.000873
0.824000, 0.005978, 0.252933, 0.000867
0.825000, 0.005969, 0.252131, 0.000861
0.826000, 0.005960, 0.251331, 0.000856
0.827000, 0.005951, 0.250533, 0.000850
0.828000, 0.005942, 0.249737, 0.000845
0.829000, 0.005933, 0.248943, 0.000839
0.830000, 0.005924, 0.248151, 0.000834
0.831000, 0.005916, 0.247361, 0.000828
0.832000, 0.005907, 0.246573, 0.000823
0.833000, 0.005898, 0.245786, 0.000818
0.834000, 0.005889, 0.245002, 0.000812
0.835000, 0.005880, 0.244219, 0.000807
0.836000, 0.005871, 0.243438, 0.000802
0.837000, 0.005863, 0.242660, 0.000797
0.838000, 0.005854, 0.241883, 0.000792
0.839000, 0.005845, 0.241108, 0.000786
0.840000, 0.005837, 0.240335, 0.000781
0.841000, 0.005828, 0.239563, 0.000776
0.842000, 0.005819, 0.238794, 0.000771
0.843000, 0.005811, 0.238027, 0.000766
0.844000, 0.005802, 0.237261, 0.000761
0.845000, 0.005793, 0.236497, 0.000756
0.846000, 0.005785, 0.235736, 0.000751
0.847000, 0.005776, 0.234976, 0.000746
0.848000, 0.005768, 0.234218, 0.000742
0.849000, 0.005759, 0.233462, 0.000737
0.850000, 0.005750, 0.232707, 0.000732
0.851000, 0.005742, 0.231955, 0.000727
0.852000, 0.005733, 0.231205, 0.000722
0.853000, 0.005725, 0.230456, 0.000718
0.854000, 0.005716, 0.229709, 0.000713
0.855000, 0.005708, 0.228964, 0.000708
0.856000, 0.005700, 0.228221, 0.000704
0.857000, 0.005691, 0.227480, 0.000699
0.858000, 0.005683, 0.226741, 0.000695
0.859000, 0.005674, 0.226003, 0.000690
0.860000, 0.005666, 0.225268, 0.000686
0.861000, 0.005658, 0.224534, 0.000681
0.862000, 0.005649, 0.223802, 0.000677
0.863000, 0.005641, 0.223072, 0.000672
0.864000, 0.005633, 0.222344, 0.000668
0.865000, 0.005625, 0.221618, 0.000663
0.866000, 0.005616, 0.220893, 0.000659
0.867000, 0.005608, 0.220171, 0.000655
0.868000, 0.005600, 0.219450, 0.000651
0.869000, 0.005592, 0.218731, 0.000646
0.870000, 0.005584, 0.218014, 0.000642
0.871000, 0.005575, 0.217299, 0.000638
0.872000, 0.005567, 0.216585, 0.000634
0.873000, 0.005559, 0.215873, 0.000629
0.874000, 0.005551, 0.215164, 0.000625
0.875000, 0.005543, 0.214456, 0.000621
0.876000, 0.005535, 0.213750, 0.000617
0.877000, 0.005527, 0.213045, 0.000613
0.878000, 0.005519, 0.212343, 0.000609
0.879000, 0.005511, 0.211642, 0.000605
0.880000, 0.005503, 0.210943, 0.000601
0.881000, 0.005495, 0.210246, 0.000597
0.882000, 0.005487, 0.209551, 0.000593
0.883000, 0.005479, 0.208858, 0.000589
0.884000, 0.005471, 0.208166, 0.000586
0.885000, 0.005463, 0.207476, 0.000582
0.886000, 0.005455, 0.206788, 0.000578
0.887000, 0.005447, 0.206102, 0.000574
0.888000, 0.005439, 0.205417, 0.000570
0.889000, 0.005432, 0.204735, 0.000567
0.890000, 0.005424, 0.204054, 0.000563
0.891000, 0.005416, 0.203375, 0.000559
0.892000, 0.005408, 0.202698, 0.000556
0.893000, 0.005400, 0.202022, 0.000552
0.894000, 0.005393, 0.201348, 0.000548
0.895000, 0.005385, 0.200676, 0.000545
0.896000, 0.005377, 0.200006, 0.000541
0.897000, 0.005370, 0.199338, 0.000538
0.898000, 0.005362, 0.198671, 0.000534
0.899000, 0.005354, 0.198006, 0.000531
0.900000, 0.005347, 0.197343, 0.000527
0.901000, 0.005339, 0.196682, 0.000524
0.902000, 0.005331, 0.196022, 0.000520
0.903000, 0.005324, 0.195365, 0.000517
0.904000, 0.005316, 0.194709, 0.000513
0.905000, 0.005309, 0.194054, 0.000510
0.906000, 0.005301, 0.193402, 0.000507
0.907000, 0.005294, 0.192751, 0.000503
0.908000, 0.005286, 0.192102, 0.000500
0.909000, 0.005279, 0.191455, 0.000497
0.910000, 0.005271, 0.190809, 0.000493
0.911000, 0.005264, 0.190165, 0.000490
0.912000, 0.005256, 0.189523, 0.000487
0.913000, 0.005249, 0.188883, 0.000484
0.914000, 0.005242, 0.188244, 0.000481
0.915000, 0.005234, 0.187607, 0.000477
0.916000, 0.005227, 0.186972, 0.000474
0.917000, 0.005219, 0.186339, 0.000471
0.918000, 0.005212, 0.185707, 0.000468
0.919000, 0.005205, 0.185077, 0.000465
0.920000, 0.005198, 0.184449, 0.000462
0.921000, 0.005190, 0.183822, 0.000459
0.922000, 0.005183, 0.183197, 0.000456
0.923000, 0.005176, 0.182574, 0.000453
0.924000, 0.005169, 0.181953, 0.000450
0.925000, 0.005161, 0.181333, 0.000447
0.926000, 0.005154, 0.180715, 0.000444
0.927000, 0.005147, 0.180098, 0.000441
0.928000, 0.005140, 0.179484, 0.000438
0.929000, 0.005133, 0.178871, 0.000435
0.930000, 0.005126, 0.178259, 0.000432
0.931000, 0.005119, 0.177650, 0.000429
0.932000, 0.005112, 0.177042, 0.000427
0.933000, 0.005105, 0.176436, 0.000424
0.934000, 0.005098, 0.175831, 0.000421
0.935000, 0.005091, 0.175228, 0.000418
0.936000, 0.005084, 0.174627, 0.000415
0.937000, 0.005077, 0.174027, 0.000413
0.938000, 0.005070, 0.173429, 0.000410
0.939000, 0.005063, 0.172833, 0.000407
0.940000, 0.005056, 0.172239, 0.000405
0.941000, 0.005049, 0.171646, 0.000402
0.942000, 0.005042, 0.171054, 0.000399
0.943000, 0.005035, 0.170465, 0.000397
0.944000, 0.005028, 0.169877, 0.000394
0.945000, 0.005021, 0.169290, 0.000391
0.946000, 0.005015, 0.168706, 0.000389
0.947000, 0.005008, 0.168123, 0.000386
0.948000, 0.005001, 0.167541, 0.000384
0.949000, 0.004994, 0.166961, 0.000381
0.950000, 0.004988, 0.166383, 0.000379
0.951000, 0.004981, 0.165807, 0.000376
0.952000, 0.004974, 0.165232, 0.000374
0.953000, 0.004967, 0.164659, 0.000371
0.954000, 0.004961, 0.164087, 0.000369
0.955000, 0.004954, 0.163517, 0.000366
0.956000, 0.004947, 0.162948, 0.000364
0.957000, 0.004941, 0.162382, 0.000361
0.958000, 0.004934, 0.161816, 0.000359
0.959000, 0.004928, 0.161253, 0.000357
0.960000, 0.004921, 0.160691, 0.000354
0.961000, 0.004915, 0.160130, 0.000352
0.962000, 0.004908, 0.159572, 0.000350
0.963000, 0.004901, 0.159014, 0.000347
0.964000, 0.004895, 0.158459, 0.000345
0.965000, 0.004888, 0.157905, 0.000343
0.966000, 0.004882, 0.157352, 0.000341
0.967000, 0.004876, 0.156801, 0.000338
0.968000, 0.004869, 0.156252, 0.000336
0.969000, 0.004863, 0.155704, 0.000334
0.970000, 0.004856, 0.155158, 0.000332
0.971000, 0.004850, 0.154614, 0.000329
0.972000, 0.004844, 0.154071, 0.000327
0.973000, 0.004837, 0.153529, 0.000325
0.974000, 0.004831, 0.152989, 0.000323
0.975000, 0.004825, 0.152451, 0.000321
0.976000, 0.004818, 0.151914, 0.000319
0.977000, 0.004812, 0.151379, 0.000317
0.978000, 0.004806, 0.150845, 0.000314
0.979000, 0.004800, 0.150313, 0.000312
0.980000, 0.004793, 0.149783, 0.000310
0.981000, 0.004787, 0.149253, 0.000308
0.982000, 0.004781, 0.148726, 0.000306
0.983000, 0.004775, 0.148200, 0.000304
0.984000, 0.004769, 0.147676, 0.000302
0.985000, 0.004762, 0.147153, 0.000300
0.986000, 0.004756, 0.146631, 0.000298
0.987000, 0.004750, 0.146111, 0.000296
0.988000, 0.004744, 0.145593, 0.000294
0.989000, 0.004738, 0.145076, 0.000292
0.990000, 0.004732, 0.144561, 0.000290
0.991000, 0.004726, 0.144047, 0.000288
0.992000, 0.004720, 0.143535, 0.000287
0.993000, 0.004714, 0.143024, 0.000285
0.994000, 0.004708, 0.142515, 0.000283
0.995000, 0.004702, 0.142007, 0.000281
0.996000, 0.004696, 0.141500, 0.000279
0.997000, 0.004690, 0.140996, 0.000277
0.998000, 0.004684, 0.140492, 0.000275
0.999000, 0.004678, 0.139990, 0.000274
1.000000, 0.004672, 0.139490, 0.000272
1.001000, 0.004666, 0.138991, 0.000270
1.002000, 0.004661, 0.138494, 0.000268
1.003000, 0.004655, 0.137998, 0.000266
1.004000, 0.004649, 0.137503, 0.000265
1.005000, 0.004643, 0.137010, 0.000263
1.006000, 0.004637, 0.136519, 0.000261
1.007000, 0.004631, 0.136029, 0.000259
1.008000, 0.004626, 0.135540, 0.000258
1.009000, 0.004620, 0.135053, 0.000256
1.010000, 0.004614, 0.134567, 0.000254
1.011000, 0.004609, 0.134083, 0.000253
1.012000, 0.004603, 0.133600, 0.000251
1.013000, 0.004597, 0.133119, 0.000249
1.014000, 0.004592, 0.132639, 0.000248
1.015000, 0.004586, 0.132161, 0.000246
1.016000, 0.004580, 0.131684, 0.000244
1.017000, 0.004575, 0.131208, 0.000243
1.018000, 0.004569, 0.130734, 0.000241
1.019000, 0.004563, 0.130261, 0.000239
1.020000, 0.004558, 0.129790, 0.000238
1.021000, 0.004552, 0.129320, 0.000236
1.022000, 0.004547, 0.128851, 0.000235
1.023000, 0.004541, 0.128384, 0.000233
1.024000, 0.004536, 0.127918, 0.000232
1.025000, 0.004530, 0.127454, 0.000230
1.026000, 0.004525, 0.126991, 0.000229
1.027000, 0.004519, 0.126530, 0.000227
1.028000, 0.004514, 0.126070, 0.000226
1.029000, 0.004509, 0.125611, 0.000224
1.030000, 0.004503, 0.125154, 0.000223
1.031000, 0.004498, 0.124698, 0.000221
1.032000, 0.004492, 0.124243, 0.000220
1.033000, 0.004487, 0.123790, 0.000218
1.034000, 0.004482, 0.123339, 0.000217
1.035000, 0.004476, 0.122888, 0.000215
1.036000, 0.004471, 0.122439, 0.000214
1.037000, 0.004466, 0.121992, 0.000212
1.038000, 0.004460, 0.121545, 0.000211
1.039000, 0.004455, 0.121100, 0.000210
1.040000, 0.004450, 0.120657, 0.000208
1.041000, 0.004445, 0.120215, 0.000207
1.042000, 0.004439, 0.119774, 0.000206
1.043000, 0.004434, 0.119334, 0.000204
1.044000, 0.004429, 0.118896, 0.000203
1.045000, 0.004424, 0.118460, 0.000201
1.046000, 0.004419, 0.118024, 0.000200
1.047000, 0.004414, 0.117590, 0.000199
1.048000, 0.004408, 0.117157, 0.000198
1.049000, 0.004403, 0.116726, 0.000196
1.050000, 0.004398, 0.116296, 0.000195
1.051000, 0.004393, 0.115867, 0.000194
1.052000, 0.004388, 0.115440, 0.000192
1.053000, 0.004383, 0.115014, 0.000191
1.054000, 0.004378, 0.114589, 0.000190
1.055000, 0.004373, 0.114165, 0.000189
1.056000, 0.004368, 0.113743, 0.000187
1.057000, 0.004363, 0.113322, 0.000186
1.058000, 0.004358, 0.112903, 0.000185
1.059000, 0.004353, 0.112485, 0.000184
1.060000, 0.004348, 0.112068, 0.000182
1.061000, 0.004343, 0.111652, 0.000181
1.062000, 0.004338, 0.111238, 0.000180
1.063000, 0.004333, 0.110825, 0.000179
1.064000, 0.004328, 0.110413, 0.000178
1.065000, 0.004324, 0.110002, 0.000176
1.066000, 0.004319, 0.109593, 0.000175
1.067000, 0.004314, 0.109185, 0.000174
1.068000, 0.004309, 0.108779, 0.000173
1.069000, 0.004304, 0.108373, 0.000172
1.070000, 0.004299, 0.107969, 0.000171
1.071000, 0.004295, 0.107567, 0.000170
1.072000, 0.004290, 0.107165, 0.000168
1.073000, 0.004285, 0.106765, 0.000167
1.074000, 0.004280, 0.106366, 0.000166
1.075000, 0.004276, 0.105968, 0.000165
1.076000, 0.004271, 0.105572, 0.000164
1.077000, 0.004266, 0.105176, 0.000163
1.078000, 0.004262, 0.104782, 0.000162
1.079000, 0.004257, 0.104390, 0.000161
1.080000, 0.004252, 0.103998, 0.000160
1.081000, 0.004248, 0.103608, 0.000159
1.082000, 0.004243, 0.103219, 0.000158
1.083000, 0.004238, 0.102831, 0.000157
1.084000, 0.004234, 0.102444, 0.000155
1.085000, 0.004229, 0.102059, 0.000154
1.086000, 0.004225, 0.101675, 0.000153
1.087000, 0.004220, 0.101292, 0.000152
1.088000, 0.004216, 0.100910, 0.000151
1.089000, 0.004211, 0.100530, 0.000150
1.090000, 0.004206, 0.100151, 0.000149
1.091000, 0.004202, 0.099772, 0.000148
1.092000, 0.004198, 0.099396, 0.000147
1.093000, 0.004193, 0.099020, 0.000146
1.094000, 0.004189, 0.098646, 0.000145
1.095000, 0.004184, 0.098272, 0.000145
1.096000, 0.004180, 0.097900, 0.000144
1.097000, 0.004175, 0.097529, 0.000143
1.098000, 0.004171, 0.097160, 0.000142
1.099000, 0.004167, 0.096791, 0.000141
1.100000, 0.004162, 0.096424, 0.000140
1.101000, 0.004158, 0.096058, 0.000139
1.102000, 0.004153, 0.095693, 0.000138
1.103000, 0.004149, 0.095329, 0.000137
1.104000, 0.004145, 0.094967, 0.000136
1.105000, 0.004140, 0.094605, 0.000135
1.106000, 0.004136, 0.094245, 0.000134
1.107000, 0.004132, 0.093886, 0.000133
1.108000, 0.004128, 0.093528, 0.000133
1.109000, 0.004123, 0.093171, 0.000132
1.110000, 0.004119, 0.092816, 0.000131
1.111000, 0.004115, 0.092461, 0.000130
1.112000, 0.004111, 0.092108, 0.000129
1.113000, 0.004107, 0.091756, 0.000128
1.114000, 0.004102, 0.091405, 0.000127
1.115000, 0.004098, 0.091055, 0.000127
1.116000, 0.004094, 0.090706, 0.000126
1.117000, 0.004090, 0.090358, 0.000125
1.118000, 0.004086, 0.090012, 0.000124
1.119000, 0.004082, 0.089666, 0.000123
1.120000, 0.004078, 0.089322, 0.000122
1.121000, 0.004073, 0.088979, 0.000122
1.122000, 0.004069, 0.088637, 0.000121
1.123000, 0.004065, 0.088296, 0.000120
1.124000, 0.004061, 0.087957, 0.000119
1.125000, 0.004057, 0.087618, 0.000118
1.126000, 0.004053, 0.087280, 0.000118
1.127000, 0.004049, 0.086944, 0.000117
1.128000, 0.004045, 0.086609, 0.000116
1.129000, 0.004041, 0.086274, 0.000115
1.130000, 0.004037, 0.085941, 0.000115
1.131000, 0.004033, 0.085609, 0.000114
1.132000, 0.004029, 0.085278, 0.000113
1.133000, 0.004025, 0.084948, 0.000112
1.134000, 0.004021, 0.084620, 0.000112
1.135000, 0.004017, 0.084292, 0.000111
1.136000, 0.004014, 0.083965, 0.000110
1.137000, 0.004010, 0.083640, 0.000109
1.138000, 0.004006, 0.083315, 0.000109
1.139000, 0.004002, 0.082992, 0.000108
1.140000, 0.003998, 0.082670, 0.000107
1.141000, 0.003994, 0.082348, 0.000106
1.142000, 0.003990, 0.082028, 0.000106
1.143000, 0.003987, 0.081709, 0.000105
1.144000, 0.003983, 0.081391, 0.000104
1.145000, 0.003979, 0.081074, 0.000104
1.146000, 0.003975, 0.080758, 0.000103
1.147000, 0.003972, 0.080443, 0.000102
1.148000, 0.003968, 0.080129, 0.000102
1.149000, 0.003964, 0.079817, 0.000101
1.150000, 0.003960, 0.079505, 0.000100
1.151000, 0.003957, 0.079194, 0.000100
1.152000, 0.003953, 0.078884, 0.000099
1.153000, 0.003949, 0.078576, 0.000098
1.154000, 0.003946, 0.078268, 0.000098
1.155000, 0.003942, 0.077961, 0.000097
1.156000, 0.003938, 0.077656, 0.000096
1.157000, 0.003935, 0.077351, 0.000096
1.158000, 0.003931, 0.077048, 0.000095
1.159000, 0.003927, 0.076745, 0.000094
1.160000, 0.003924, 0.076444, 0.000094
1.161000, 0.003920, 0.076143, 0.000093
1.162000, 0.003917, 0.075844, 0.000093
1.163000, 0.003913, 0.075545, 0.000092
1.164000, 0.003909, 0.075248, 0.000091
1.165000, 0.003906, 0.074951, 0.000091
1.166000, 0.003902, 0.074656, 0.000090
1.167000, 0.003899, 0.074361, 0.000090
1.168000, 0.003895, 0.074068, 0.000089
1.169000, 0.003892, 0.073775, 0.000088
1.170000, 0.003888, 0.073484, 0.000088
1.171000, 0.003885, 0.073193, 0.000087
1.172000, 0.003881, 0.072904, 0.000087
1.173000, 0.003878, 0.072615, 0.000086
1.174000, 0.003875, 0.072328, 0.000086
1.175000, 0.003871, 0.072041, 0.000085
1.176000, 0.003868, 0.071756, 0.000084
1.177000, 0.003864, 0.071471, 0.000084
1.178000, 0.003861, 0.071187, 0.000083
1.179000, 0.003857, 0.070904, 0.000083
1.180000, 0.003854, 0.070623, 0.000082
1.181000, 0.003851, 0.070342, 0.000082
1.182000, 0.003847, 0.070062, 0.000081
1.183000, 0.003844, 0.069783, 0.000081
1.184000, 0.003841, 0.069505, 0.000080
1.185000, 0.003837, 0.069228, 0.000079
1.186000, 0.003834, 0.068952, 0.000079
1.187000, 0.003831, 0.068677, 0.000078
1.188000, 0.003828, 0.068403, 0.000078
1.189000, 0.003824, 0.068129, 0.000077
1.190000, 0.003821, 0.067857, 0.000077
1.191000, 0.003818, 0.067586, 0.000076
1.192000, 0.003815, 0.067315, 0.000076
1.193000, 0.003811, 0.067046, 0.000075
1.194000, 0.003808, 0.066777, 0.000075
1.195000, 0.003805, 0.066510, 0.000074
1.196000, 0.003802, 0.066243, 0.000074
1.197000, 0.003799, 0.065977, 0.000073
1.198000, 0.003795, 0.065712, 0.000073
1.199000, 0.003792, 0.065448, 0.000072
1.200000, 0.003789, 0.065185, 0.000072
1.201000, 0.003786, 0.064923, 0.000071
1.202000, 0.003783, 0.064661, 0.000071
1.203000, 0.003780, 0.064401, 0.000071
1.204000, 0.003777, 0.064142, 0.000070
1.205000, 0.003773, 0.063883, 0.000070
1.206000, 0.003770, 0.063625, 0.000069
1.207000, 0.003767, 0.063369, 0.000069
1.208000, 0.003764, 0.063113, 0.000068
1.209000, 0.003761, 0.062858, 0.000068
1.210000, 0.003758, 0.062603, 0.000067
1.211000, 0.003755, 0.062350, 0.000067
1.212000, 0.003752, 0.062098, 0.000066
1.213000, 0.003749, 0.061846, 0.000066
1.214000, 0.003746, 0.061596, 0.000066
1.215000, 0.003743, 0.061346, 0.000065
1.216000, 0.003740, 0.061097, 0.000065
1.217000, 0.003737, 0.060849, 0.000064
1.218000, 0.003734, 0.060602, 0.000064
1.219000, 0.003731, 0.060356, 0.000063
1.220000, 0.003728, 0.060110, 0.000063
1.221000, 0.003725, 0.059866, 0.000063
1.222000, 0.003722, 0.059622, 0.000062
1.223000, 0.003719, 0.059379, 0.000062
1.224000, 0.003717, 0.059137, 0.000061
1.225000, 0.003714, 0.058896, 0.000061
1.226000, 0.003711, 0.058655, 0.000061
1.227000, 0.003708, 0.058416, 0.000060
1.228000, 0.003705, 0.058177, 0.000060
1.229000, 0.003702, 0.057939, 0.000059
1.230000, 0.003699, 0.057702, 0.000059
1.231000, 0.003697, 0.057466, 0.000059
1.232000, 0.003694, 0.057231, 0.000058
1.233000, 0.003691, 0.056997, 0.000058
1.234000, 0.003688, 0.056763, 0.000057
1.235000, 0.003685, 0.056530, 0.000057
1.236000, 0.003683, 0.056298, 0.000057
1.237000, 0.003680, 0.056067, 0.000056
1.238000, 0.003677, 0.055836, 0.000056
1.239000, 0.003674, 0.055607, 0.000056
1.240000, 0.003671, 0.055378, 0.000055
1.241000, 0.003669, 0.055150, 0.000055
1.242000, 0.003666, 0.054923, 0.000054
1.243000, 0.003663, 0.054697, 0.000054
1.244000, 0.003661, 0.054471, 0.000054
1.245000, 0.003658, 0.054246, 0.000053
1.246000, 0.003655, 0.054023, 0.000053
1.247000, 0.003653, 0.053799, 0.000053
1.248000, 0.003650, 0.053577, 0.000052
1.249000, 0.003647, 0.053355, 0.000052
1.250000, 0.003645, 0.053135, 0.000052
1.251000, 0.003642, 0.052915, 0.000051
1.252000, 0.003639, 0.052696, 0.000051
1.253000, 0.003637, 0.052477, 0.000051
1.254000, 0.003634, 0.052259, 0.000050
1.255000, 0.003631, 0.052043, 0.000050
1.256000, 0.003629, 0.051826, 0.000050
1.257000, 0.003626, 0.051611, 0.000049
1.258000, 0.003624, 0.051397, 0.000049
1.259000, 0.003621, 0.051183, 0.000049
1.260000, 0.003619, 0.050970, 0.000048
1.261000, 0.003616, 0.050758, 0.000048
1.262000, 0.003614, 0.050546, 0.000048
1.263000, 0.003611, 0.050335, 0.000047
1.264000, 0.003608, 0.050125, 0.000047
1.265000, 0.003606, 0.049916, 0.000047
1.266000, 0.003603, 0.049708, 0.000046
1.267000, 0.003601, 0.049500, 0.000046
1.268000, 0.003598, 0.049293, 0.000046
1.269000, 0.003596, 0.049087, 0.000046
1.270000, 0.003594, 0.048881, 0.000045
1.271000, 0.003591, 0.048676, 0.000045
1.272000, 0.003589, 0.048472, 0.000045
1.273000, 0.003586, 0.048269, 0.000044
1.274000, 0.003584, 0.048067, 0.000044
1.275000, 0.003581, 0.047865, 0.000044
1.276000, 0.003579, 0.047664, 0.000043
1.277000, 0.003577, 0.047463, 0.000043
1.278000, 0.003574, 0.047264, 0.000043
1.279000, 0.003572, 0.047065, 0.000043
1.280000, 0.003569, 0.046867, 0.000042
1.281000, 0.003567, 0.046669, 0.000042
1.282000, 0.003565, 0.046472, 0.000042
1.283000, 0.003562, 0.046276, 0.000041
1.284000, 0.003560, 0.046081, 0.000041
1.285000, 0.003558, 0.045886, 0.000041
1.286000, 0.003555, 0.045693, 0.000041
1.287000, 0.003553, 0.045499, 0.000040
1.288000, 0.003551, 0.045307, 0.000040
1.289000, 0.003548, 0.045115, 0.000040
1.290000, 0.003546, 0.044924, 0.000040
1.291000, 0.003544, 0.044734, 0.000039
1.292000, 0.003541, 0.044544, 0.000039
1.293000, 0.003539, 0.044355, 0.000039
1.294000, 0.003537, 0.044166, 0.000039
1.295000, 0.003535, 0.043979, 0.000038
1.296000, 0.003532, 0.043792, 0.000038
1.297000, 0.003530, 0.043606, 0.000038
1.298000, 0.003528, 0.043420, 0.000038
1.299000, 0.003526, 0.043235, 0.000037
1.300000, 0.003524, 0.043051, 0.000037
1.301000, 0.003521, 0.042867, 0.000037
1.302000, 0.003519, 0.042684, 0.000037
1.303000, 0.003517, 0.042502, 0.000036
1.304000, 0.003515, 0.042321, 0.000036
1.305000, 0.003513, 0.042140, 0.000036
1.306000, 0.003510, 0.041960, 0.000036
1.307000, 0.003508, 0.041780, 0.000035
1.308000, 0.003506, 0.041601, 0.000035
1.309000, 0.003504, 0.041423, 0.000035
1.310000, 0.003502, 0.041245, 0.000035
1.311000, 0.003500, 0.041069, 0.000034
1.312000, 0.003498, 0.040892, 0.000034
1.313000, 0.003495, 0.040717, 0.000034
1.314000, 0.003493, 0.040542, 0.000034
1.315000, 0.003491, 0.040367, 0.000034
1.316000, 0.003489, 0.040194, 0.000033
1.317000, 0.003487, 0.040021, 0.000033
1.318000, 0.003485, 0.039848, 0.000033
1.319000, 0.003483, 0.039677, 0.000033
1.320000, 0.003481, 0.039506, 0.000032
1.321000, 0.003479, 0.039335, 0.000032
1.322000, 0.003477, 0.039165, 0.000032
1.323000, 0.003475, 0.038996, 0.000032
1.324000, 0.003473, 0.038828, 0.000032
1.325000, 0.003471, 0.038660, 0.000031
1.326000, 0.003469, 0.038492, 0.000031
1.327000, 0.003467, 0.038326, 0.000031
1.328000, 0.003465, 0.038160, 0.000031
1.329000, 0.003463, 0.037994, 0.000031
1.330000, 0.003461, 0.037829, 0.000030
1.331000, 0.003459, 0.037665, 0.000030
1.332000, 0.003457, 0.037501, 0.000030
1.333000, 0.003455, 0.037338, 0.000030
1.334000, 0.003453, 0.037176, 0.000030
1.335000, 0.003451, 0.037014, 0.000029
1.336000, 0.003449, 0.036853, 0.000029
1.337000, 0.003447, 0.036693, 0.000029
1.338000, 0.003445, 0.036533, 0.000029
1.339000, 0.003443, 0.036373, 0.000029
1.340000, 0.003441, 0.036214, 0.000028
1.341000, 0.003439, 0.036056, 0.000028
1.342000, 0.003438, 0.035899, 0.000028
1.343000, 0.003436, 0.035742, 0.000028
1.344000, 0.003434, 0.035585, 0.000028
1.345000, 0.003432, 0.035429, 0.000027
1.346000, 0.003430, 0.035274, 0.000027
1.347000, 0.003428, 0.035120, 0.000027
1.348000, 0.003426, 0.034966, 0.000027
1.349000, 0.003425, 0.034812, 0.000027
1.350000, 0.003423, 0.034659, 0.000027
1.351000, 0.003421, 0.034507, 0.000026
1.352000, 0.003419, 0.034355, 0.000026
1.353000, 0.003417, 0.034204, 0.000026
1.354000, 0.003415, 0.034053, 0.000026
1.355000, 0.003414, 0.033903, 0.000026
1.356000, 0.003412, 0.033754, 0.000026
1.357000, 0.003410, 0.033605, 0.000025
1.358000, 0.003408, 0.033457, 0.000025
1.359000, 0.003406, 0.033309, 0.000025
1.360000, 0.003405, 0.033162, 0.000025
1.361000, 0.003403, 0.033015, 0.000025
1.362000, 0.003401, 0.032869, 0.000025
1.363000, 0.003399, 0.032724, 0.000024
1.364000, 0.003398, 0.032579, 0.000024
1.365000, 0.003396, 0.032434, 0.000024
1.366000, 0.003394, 0.032290, 0.000024
1.367000, 0.003392, 0.032147, 0.000024
1.368000, 0.003391, 0.032004, 0.000024
1.369000, 0.003389, 0.031862, 0.000023
1.370000, 0.003387, 0.031720, 0.000023
1.371000, 0.003386, 0.031579, 0.000023
1.372000, 0.003384, 0.031439, 0.000023
1.373000, 0.003382, 0.031299, 0.000023
1.374000, 0.003381, 0.031159, 0.000023
1.375000, 0.003379, 0.031020, 0.000022
1.376000, 0.003377, 0.030882, 0.000022
1.377000, 0.003376, 0.030744, 0.000022
1.378000, 0.003374, 0.030606, 0.000022
1.379000, 0.003372, 0.030469, 0.000022
1.380000, 0.003371, 0.030333, 0.000022
1.381000, 0.003369, 0.030197, 0.000022
1.382000, 0.003367, 0.030062, 0.000021
1.383000, 0.003366, 0.029927, 0.000021
1.384000, 0.003364, 0.029793, 0.000021
1.385000, 0.003363, 0.029659, 0.000021
1.386000, 0.003361, 0.029526, 0.000021
1.387000, 0.003359, 0.029393, 0.000021
1.388000, 0.003358, 0.029261, 0.000021
1.389000, 0.003356, 0.029129, 0.000020
1.390000, 0.003355, 0.028998, 0.000020
1.391000, 0.003353, 0.028868, 0.000020
1.392000, 0.003351, 0.028737, 0.000020
1.393000, 0.003350, 0.028608, 0.000020
1.394000, 0.003348, 0.028479, 0.000020
1.395000, 0.003347, 0.028350, 0.000020
1.396000, 0.003345, 0.028222, 0.000020
1.397000, 0.003344, 0.028094, 0.000019
1.398000, 0.003342, 0.027967, 0.000019
1.399000, 0.003341, 0.027840, 0.000019
1.400000, 0.003339, 0.027714, 0.000019
1.401000, 0.003338, 0.027588, 0.000019
1.402000, 0.003336, 0.027463, 0.000019
1.403000, 0.003335, 0.027339, 0.000019
1.404000, 0.003333, 0.027214, 0.000019
1.405000, 0.003332, 0.027091, 0.000018
1.406000, 0.003330, 0.026967, 0.000018
1.407000, 0.003329, 0.026845, 0.000018
1.408000, 0.003327, 0.026722, 0.000018
1.409000, 0.003326, 0.026600, 0.000018
1.410000, 0.003324, 0.026479, 0.000018
1.411000, 0.003323, 0.026358, 0.000018
1.412000, 0.003321, 0.026238, 0.000018
1.413000, 0.003320, 0.026118, 0.000017
1.414000, 0.003319, 0.025998, 0.000017
1.415000, 0.003317, 0.025879, 0.000017
1.416000, 0.003316, 0.025761, 0.000017
1.417000, 0.003314, 0.025643, 0.000017
1.418000, 0.003313, 0.025525, 0.000017
1.419000, 0.003311, 0.025408, 0.000017
1.420000, 0.003310, 0.025292, 0.000017
1.421000, 0.003309, 0.025175, 0.000017
1.422000, 0.003307, 0.025060, 0.000016
1.423000, 0.003306, 0.024944, 0.000016
1.424000, 0.003304, 0.024829, 0.000016
1.425000, 0.003303, 0.024715, 0.000016
1.426000, 0.003302, 0.024601, 0.000016
1.427000, 0.003300, 0.024488, 0.000016
1.428000, 0.003299, 0.024375, 0.000016
1.429000, 0.003298, 0.024262, 0.000016
1.430000, 0.003296, 0.024150, 0.000016
1.431000, 0.003295, 0.024038, 0.000015
1.432000, 0.003294, 0.023927, 0.000015
1.433000, 0.003292, 0.023816, 0.000015
1.434000, 0.003291, 0.023706, 0.000015
1.435000, 0.003290, 0.023596, 0.000015
1.436000, 0.003288, 0.023486, 0.000015
1.437000, 0.003287, 0.023377, 0.000015
1.438000, 0.003286, 0.023269, 0.000015
1.439000, 0.003284, 0.023160, 0.000015
1.440000, 0.003283, 0.023053, 0.000015
1.441000, 0.003282, 0.022945, 0.000014
1.442000, 0.003281, 0.022838, 0.000014
1.443000, 0.003279, 0.022732, 0.000014
1.444000, 0.003278, 0.022626, 0.000014
1.445000, 0.003277, 0.022520, 0.000014
1.446000, 0.003275, 0.022415, 0.000014
1.447000, 0.003274, 0.022310, 0.000014
1.448000, 0.003273, 0.022206, 0.000014
1.449000, 0.003272, 0.022102, 0.000014
1.450000, 0.003270, 0.021998, 0.000014
1.451000, 0.003269, 0.021895, 0.000014
1.452000, 0.003268, 0.021792, 0.000013
1.453000, 0.003267, 0.021690, 0.000013
1.454000, 0.003265, 0.021588, 0.000013
1.455000, 0.003264, 0.021487, 0.000013
1.456000, 0.003263, 0.021385, 0.000013
1.457000, 0.003262, 0.021285, 0.000013
1.458000, 0.003261, 0.021184, 0.000013
1.459000, 0.003259, 0.021085, 0.000013
1.460000, 0.003258, 0.020985, 0.000013
1.461000, 0.003257, 0.020886, 0.000013
1.462000, 0.003256, 0.020787, 0.000013
1.463000, 0.003255, 0.020689, 0.000012
1.464000, 0.003253, 0.020591, 0.000012
1.465000, 0.003252, 0.020494, 0.000012
1.466000, 0.003251, 0.020397, 0.000012
1.467000, 0.003250, 0.020300, 0.000012
1.468000, 0.003249, 0.020204, 0.000012
1.469000, 0.003248, 0.020108, 0.000012
1.470000, 0.003247, 0.020012, 0.000012
1.471000, 0.003245, 0.019917, 0.000012
1.472000, 0.003244, 0.019822, 0.000012
1.473000, 0.003243, 0.019728, 0.000012
1.474000, 0.003242, 0.019634, 0.000012
1.475000, 0.003241, 0.019540, 0.000012
1.476000, 0.003240, 0.019447, 0.000011
1.477000, 0.003239, 0.019354, 0.000011
1.478000, 0.003237, 0.019262, 0.000011
1.479000, 0.003236, 0.019170, 0.000011
1.480000, 0.003235, 0.019078, 0.000011
1.481000, 0.003234, 0.018987, 0.000011
1.482000, 0.003233, 0.018896, 0.000011
1.483000, 0.003232, 0.018805, 0.000011
1.484000, 0.003231, 0.018715, 0.000011
1.485000, 0.003230, 0.018625, 0.000011
1.486000, 0.003229, 0.018535, 0.000011
1.487000, 0.003228, 0.018446, 0.000011
1.488000, 0.003227, 0.018358, 0.000011
1.489000, 0.003226, 0.018269, 0.000010
1.490000, 0.003224, 0.018181, 0.000010
1.491000, 0.003223, 0.018093, 0.000010
1.492000, 0.003222, 0.018006, 0.000010
1.493000, 0.003221, 0.017919, 0.000010
1.494000, 0.003220, 0.017833, 0.000010
1.495000, 0.003219, 0.017746, 0.000010
1.496000, 0.003218, 0.017660, 0.000010
1.497000, 0.003217, 0.017575, 0.000010
1.498000, 0.003216, 0.017490, 0.000010
1.499000, 0.003215, 0.017405, 0.000010
1.500000, 0.003214, 0.017320, 0.000010
1.501000, 0.003213, 0.017236, 0.000010
1.502000, 0.003212, 0.017152, 0.000010
1.503000, 0.003211, 0.017069, 0.000010
1.504000, 0.003210, 0.016986, 0.000009
1.505000, 0.003209, 0.016903, 0.000009
1.506000, 0.003208, 0.016821, 0.000009
1.507000, 0.003207, 0.016738, 0.000009
1.508000, 0.003206, 0.016657, 0.000009
1.509000, 0.003205, 0.016575, 0.000009
1.510000, 0.003204, 0.016494, 0.000009
1.511000, 0.003203, 0.016414, 0.000009
1.512000, 0.003202, 0.016333, 0.000009
1.513000, 0.003201, 0.016253, 0.000009
1.514000, 0.003200, 0.016173, 0.000009
1.515000, 0.003199, 0.016094, 0.000009
1.516000, 0.003198, 0.016015, 0.000009
1.517000, 0.003197, 0.015936, 0.000009
1.518000, 0.003196, 0.015858, 0.000009
1.519000, 0.003196, 0.015780, 0.000009
1.520000, 0.003195, 0.015702, 0.000009
1.521000, 0.003194, 0.015624, 0.000008
1.522000, 0.003193, 0.015547, 0.000008
1.523000, 0.003192, 0.015470, 0.000008
1.524000, 0.003191, 0.015394, 0.000008
1.525000, 0.003190, 0.015318, 0.000008
1.526000, 0.003189, 0.015242, 0.000008
1.527000, 0.003188, 0.015166, 0.000008
1.528000, 0.003187, 0.015091, 0.000008
1.529000, 0.003186, 0.015016, 0.000008
1.530000, 0.003185, 0.014942, 0.000008
1.531000, 0.003185, 0.014868, 0.000008
1.532000, 0.003184, 0.014794, 0.000008
1.533000, 0.003183, 0.014720, 0.000008
1.534000, 0.003182, 0.014647, 0.000008
1.535000, 0.003181, 0.014574, 0.000008
1.536000, 0.003180, 0.014501, 0.000008
1.537000, 0.003179, 0.014428, 0.000008
1.538000, 0.003178, 0.014356, 0.000008
1.539000, 0.003178, 0.014285, 0.000007
1.540000, 0.003177, 0.014213, 0.000007
1.541000, 0.003176, 0.014142, 0.000007
1.542000, 0.003175, 0.014071, 0.000007
1.543000, 0.003174, 0.014000, 0.000007
1.544000, 0.003173, 0.013930, 0.000007
1.545000, 0.003172, 0.013860, 0.000007
1.546000, 0.003172, 0.013790, 0.000007
1.547000, 0.003171, 0.013721, 0.000007
1.548000, 0.003170, 0.013652, 0.000007
1.549000, 0.003169, 0.013583, 0.000007
1.550000, 0.003168, 0.013514, 0.000007
1.551000, 0.003167, 0.013446, 0.000007
1.552000, 0.003167, 0.013378, 0.000007
1.553000, 0.003166, 0.013311, 0.000007
1.554000, 0.003165, 0.013243, 0.000007
1.555000, 0.003164, 0.013176, 0.000007
1.556000, 0.003163, 0.013109, 0.000007
1.557000, 0.003163, 0.013043, 0.000007
1.558000, 0.003162, 0.012977, 0.000007
1.559000, 0.003161, 0.012911, 0.000007
1.560000, 0.003160, 0.012845, 0.000006
1.561000, 0.003159, 0.012780, 0.000006
1.562000, 0.003159, 0.012714, 0.000006
1.563000, 0.003158, 0.012650, 0.000006
1.564000, 0.003157, 0.012585, 0.000006
1.565000, 0.003156, 0.012521, 0.000006
1.566000, 0.003156, 0.012457, 0.000006
1.567000, 0.003155, 0.012393, 0.000006
1.568000, 0.003154, 0.012329, 0.000006
1.569000, 0.003153, 0.012266, 0.000006
1.570000, 0.003152, 0.012203, 0.000006
1.571000, 0.003152, 0.012141, 0.000006
1.572000, 0.003151, 0.012078, 0.000006
1.573000, 0.003150, 0.012016, 0.000006
1.574000, 0.003149, 0.011954, 0.000006
1.575000, 0.003149, 0.011893, 0.000006
1.576000, 0.003148, 0.011831, 0.000006
1.577000, 0.003147, 0.011770, 0.000006
1.578000, 0.003147, 0.011710, 0.000006
1.579000, 0.003146, 0.011649, 0.000006
1.580000, 0.003145, 0.011589, 0.000006
1.581000, 0.003144, 0.011529, 0.000006
1.582000, 0.003144, 0.011469, 0.000006
1.583000, 0.003143, 0.011410, 0.000006
1.584000, 0.003142, 0.011350, 0.000005
1.585000, 0.003142, 0.011291, 0.000005
1.586000, 0.003141, 0.011233, 0.000005
1.587000, 0.003140, 0.011174, 0.000005
1.588000, 0.003139, 0.011116, 0.000005
1.589000, 0.003139, 0.011058, 0.000005
1.590000, 0.003138, 0.011000, 0.000005
1.591000, 0.003137, 0.010943, 0.000005
1.592000, 0.003137, 0.010886, 0.000005
1.593000, 0.003136, 0.010829, 0.000005
1.594000, 0.003135, 0.010772, 0.000005
1.595000, 0.003135, 0.010716, 0.000005
1.596000, 0.003134, 0.010659, 0.000005
1.597000, 0.003133, 0.010603, 0.000005
1.598000, 0.003133, 0.010548, 0.000005
1.599000, 0.003132, 0.010492, 0.000005
1.600000, 0.003131, 0.010437, 0.000005
1.601000, 0.003131, 0.010382, 0.000005
1.602000, 0.003130, 0.010327, 0.000005
1.603000, 0.003129, 0.010273, 0.000005
1.604000, 0.003129, 0.010218, 0.000005
1.605000, 0.003128, 0.010164, 0.000005
1.606000, 0.003127, 0.010110, 0.000005
1.607000, 0.003127, 0.010057, 0.000005
1.608000, 0.003126, 0.010004, 0.000005
1.609000, 0.003125, 0.009950, 0.000005
1.610000, 0.003125, 0.009898, 0.000005
1.611000, 0.003124, 0.009845, 0.000005
1.612000, 0.003123, 0.009793, 0.000005
1.613000, 0.003123, 0.009740, 0.000005
1.614000, 0.003122, 0.009688, 0.000004
1.615000, 0.003122, 0.009637, 0.000004
1.616000, 0.003121, 0.009585, 0.000004
1.617000, 0.003120, 0.009534, 0.000004
1.618000, 0.003120, 0.009483, 0.000004
1.619000, 0.003119, 0.009432, 0.000004
1.620000, 0.003119, 0.009382, 0.000004
1.621000, 0.003118, 0.009331, 0.000004
1.622000, 0.003117, 0.009281, 0.000004
1.623000, 0.003117, 0.009231, 0.000004
1.624000, 0.003116, 0.009181, 0.000004
1.625000, 0.003116, 0.009132, 0.000004
1.626000, 0.003115, 0.009083, 0.000004
1.627000, 0.003114, 0.009034, 0.000004
1.628000, 0.003114, 0.008985, 0.000004
1.629000, 0.003113, 0.008936, 0.000004
1.630000, 0.003113, 0.008888, 0.000004
1.631000, 0.003112, 0.008840, 0.000004
1.632000, 0.003111, 0.008792, 0.000004
1.633000, 0.003111, 0.008744, 0.000004
1.634000, 0.003110, 0.008696, 0.000004
1.635000, 0.003110, 0.008649, 0.000004
1.636000, 0.003109, 0.008602, 0.000004
1.637000, 0.003109, 0.008555, 0.000004
1.638000, 0.003108, 0.008508, 0.000004
1.639000, 0.003107, 0.008462, 0.000004
1.640000, 0.003107, 0.008416, 0.000004
1.641000, 0.003106, 0.008370, 0.000004
1.642000, 0.003106, 0.008324, 0.000004
1.643000, 0.003105, 0.008278, 0.000004
1.644000, 0.003105, 0.008233, 0.000004
1.645000, 0.003104, 0.008187, 0.000004
1.646000, 0.003104, 0.008142, 0.000004
1.647000, 0.003103, 0.008098, 0.000004
1.648000, 0.003103, 0.008053, 0.000004
1.649000, 0.003102, 0.008009, 0.000004
1.650000, 0.003101, 0.007964, 0.000003
1.651000, 0.003101, 0.007920, 0.000003
1.652000, 0.003100, 0.007876, 0.000003
1.653000, 0.003100, 0.007833, 0.000003
1.654000, 0.003099, 0.007789, 0.000003
1.655000, 0.003099, 0.007746, 0.000003
1.656000, 0.003098, 0.007703, 0.000003
1.657000, 0.003098, 0.007660, 0.000003
1.658000, 0.003097, 0.007618, 0.000003
1.659000, 0.003097, 0.007575, 0.000003
1.660000, 0.003096, 0.007533, 0.000003
1.661000, 0.003096, 0.007491, 0.000003
1.662000, 0.003095, 0.007449, 0.000003
1.663000, 0.003095, 0.007407, 0.000003
1.664000, 0.003094, 0.007366, 0.000003
1.665000, 0.003094, 0.007324, 0.000003
1.666000, 0.003093, 0.007283, 0.000003
1.667000, 0.003093, 0.007242, 0.000003
1.668000, 0.003092, 0.007201, 0.000003
1.669000, 0.003092, 0.007161, 0.000003
1.670000, 0.003091, 0.007121, 0.000003
1.671000, 0.003091, 0.007080, 0.000003
1.672000, 0.003090, 0.007040, 0.000003
1.673000, 0.003090, 0.007000, 0.000003
1.674000, 0.003089, 0.006961, 0.000003
1.675000, 0.003089, 0.006921, 0.000003
1.676000, 0.003088, 0.006882, 0.000003
1.677000, 0.003088, 0.006843, 0.000003
1.678000, 0.003087, 0.006804, 0.000003
1.679000, 0.003087, 0.006765, 0.000003
1.680000, 0.003087, 0.006727, 0.000003
1.681000, 0.003086, 0.006688, 0.000003
1.682000, 0.003086, 0.006650, 0.000003
1.683000, 0.003085, 0.006612, 0.000003
1.684000, 0.003085, 0.006574, 0.000003
1.685000, 0.003084, 0.006536, 0.000003
1.686000, 0.003084, 0.006499, 0.000003
1.687000, 0.003083, 0.006462, 0.000003
1.688000, 0.003083, 0.006424, 0.000003
1.689000, 0.003082, 0.006387, 0.000003
1.690000, 0.003082, 0.006351, 0.000003
1.691000, 0.003082, 0.006314, 0.000003
1.692000, 0.003081, 0.006277, 0.000003
1.693000, 0.003081, 0.006241, 0.000003
1.694000, 0.003080, 0.006205, 0.000003
1.695000, 0.003080, 0.006169, 0.000003
1.696000, 0.003079, 0.006133, 0.000003
1.697000, 0.003079, 0.006097, 0.000003
1.698000, 0.003079, 0.006062, 0.000002
1.699000, 0.003078, 0.006027, 0.000002
1.700000, 0.003078, 0.005991, 0.000002
1.701000, 0.003077, 0.005956, 0.000002
1.702000, 0.003077, 0.005922, 0.000002
1.703000, 0.003076, 0.005887, 0.000002
1.704000, 0.003076, 0.005852, 0.000002
1.705000, 0.003076, 0.005818, 0.000002
1.706000, 0.003075, 0.005784, 0.000002
1.707000, 0.003075, 0.005750, 0.000002
1.708000, 0.003074, 0.005716, 0.000002
1.709000, 0.003074, 0.005682, 0.000002
1.710000, 0.003074, 0.005649, 0.000002
1.711000, 0.003073, 0.005615, 0.000002
1.712000, 0.003073, 0.005582, 0.000002
1.713000, 0.003072, 0.005549, 0.000002
1.714000, 0.003072, 0.005516, 0.000002
1.715000, 0.003072, 0.005483, 0.000002
1.716000, 0.003071, 0.005451, 0.000002
1.717000, 0.003071, 0.005418, 0.000002
1.718000, 0.003070, 0.005386, 0.000002
1.719000, 0.003070, 0.005354, 0.000002
1.720000, 0.003070, 0.005322, 0.000002
1.721000, 0.003069, 0.005290, 0.000002
1.722000, 0.003069, 0.005258, 0.000002
1.723000, 0.003068, 0.005227, 0.000002
1.724000, 0.003068, 0.005195, 0.000002
1.725000, 0.003068, 0.005164, 0.000002
1.726000, 0.003067, 0.005133, 0.000002
1.727000, 0.003067, 0.005102, 0.000002
1.728000, 0.003067, 0.005071, 0.000002
1.729000, 0.003066, 0.005040, 0.000002
1.730000, 0.003066, 0.005010, 0.000002
1.731000, 0.003065, 0.004979, 0.000002
1.732000, 0.003065, 0.004949, 0.000002
1.733000, 0.003065, 0.004919, 0.000002
1.734000, 0.003064, 0.004889, 0.000002
1.735000, 0.003064, 0.004859, 0.000002
1.736000, 0.003064, 0.004830, 0.000002
1.737000, 0.003063, 0.004800, 0.000002
1.738000, 0.003063, 0.004771, 0.000002
1.739000, 0.003063, 0.004742, 0.000002
1.740000, 0.003062, 0.004713, 0.000002
1.741000, 0.003062, 0.004684, 0.000002
1.742000, 0.003062, 0.004655, 0.000002
1.743000, 0.003061, 0.004626, 0.000002
1.744000, 0.003061, 0.004597, 0.000002
1.745000, 0.003061, 0.004569, 0.000002
1.746000, 0.003060, 0.004541, 0.000002
1.747000, 0.003060, 0.004513, 0.000002
1.748000, 0.003060, 0.004485, 0.000002
1.749000, 0.003059, 0.004457, 0.000002
1.750000, 0.003059, 0.004429, 0.000002
1.751000, 0.003059, 0.004401, 0.000002
1.752000, 0.003058, 0.004374, 0.000002
1.753000, 0.003058, 0.004347, 0.000002
1.754000, 0.003058, 0.004319, 0.000002
1.755000, 0.003057, 0.004292, 0.000002
1.756000, 0.003057, 0.004265, 0.000002
1.757000, 0.003057, 0.004239, 0.000002
1.758000, 0.003056, 0.004212, 0.000002
1.759000, 0.003056, 0.004185, 0.000002
1.760000, 0.003056, 0.004159, 0.000002
1.761000, 0.003055, 0.004133, 0.000002
1.762000, 0.003055, 0.004107, 0.000002
1.763000, 0.003055, 0.004081, 0.000002
1.764000, 0.003054, 0.004055, 0.000002
1.765000, 0.003054, 0.004029, 0.000002
1.766000, 0.003054, 0.004003, 0.000002
1.767000, 0.003053, 0.003978, 0.000002
1.768000, 0.003053, 0.003952, 0.000002
1.769000, 0.003053, 0.003927, 0.000002
1.770000, 0.003053, 0.003902, 0.000001
1.771000, 0.003052, 0.003877, 0.000001
1.772000, 0.003052, 0.003852, 0.000001
1.773000, 0.003052, 0.003827, 0.000001
1.774000, 0.003051, 0.003802, 0.000001
1.775000, 0.003051, 0.003778, 0.000001
1.776000, 0.003051, 0.003753, 0.000001
1.777000, 0.003050, 0.003729, 0.000001
1.778000, 0.003050, 0.003705, 0.000001
1.779000, 0.003050, 0.003681, 0.000001
1.780000, 0.003050, 0.003657, 0.000001
1.781000, 0.003049, 0.003633, 0.000001
1.782000, 0.003049, 0.003609, 0.000001
1.783000, 0.003049, 0.003586, 0.000001
1.784000, 0.003048, 0.003562, 0.000001
1.785000, 0.003048, 0.003539, 0.000001
1.786000, 0.003048, 0.003516, 0.000001
1.787000, 0.003048, 0.003492, 0.000001
1.788000, 0.003047, 0.003469, 0.000001
1.789000, 0.003047, 0.003447, 0.000001
1.790000, 0.003047, 0.003424, 0.000001
1.791000, 0.003046, 0.003401, 0.000001
1.792000, 0.003046, 0.003379, 0.000001
1.793000, 0.003046, 0.003356, 0.000001
1.794000, 0.003046, 0.003334, 0.000001
1.795000, 0.003045, 0.003311, 0.000001
1.796000, 0.003045, 0.003289, 0.000001
1.797000, 0.003045, 0.003267, 0.000001
1.798000, 0.003045, 0.003245, 0.000001
1.799000, 0.003044, 0.003224, 0.000001
1.800000, 0.003044, 0.003202, 0.000001
1.801000, 0.003044, 0.003180, 0.000001
1.802000, 0.003044, 0.003159, 0.000001
1.803000, 0.003043, 0.003138, 0.000001
1.804000, 0.003043, 0.003116, 0.000001
1.805000, 0.003043, 0.003095, 0.000001
1.806000, 0.003043, 0.003074, 0.000001
1.807000, 0.003042, 0.003053, 0.000001
1.808000, 0.003042, 0.003032, 0.000001
1.809000, 0.003042, 0.003012, 0.000001
1.810000, 0.003042, 0.002991, 0.000001
1.811000, 0.003041, 0.002971, 0.000001
1.812000, 0.003041, 0.002950, 0.000001
1.813000, 0.003041, 0.002930, 0.000001
1.814000, 0.003041, 0.002910, 0.000001
1.815000, 0.003040, 0.002890, 0.000001
1.816000, 0.003040, 0.002870, 0.000001
1.817000, 0.003040, 0.002850, 0.000001
1.818000, 0.003040, 0.002830, 0.000001
1.819000, 0.003039, 0.002810, 0.000001
1.820000, 0.003039, 0.002791, 0.000001
1.821000, 0.003039, 0.002771, 0.000001
1.822000, 0.003039, 0.002752, 0.000001
1.823000, 0.003038, 0.002732, 0.000001
1.824000, 0.003038, 0.002713, 0.000001
1.825000, 0.003038, 0.002694, 0.000001
1.826000, 0.003038, 0.002675, 0.000001
1.827000, 0.003037, 0.002656, 0.000001
1.828000, 0.003037, 0.002637, 0.000001
1.829000, 0.003037, 0.002619, 0.000001
1.830000, 0.003037, 0.002600, 0.000001
1.831000, 0.003037, 0.002581, 0.000001
1.832000, 0.003036, 0.002563, 0.000001
1.833000, 0.003036, 0.002545, 0.000001
1.834000, 0.003036, 0.002526, 0.000001
1.835000, 0.003036, 0.002508, 0.000001
1.836000, 0.003035, 0.002490, 0.000001
1.837000, 0.003035, 0.002472, 0.000001
1.838000, 0.003035, 0.002454, 0.000001
1.839000, 0.003035, 0.002437, 0.000001
1.840000, 0.003035, 0.002419, 0.000001
1.841000, 0.003034, 0.002401, 0.000001
1.842000, 0.003034, 0.002384, 0.000001
1.843000, 0.003034, 0.002366, 0.000001
1.844000, 0.003034, 0.002349, 0.000001
1.845000, 0.003034, 0.002332, 0.000001
1.846000, 0.003033, 0.002315, 0.000001
1.847000, 0.003033, 0.002298, 0.000001
1.848000, 0.003033, 0.002281, 0.000001
1.849000, 0.003033, 0.002264, 0.000001
1.850000, 0.003033, 0.002247, 0.000001
1.851000, 0.003032, 0.002230, 0.000001
1.852000, 0.003032, 0.002214, 0.000001
1.853000, 0.003032, 0.002197, 0.000001
1.854000, 0.003032, 0.002181, 0.000001
1.855000, 0.003032, 0.002164, 0.000001
1.856000, 0.003031, 0.002148, 0.000001
1.857000, 0.003031, 0.002132, 0.000001
1.858000, 0.003031, 0.002116, 0.000001
1.859000, 0.003031, 0.002100, 0.000001
1.860000, 0.003031, 0.002084, 0.000001
1.861000, 0.003030, 0.002068, 0.000001
1.862000, 0.003030, 0.002052, 0.000001
1.863000, 0.003030, 0.002037, 0.000001
1.864000, 0.003030, 0.002021, 0.000001
1.865000, 0.003030, 0.002006, 0.000001
1.866000, 0.003029, 0.001990, 0.000001
1.867000, 0.003029, 0.001975, 0.000001
1.868000, 0.003029, 0.001960, 0.000001
1.869000, 0.003029, 0.001944, 0.000001
1.870000, 0.003029, 0.001929, 0.000001
1.871000, 0.003029, 0.001914, 0.000001
1.872000, 0.003028, 0.001899, 0.000001
1.873000, 0.003028, 0.001884, 0.000001
1.874000, 0.003028, 0.001870, 0.000001
1.875000, 0.003028, 0.001855, 0.000001
1.876000, 0.003028, 0.001840, 0.000001
1.877000, 0.003027, 0.001826, 0.000001
1.878000, 0.003027, 0.001811, 0.000001
1.879000, 0.003027, 0.001797, 0.000001
1.880000, 0.003027, 0.001783, 0.000001
1.881000, 0.003027, 0.001768, 0.000001
1.882000, 0.003027, 0.001754, 0.000001
1.883000, 0.003026, 0.001740, 0.000001
1.884000, 0.003026, 0.001726, 0.000001
1.885000, 0.003026, 0.001712, 0.000001
1.886000, 0.003026, 0.001698, 0.000001
1.887000, 0.003026, 0.001684, 0.000001
1.888000, 0.003026, 0.001671, 0.000001
1.889000, 0.003025, 0.001657, 0.000001
1.890000, 0.003025, 0.001644, 0.000001
1.891000, 0.003025, 0.001630, 0.000001
1.892000, 0.003025, 0.001617, 0.000001
1.893000, 0.003025, 0.001603, 0.000001
1.894000, 0.003025, 0.001590, 0.000001
1.895000, 0.003024, 0.001577, 0.000001
1.896000, 0.003024, 0.001564, 0.000001
1.897000, 0.003024, 0.001551, 0.000001
1.898000, 0.003024, 0.001538, 0.000001
1.899000, 0.003024, 0.001525, 0.000001
1.900000, 0.003024, 0.001512, 0.000001
1.901000, 0.003024, 0.001499, 0.000001
1.902000, 0.003023, 0.001486, 0.000001
1.903000, 0.003023, 0.001474, 0.000001
1.904000, 0.003023, 0.001461, 0.000001
1.905000, 0.003023, 0.001449, 0.000001
1.906000, 0.003023, 0.001436, 0.000001
1.907000, 0.003023, 0.001424, 0.000001
1.908000, 0.003023, 0.001412, 0.000001
1.909000, 0.003022, 0.001399, 0.000001
1.910000, 0.003022, 0.001387, 0.000001
1.911000, 0.003022, 0.001375, 0.000001
1.912000, 0.003022, 0.001363, 0.000001
1.913000, 0.003022, 0.001351, 0.000001
1.914000, 0.003022, 0.001339, 0.000001
1.915000, 0.003021, 0.001327, 0.000001
1.916000, 0.003021, 0.001316, 0.000001
1.917000, 0.003021, 0.001304, 0.000001
1.918000, 0.003021, 0.001292, 0.000001
1.919000, 0.003021, 0.001281, 0.000000
1.920000, 0.003021, 0.001269, 0.000000
1.921000, 0.003021, 0.001258, 0.000000
1.922000, 0.003021, 0.001246, 0.000000
1.923000, 0.003020, 0.001235, 0.000000
1.924000, 0.003020, 0.001224, 0.000000
1.925000, 0.003020, 0.001213, 0.000000
1.926000, 0.003020, 0.001202, 0.000000
1.927000, 0.003020, 0.001191, 0.000000
1.928000, 0.003020, 0.001180, 0.000000
1.929000, 0.003020, 0.001169, 0.000000
1.930000, 0.003019, 0.001158, 0.000000
1.931000, 0.003019, 0.001147, 0.000000
1.932000, 0.003019, 0.001136, 0.000000
1.933000, 0.003019, 0.001125, 0.000000
1.934000, 0.003019, 0.001115, 0.000000
1.935000, 0.003019, 0.001104, 0.000000
1.936000, 0.003019, 0.001094, 0.000000
1.937000, 0.003019, 0.001083, 0.000000
1.938000, 0.003018, 0.001073, 0.000000
1.939000, 0.003018, 0.001063, 0.000000
1.940000, 0.003018, 0.001052, 0.000000
1.941000, 0.003018, 0.001042, 0.000000
1.942000, 0.003018, 0.001032, 0.000000
1.943000, 0.003018, 0.001022, 0.000000
1.944000, 0.003018, 0.001012, 0.000000
1.945000, 0.003018, 0.001002, 0.000000
1.946000, 0.003017, 0.000992, 0.000000
1.947000, 0.003017, 0.000982, 0.000000
1.948000, 0.003017, 0.000972, 0.000000
1.949000, 0.003017, 0.000962, 0.000000
1.950000, 0.003017, 0.000953, 0.000000
1.951000, 0.003017, 0.000943, 0.000000
1.952000, 0.003017, 0.000933, 0.000000
1.953000, 0.003017, 0.000924, 0.000000
1.954000, 0.003017, 0.000914, 0.000000
1.955000, 0.003016, 0.000905, 0.000000
1.956000, 0.003016, 0.000896, 0.000000
1.957000, 0.003016, 0.000886, 0.000000
1.958000, 0.003016, 0.000877, 0.000000
1.959000, 0.003016, 0.000868, 0.000000
1.960000, 0.003016, 0.000859, 0.000000
1.961000, 0.003016, 0.000850, 0.000000
1.962000, 0.003016, 0.000841, 0.000000
1.963000, 0.003016, 0.000832, 0.000000
1.964000, 0.003015, 0.000823, 0.000000
1.965000, 0.003015, 0.000814, 0.000000
1.966000, 0.003015, 0.000805, 0.000000
1.967000, 0.003015, 0.000796, 0.000000
1.968000, 0.003015, 0.000787, 0.000000
1.969000, 0.003015, 0.000779, 0.000000
1.970000, 0.003015, 0.000770, 0.000000
1.971000, 0.003015, 0.000762, 0.000000
1.972000, 0.003015, 0.000753, 0.000000
1.973000, 0.003014, 0.000744, 0.000000
1.974000, 0.003014, 0.000736, 0.000000
1.975000, 0.003014, 0.000728, 0.000000
1.976000, 0.003014, 0.000719, 0.000000
1.977000, 0.003014, 0.000711, 0.000000
1.978000, 0.003014, 0.000703, 0.000000
1.979000, 0.003014, 0.000695, 0.000000
1.980000, 0.003014, 0.000687, 0.000000
1.981000, 0.003014, 0.000678, 0.000000
1.982000, 0.003014, 0.000670, 0.000000
1.983000, 0.003013, 0.000662, 0.000000
1.984000, 0.003013, 0.000654, 0.000000
1.985000, 0.003013, 0.000647, 0.000000
1.986000, 0.003013, 0.000639, 0.000000
1.987000, 0.003013, 0.000631, 0.000000
1.988000, 0.003013, 0.000623, 0.000000
1.989000, 0.003013, 0.000615, 0.000000
1.990000, 0.003013, 0.000608, 0.000000
1.991000, 0.003013, 0.000600, 0.000000
1.992000, 0.003013, 0.000593, 0.000000
1.993000, 0.003013, 0.000585, 0.000000
1.994000, 0.003012, 0.000578, 0.000000
1.995000, 0.003012, 0.000570, 0.000000
1.996000, 0.003012, 0.000563, 0.000000
1.997000, 0.003012, 0.000555, 0.000000
1.998000, 0.003012, 0.000548, 0.000000
1.999000, 0.003012, 0.000541, 0.000000
2.000000, 0.003012, 0.000534, 0.000000
2.001000, 0.003012, 0.000527, 0.000000
2.002000, 0.003012, 0.000519, 0.000000
2.003000, 0.003012, 0.000512, 0.000000
2.004000, 0.003012, 0.000505, 0.000000
2.005000, 0.003012, 0.000498, 0.000000
2.006000, 0.003011, 0.000491, 0.000000
2.007000, 0.003011, 0.000484, 0.000000
2.008000, 0.003011, 0.000478, 0.000000
2.009000, 0.003011, 0.000471, 0.000000
2.010000, 0.003011, 0.000464, 0.000000
2.011000, 0.003011, 0.000457, 0.000000
2.012000, 0.003011, 0.000451, 0.000000
2.013000, 0.003011, 0.000444, 0.000000
2.014000, 0.003011, 0.000437, 0.000000
2.015000, 0.003011, 0.000431, 0.000000
2.016000, 0.003011, 0.000424, 0.000000
2.017000, 0.003011, 0.000418, 0.000000
2.018000, 0.003010, 0.000411, 0.000000
2.019000, 0.003010, 0.000405, 0.000000
2.020000, 0.003010, 0.000399, 0.000000
2.021000, 0.003010, 0.000392, 0.000000
2.022000, 0.003010, 0.000386, 0.000000
2.023000, 0.003010, 0.000380, 0.000000
2.024000, 0.003010, 0.000373, 0.000000
2.025000, 0.003010, 0.000367, 0.000000
2.026000, 0.003010, 0.000361, 0.000000
2.027000, 0.003010, 0.000355, 0.000000
2.028000, 0.003010, 0.000349, 0.000000
2.029000, 0.003010, 0.000343, 0.000000
2.030000, 0.003010, 0.000337, 0.000000
2.031000, 0.003009, 0.000331, 0.000000
2.032000, 0.003009, 0.000325, 0.000000
2.033000, 0.003009, 0.000319, 0.000000
2.034000, 0.003009, 0.000314, 0.000000
2.035000, 0.003009, 0.000308, 0.000000
2.036000, 0.003009, 0.000302, 0.000000
2.037000, 0.003009, 0.000296, 0.000000
2.038000, 0.003009, 0.000291, 0.000000
2.039000, 0.003009, 0.000285, 0.000000
2.040000, 0.003009, 0.000279, 0.000000
2.041000, 0.003009, 0.000274, 0.000000
2.042000, 0.003009, 0.000268, 0.000000
2.043000, 0.003009, 0.000263, 0.000000
2.044000, 0.003009, 0.000257, 0.000000
2.045000, 0.003009, 0.000252, 0.000000
2.046000, 0.003008, 0.000247, 0.000000
2.047000, 0.003008, 0.000241, 0.000000
2.048000, 0.003008, 0.000236, 0.000000
2.049000, 0.003008, 0.000231, 0.000000
2.050000, 0.003008, 0.000225, 0.000000
2.051000, 0.003008, 0.000220, 0.000000
2.052000, 0.003008, 0.000215, 0.000000
2.053000, 0.003008, 0.000210, 0.000000
2.054000, 0.003008, 0.000205, 0.000000
2.055000, 0.003008, 0.000200, 0.000000
2.056000, 0.003008, 0.000195, 0.000000
2.057000, 0.003008, 0.000190, 0.000000
2.058000, 0.003008, 0.000185, 0.000000
2.059000, 0.003008, 0.000180, 0.000000
2.060000, 0.003008, 0.000175, 0.000000
2.061000, 0.003008, 0.000170, 0.000000
2.062000, 0.003007, 0.000165, 0.000000
2.063000, 0.003007, 0.000160, 0.000000
2.064000, 0.003007, 0.000155, 0.000000
2.065000, 0.003007, 0.000151, 0.000000
2.066000, 0.003007, 0.000146, 0.000000
2.067000, 0.003007, 0.000141, 0.000000
2.068000, 0.003007, 0.000137, 0.000000
2.069000, 0.003007, 0.000132, 0.000000
2.070000, 0.003007, 0.000127, 0.000000
2.071000, 0.003007, 0.000123, 0.000000
2.072000, 0.003007, 0.000118, 0.000000
2.073000, 0.003007, 0.000114, 0.000000
2.074000, 0.003007, 0.000109, 0.000000
2.075000, 0.003007, 0.000105, 0.000000
2.076000, 0.003007, 0.000101, 0.000000
2.077000, 0.003007, 0.000096, 0.000000
2.078000, 0.003007, 0.000092, 0.000000
2.079000, 0.003007, 0.000088, 0.000000
2.080000, 0.003006, 0.000083, 0.000000
2.081000, 0.003006, 0.000079, 0.000000
2.082000, 0.003006, 0.000075, 0.000000
2.083000, 0.003006, 0.000071, 0.000000
2.084000, 0.003006, 0.000066, 0.000000
2.085000, 0.003006, 0.000062, 0.000000
2.086000, 0.003006, 0.000058, 0.000000
2.087000, 0.003006, 0.000054, 0.000000
2.088000, 0.003006, 0.000050, 0.000000
2.089000, 0.003006, 0.000046, 0.000000
2.090000, 0.003006, 0.000042, 0.000000
2.091000, 0.003006, 0.000038, 0.000000
2.092000, 0.003006, 0.000034, 0.000000
2.093000, 0.003006, 0.000030, 0.000000
2.094000, 0.003006, 0.000026, 0.000000
2.095000, 0.003006, 0.000023, 0.000000
2.096000, 0.003006, 0.000019, 0.000000
2.097000, 0.003006, 0.000015, 0.000000
2.098000, 0.003006, 0.000011, 0.000000
2.099000, 0.003006, 0.000007, 0.000000
2.100000, 0.003006, 0.000004, 0.000000
2.101000, 0.003005, -0.000000, 0.000000
2.102000, 0.003005, -0.000004, 0.000000
2.103000, 0.003005, -0.000007, 0.000000
2.104000, 0.003005, -0.000011, 0.000000
2.105000, 0.003005, -0.000015, 0.000000
2.106000, 0.003005, -0.000018, 0.000000
2.107000, 0.003005, -0.000022, 0.000000
2.108000, 0.003005, -0.000025, 0.000000
2.109000, 0.003005, -0.000029, 0.000000
2.110000, 0.003005, -0.000032, 0.000000
2.111000, 0.003005, -0.000035, 0.000000
2.112000, 0.003005, -0.000039, 0.000000
2.113000, 0.003005, -0.000042, 0.000000
2.114000, 0.003005, -0.000046, 0.000000
2.115000, 0.003005, -0.000049, 0.000000
2.116000, 0.003005, -0.000052, 0.000000
2.117000, 0.003005, -0.000056, 0.000000
2.118000, 0.003005, -0.000059, 0.000000
2.119000, 0.003005, -0.000062, 0.000000
2.120000, 0.003005, -0.000065, 0.000000
2.121000, 0.003005, -0.000068, 0.000000
2.122000, 0.003005, -0.000072, 0.000000
2.123000, 0.003005, -0.000075, 0.000000
2.124000, 0.003005, -0.000078, 0.000000
2.125000, 0.003005, -0.000081, 0.000000
2.126000, 0.003004, -0.000084, 0.000000
2.127000, 0.003004, -0.000087, 0.000000
2.128000, 0.003004, -0.000090, 0.000000
2.129000, 0.003004, -0.000093, 0.000000
2.130000, 0.003004, -0.000096, 0.000000
2.131000, 0.003004, -0.000099, 0.000000
2.132000, 0.003004, -0.000102, 0.000000
2.133000, 0.003004, -0.000105, 0.000000
2.134000, 0.003004, -0.000108, 0.000000
2.135000, 0.003004, -0.000111, 0.000000
2.136000, 0.003004, -0.000113, 0.000000
2.137000, 0.003004, -0.000116, 0.000000
2.138000, 0.003004, -0.000119, 0.000000
2.139000, 0.003004, -0.000122, 0.000000
2.140000, 0.003004, -0.000124, 0.000000
2.141000, 0.003004, -0.000127, 0.000000
2.142000, 0.003004, -0.000130, 0.000000
2.143000, 0.003004, -0.000133, 0.000000
2.144000, 0.003004, -0.000135, 0.000000
2.145000, 0.003004, -0.000138, 0.000000
2.146000, 0.003004, -0.000141, 0.000000
2.147000, 0.003004, -0.000143, 0.000000
2.148000, 0.003004, -0.000146, 0.000000
2.149000, 0.003004, -0.000148, 0.000000
2.150000, 0.003004, -0.000151, 0.000000
2.151000, 0.003004, -0.000153, 0.000000
2.152000, 0.003004, -0.000156, 0.000000
2.153000, 0.003004, -0.000158, 0.000000
2.154000, 0.003004, -0.000161, 0.000000
2.155000, 0.003004, -0.000163, 0.000000
2.156000, 0.003004, -0.000166, 0.000000
2.157000, 0.003003, -0.000168, 0.000000
2.158000, 0.003003, -0.000170, 0.000000
2.159000, 0.003003, -0.000173, 0.000000
2.160000, 0.003003, -0.000175, 0.000000
2.161000, 0.003003, -0.000177, 0.000000
2.162000, 0.003003, -0.000180, 0.000000
2.163000, 0.003003, -0.000182, 0.000000
2.164000, 0.003003, -0.000184, 0.000000
2.165000, 0.003003, -0.000186, 0.000000
2.166000, 0.003003, -0.000189, 0.000000
2.167000, 0.003003, -0.000191, 0.000000
2.168000, 0.003003, -0.000193, 0.000000
2.169000, 0.003003, -0.000195, 0.000000
2.170000, 0.003003, -0.000197, 0.000000
2.171000, 0.003003, -0.000200, 0.000000
2.172000, 0.003003, -0.000202, 0.000000
2.173000, 0.003003, -0.000204, 0.000000
2.174000, 0.003003, -0.000206, 0.000000
2.175000, 0.003003, -0.000208, 0.000000
2.176000, 0.003003, -0.000210, 0.000000
2.177000, 0.003003, -0.000212, 0.000000
2.178000, 0.003003, -0.000214, 0.000000
2.179000, 0.003003, -0.000216, 0.000000
2.180000, 0.003003, -0.000218, 0.000000
2.181000, 0.003003, -0.000220, 0.000000
2.182000, 0.003003, -0.000222, 0.000000
2.183000, 0.003003, -0.000224, 0.000000
2.184000, 0.003003, -0.000226, 0.000000
2.185000, 0.003003, -0.000227, 0.000000
2.186000, 0.003003, -0.000229, 0.000000
2.187000, 0.003003, -0.000231, 0.000000
2.188000, 0.003003, -0.000233, 0.000000
2.189000, 0.003003, -0.000235, 0.000000
2.190000, 0.003003, -0.000237, 0.000000
2.191000, 0.003003, -0.000238, 0.000000
2.192000, 0.003003, -0.000240, 0.000000
2.193000, 0.003003, -0.000242, 0.000000
2.194000, 0.003003, -0.000244, 0.000000
2.195000, 0.003003, -0.000245, 0.000000
2.196000, 0.003003, -0.000247, 0.000000
2.197000, 0.003002, -0.000249, 0.000000
2.198000, 0.003002, -0.000250, 0.000000
2.199000, 0.003002, -0.000252, 0.000000
2.200000, 0.003002, -0.000254, 0.000000
2.201000, 0.003002, -0.000255, 0.000000
2.202000, 0.003002, -0.000257, 0.000000
2.203000, 0.003002, -0.000259, 0.000000
2.204000, 0.003002, -0.000260, 0.000000
2.205000, 0.003002, -0.000262, 0.000000
2.206000, 0.003002, -0.000263, 0.000000
2.207000, 0.003002, -0.000265, 0.000000
2.208000, 0.003002, -0.000266, 0.000000
2.209000, 0.003002, -0.000268, 0.000000
2.210000, 0.003002, -0.000269, 0.000000
2.211000, 0.003002, -0.000271, 0.000000
2.212000, 0.003002, -0.000272, 0.000000
2.213000, 0.003002, -0.000274, 0.000000
2.214000, 0.003002, -0.000275, 0.000000
2.215000, 0.003002, -0.000277, 0.000000
2.216000, 0.003002, -0.000278, 0.000000
2.217000, 0.003002, -0.000279, 0.000000
2.218000, 0.003002, -0.000281, 0.000000
2.219000, 0.003002, -0.000282, 0.000000
2.220000, 0.003002, -0.000283, 0.000000
2.221000, 0.003002, -0.000285, 0.000000
2.222000, 0.003002, -0.000286, 0.000000
2.223000, 0.003002, -0.000287, 0.000000
2.224000, 0.003002, -0.000289, 0.000000
2.225000, 0.003002, -0.000290, 0.000000
2.226000, 0.003002, -0.000291, 0.000000
2.227000, 0.003002, -0.000292, 0.000000
2.228000, 0.003002, -0.000294, 0.000000
2.229000, 0.003002, -0.000295, 0.000000
2.230000, 0.003002, -0.000296, 0.000000
2.231000, 0.003002, -0.000297, 0.000000
2.232000, 0.003002, -0.000298, 0.000000
2.233000, 0.003002, -0.000300, 0.000000
2.234000, 0.003002, -0.000301, 0.000000
2.235000, 0.003002, -0.000302, 0.000000
2.236000, 0.003002, -0.000303, 0.000000
2.237000, 0.003002, -0.000304, 0.000000
2.238000, 0.003002, -0.000305, 0.000000
2.239000, 0.003002, -0.000306, 0.000000
2.240000, 0.003002, -0.000307, 0.000000
2.241000, 0.003002, -0.000309, 0.000000
2.242000, 0.003002, -0.000310, 0.000000
2.243000, 0.003002, -0.000311, 0.000000
2.244000, 0.003002, -0.000312, 0.000000
2.245000, 0.003002, -0.000313, 0.000000
2.246000, 0.003002, -0.000314, 0.000000
2.247000, 0.003002, -0.000315, 0.000000
2.248000, 0.003002, -0.000316, 0.000000
2.249000, 0.003002, -0.000317, 0.000000
2.250000, 0.003002, -0.000318, 0.000000
2.251000, 0.003002, -0.000319, 0.000000
2.252000, 0.003002, -0.000320, 0.000000
2.253000, 0.003002, -0.000320, 0.000000
2.254000, 0.003002, -0.000321, 0.000000
2.255000, 0.003002, -0.000322, 0.000000
2.256000, 0.003002, -0.000323, 0.000000
2.257000, 0.003002, -0.000324, 0.000000
2.258000, 0.003002, -0.000325, 0.000000
2.259000, 0.003002, -0.000326, 0.000000
2.260000, 0.003002, -0.000327, 0.000000
2.261000, 0.003002, -0.000328, 0.000000
2.262000, 0.003002, -0.000328, 0.000000
2.263000, 0.003002, -0.000329, 0.000000
2.264000, 0.003002, -0.000330, 0.000000
2.265000, 0.003002, -0.000331, 0.000000
2.266000, 0.003002, -0.000332, 0.000000
2.267000, 0.003001, -0.000332, 0.000000
2.268000, 0.003001, -0.000333, 0.000000
2.269000, 0.003001, -0.000334, 0.000000
2.270000, 0.003001, -0.000335, 0.000000
2.271000, 0.003001, -0.000335, 0.000000
2.272000, 0.003001, -0.000336, 0.000000
2.273000, 0.003001, -0.000337, 0.000000
2.274000, 0.003001, -0.000337, 0.000000
2.275000, 0.003001, -0.000338, 0.000000
2.276000, 0.003001, -0.000339, 0.000000
2.277000, 0.003001, -0.000340, 0.000000
2.278000, 0.003001, -0.000340, 0.000000
2.279000, 0.003001, -0.000341, 0.000000
2.280000, 0.003001, -0.000342, 0.000000
2.281000, 0.003001, -0.000342, 0.000000
2.282000, 0.003001, -0.000343, 0.000000
2.283000, 0.003001, -0.000343, 0.000000
2.284000, 0.003001, -0.000344, 0.000000
2.285000, 0.003001, -0.000345, 0.000000
2.286000, 0.003001, -0.000345, 0.000000
2.287000, 0.003001, -0.000346, 0.000000
2.288000, 0.003001, -0.000346, 0.000000
2.289000, 0.003001, -0.000347, 0.000000
2.290000, 0.003001, -0.000347, 0.000000
2.291000, 0.003001, -0.000348, 0.000000
2.292000, 0.003001, -0.000349, 0.000000
2.293000, 0.003001, -0.000349, 0.000000
2.294000, 0.003001, -0.000350, 0.000000
2.295000, 0.003001, -0.000350, 0.000000
2.296000, 0.003001, -0.000351, 0.000000
2.297000, 0.003001, -0.000351, 0.000000
2.298000, 0.003001, -0.000352, 0.000000
2.299000, 0.003001, -0.000352, 0.000000
2.300000, 0.003001, -0.000353, 0.000000
2.301000, 0.003001, -0.000353, 0.000000
2.302000, 0.003001, -0.000353, 0.000000
2.303000, 0.003001, -0.000354, 0.000000
2.304000, 0.003001, -0.000354, 0.000000
2.305000, 0.003001, -0.000355, 0.000000
2.306000, 0.003001, -0.000355, 0.000000
2.307000, 0.003001, -0.000356, 0.000000
2.308000, 0.003001, -0.000356, 0.000000
2.309000, 0.003001, -0.000356, 0.000000
2.310000, 0.003001, -0.000357, 0.000000
2.311000, 0.003001, -0.000357, 0.000000
2.312000, 0.003001, -0.000357, 0.000000
2.313000, 0.003001, -0.000358, 0.000000
2.314000, 0.003001, -0.000358, 0.000000
2.315000, 0.003001, -0.000359, 0.000000
2.316000, 0.003001, -0.000359, 0.000000
2.317000, 0.003001, -0.000359, 0.000000
2.318000, 0.003001, -0.000360, 0.000000
2.319000, 0.003001, -0.000360, 0.000000
2.320000, 0.003001, -0.000360, 0.000000
2.321000, 0.003001, -0.000360, 0.000000
2.322000, 0.003001, -0.000361, 0.000000
2.323000, 0.003001, -0.000361, 0.000000
2.324000, 0.003001, -0.000361, 0.000000
2.325000, 0.003001, -0.000362, 0.000000
2.326000, 0.003001, -0.000362, 0.000000
2.327000, 0.003001, -0.000362, 0.000000
2.328000, 0.003001, -0.000362, 0.000000
2.329000, 0.003001, -0.000363, 0.000000
2.330000, 0.003001, -0.000363, 0.000000
2.331000, 0.003001, -0.000363, 0.000000
2.332000, 0.003001, -0.000363, 0.000000
2.333000, 0.003001, -0.000363, 0.000000
2.334000, 0.003001, -0.000364, 0.000000
2.335000, 0.003001, -0.000364, 0.000000
2.336000, 0.003001, -0.000364, 0.000000
2.337000, 0.003001, -0.000364, 0.000000
2.338000, 0.003001, -0.000364, 0.000000
2.339000, 0.003001, -0.000365, 0.000000
2.340000, 0.003001, -0.000365, 0.000000
2.341000, 0.003001, -0.000365, 0.000000
2.342000, 0.003001, -0.000365, 0.000000
2.343000, 0.003001, -0.000365, 0.000000
2.344000, 0.003001, -0.000365, 0.000000
2.345000, 0.003001, -0.000366, 0.000000
2.346000, 0.003001, -0.000366, 0.000000
2.347000, 0.003001, -0.000366, 0.000000
2.348000, 0.003001, -0.000366, 0.000000
2.349000, 0.003001, -0.000366, 0.000000
2.350000, 0.003001, -0.000366, 0.000000
2.351000, 0.003001, -0.000366, 0.000000
2.352000, 0.003001, -0.000366, 0.000000
2.353000, 0.003001, -0.000366, 0.000000
2.354000, 0.003001, -0.000366, 0.000000
2.355000, 0.003001, -0.000367, 0.000000
2.356000, 0.003001, -0.000367, 0.000000
2.357000, 0.003001, -0.000367, 0.000000
2.358000, 0.003001, -0.000367, 0.000000
2.359000, 0.003001, -0.000367, 0.000000
2.360000, 0.003001, -0.000367, 0.000000
2.361000, 0.003001, -0.000367, 0.000000
2.362000, 0.003001, -0.000367, 0.000000
2.363000, 0.003001, -0.000367, 0.000000
2.364000, 0.003001, -0.000367, 0.000000
2.365000, 0.003001, -0.000367, 0.000000
2.366000, 0.003001, -0.000367, 0.000000
2.367000, 0.003001, -0.000367, 0.000000
2.368000, 0.003001, -0.000367, 0.000000
2.369000, 0.003001, -0.000367, 0.000000
2.370000, 0.003001, -0.000367, 0.000000
2.371000, 0.003001, -0.000367, 0.000000
2.372000, 0.003001, -0.000367, 0.000000
2.373000, 0.003001, -0.000367, 0.000000
2.374000, 0.003001, -0.000367, 0.000000
2.375000, 0.003001, -0.000367, 0.000000
2.376000, 0.003001, -0.000367, 0.000000
2.377000, 0.003001, -0.000367, 0.000000
2.378000, 0.003001, -0.000367, 0.000000
2.379000, 0.003001, -0.000367, 0.000000
2.380000, 0.003001, -0.000367, 0.000000
2.381000, 0.003001, -0.000367, 0.000000
2.382000, 0.003001, -0.000367, 0.000000
2.383000, 0.003001, -0.000367, 0.000000
2.384000, 0.003001, -0.000366, 0.000000
2.385000, 0.003001, -0.000366, 0.000000
2.386000, 0.003001, -0.000366, 0.000000
2.387000, 0.003001, -0.000366, 0.000000
2.388000, 0.003001, -0.000366, 0.000000
2.389000, 0.003001, -0.000366, 0.000000
2.390000, 0.003001, -0.000366, 0.000000
2.391000, 0.003001, -0.000366, 0.000000
2.392000, 0.003001, -0.000366, 0.000000
2.393000, 0.003001, -0.000366, 0.000000
2.394000, 0.003001, -0.000365, 0.000000
2.395000, 0.003001, -0.000365, 0.000000
2.396000, 0.003001, -0.000365, 0.000000
2.397000, 0.003001, -0.000365, 0.000000
2.398000, 0.003001, -0.000365, 0.000000
2.399000, 0.003001, -0