time, theta__error, theta_dot_error
0.000000, -1.500001, -0.000390
0.001000, -1.485894, 9.404134
0.002000, -1.463668, 17.952082
0.003000, -1.434151, 25.662027
0.004000, -1.398147, 32.556810
0.005000, -1.356431, 38.662932
0.006000, -1.309748, 44.009933
0.007000, -1.258808, 48.629765
0.008000, -1.204288, 52.556202
0.009000, -1.146830, 55.824313
0.010000, -1.087037, 58.469996
0.011000, -1.025478, 60.529607
0.012000, -0.962683, 62.039657
0.013000, -0.899148, 63.036603
0.014000, -0.835331, 63.556681
0.015000, -0.771656, 63.635803
0.016000, -0.708510, 63.309474
0.017000, -0.646245, 62.612725
0.018000, -0.585182, 61.580041
0.019000, -0.525604, 60.245274
0.020000, -0.467764, 58.641552
0.021000, -0.411883, 56.801157
0.022000, -0.358151, 54.755398
0.023000, -0.306727, 52.534482
0.024000, -0.257743, 50.167374
0.025000, -0.211304, 47.681682
0.026000, -0.167489, 45.103544
0.027000, -0.126355, 42.457541
0.028000, -0.087934, 39.766632
0.029000, -0.052239, 37.052110
0.030000, -0.019264, 34.333583
0.031000, 0.011012, 31.628974
0.032000, 0.038630, 28.954538
0.033000, 0.063640, 26.324900
0.034000, 0.070796, 23.753096
0.035000, 0.070796, 21.347752
0.036000, 0.070796, 19.140570
0.037000, 0.070796, 17.115226
0.038000, 0.070796, 15.256738
0.039000, 0.070796, 13.551359
0.040000, 0.070796, 11.986478
0.041000, 0.070796, 10.550517
0.042000, 0.070796, 9.232857
0.043000, 0.070796, 8.023752
0.044000, 0.070796, 6.914257
0.045000, 0.070796, 5.896167
0.046000, 0.070796, 4.961952
0.047000, 0.070796, 4.104701
0.048000, 0.070796, 3.318074
0.049000, 0.070796, 2.596252
0.050000, 0.070796, 1.933897
0.051000, 0.070796, 1.326110
0.052000, 0.070796, 0.768394
0.053000, 0.070796, 0.256625
0.054000, 0.070349, -0.212982
0.055000, 0.069493, -0.641064
0.056000, 0.068271, -1.028461
0.057000, 0.066721, -1.376199
0.058000, 0.064881, -1.685467
0.059000, 0.062787, -1.957598
0.060000, 0.060475, -2.194044
0.061000, 0.057978, -2.396359
0.062000, 0.055327, -2.566182
0.063000, 0.052552, -2.705217
0.064000, 0.049682, -2.815216
0.065000, 0.046742, -2.897967
0.066000, 0.043758, -2.955276
0.067000, 0.040753, -2.988957
0.068000, 0.037746, -3.000818
0.069000, 0.034757, -2.992651
0.070000, 0.031804, -2.966222
0.071000, 0.028902, -2.923259
0.072000, 0.026066, -2.865451
0.073000, 0.023307, -2.794433
0.074000, 0.020637, -2.711786
0.075000, 0.018064, -2.619028
0.076000, 0.015597, -2.517612
0.077000, 0.013242, -2.408922
0.078000, 0.011005, -2.294269
0.079000, 0.008890, -2.174889
0.080000, 0.006900, -2.051942
0.081000, 0.005036, -1.926514
0.082000, 0.003300, -1.799611
0.083000, 0.001691, -1.672163
0.084000, 0.000210, -1.545025
0.085000, -0.001146, -1.418975
0.086000, -0.002379, -1.294718
0.087000, -0.003491, -1.172889
0.088000, -0.004485, -1.054052
0.089000, -0.005366, -0.938704
0.090000, -0.006138, -0.827276
0.091000, -0.006804, -0.720139
0.092000, -0.007371, -0.617606
0.093000, -0.007842, -0.519931
0.094000, -0.008223, -0.427318
0.095000, -0.008519, -0.339921
0.096000, -0.008736, -0.257846
0.097000, -0.008879, -0.181159
0.098000, -0.008953, -0.109885
0.099000, -0.008964, -0.044012
0.100000, -0.008917, 0.016505
0.101000, -0.008818, 0.071740
0.102000, -0.008671, 0.121795
0.103000, -0.008482, 0.166797
0.104000, -0.008255, 0.206893
0.105000, -0.007995, 0.242247
0.106000, -0.007706, 0.273043
0.107000, -0.007394, 0.299474
0.108000, -0.007061, 0.321746
0.109000, -0.006712, 0.340075
0.110000, -0.006350, 0.354681
0.111000, -0.005978, 0.365791
0.112000, -0.005601, 0.373632
0.113000, -0.005220, 0.378436
0.114000, -0.004839, 0.380431
0.115000, -0.004459, 0.379845
0.116000, -0.004084, 0.376902
0.117000, -0.003714, 0.371823
0.118000, -0.003353, 0.364823
0.119000, -0.003001, 0.356110
0.120000, -0.002660, 0.345886
0.121000, -0.002332, 0.334345
0.122000, -0.002016, 0.321674
0.123000, -0.001715, 0.308048
0.124000, -0.001429, 0.293635
0.125000, -0.001158, 0.278596
0.126000, -0.000902, 0.263077
0.127000, -0.000663, 0.247220
0.128000, -0.000440, 0.231152
0.129000, -0.000233, 0.214995
0.130000, -0.000042, 0.198857
0.131000, 0.000133, 0.182840
0.132000, 0.000292, 0.167034
0.133000, 0.000435, 0.151522
0.134000, 0.000564, 0.136378
0.135000, 0.000679, 0.121664
0.136000, 0.000779, 0.107438
0.137000, 0.000866, 0.093749
0.138000, 0.000940, 0.080636
0.139000, 0.001002, 0.068134
0.140000, 0.001052, 0.056270
0.141000, 0.001092, 0.045064
0.142000, 0.001121, 0.034532
0.143000, 0.001141, 0.024681
0.144000, 0.001151, 0.015516
0.145000, 0.001154, 0.007037
0.146000, 0.001150, -0.000761
0.147000, 0.001138, -0.007887
0.148000, 0.001121, -0.014354
0.149000, 0.001097, -0.020177
0.150000, 0.001070, -0.025374
0.151000, 0.001037, -0.029966
0.152000, 0.001001, -0.033975
0.153000, 0.000962, -0.037426
0.154000, 0.000920, -0.040345
0.155000, 0.000876, -0.042759
0.156000, 0.000831, -0.044695
0.157000, 0.000784, -0.046183
0.158000, 0.000736, -0.047251
0.159000, 0.000688, -0.047928
0.160000, 0.000639, -0.048244
0.161000, 0.000591, -0.048228
0.162000, 0.000543, -0.047907
0.163000, 0.000496, -0.047310
0.164000, 0.000450, -0.046465
0.165000, 0.000405, -0.045398
0.166000, 0.000362, -0.044134
0.167000, 0.000320, -0.042699
0.168000, 0.000280, -0.041117
0.169000, 0.000241, -0.039409
0.170000, 0.000204, -0.037598
0.171000, 0.000170, -0.035704
0.172000, 0.000137, -0.033746
0.173000, 0.000106, -0.031741
0.174000, 0.000077, -0.029707
0.175000, 0.000051, -0.027659
0.176000, 0.000026, -0.025611
0.177000, 0.000004, -0.023576
0.178000, -0.000017, -0.021566
0.179000, -0.000036, -0.019592
0.180000, -0.000052, -0.017662
0.181000, -0.000067, -0.015785
0.182000, -0.000080, -0.013970
0.183000, -0.000091, -0.012221
0.184000, -0.000101, -0.010544
0.185000, -0.000109, -0.008944
0.186000, -0.000116, -0.007425
0.187000, -0.000121, -0.005988
0.188000, -0.000125, -0.004637
0.189000, -0.000128, -0.003372
0.190000, -0.000130, -0.002194
0.191000, -0.000130, -0.001103
0.192000, -0.000130, -0.000098
0.193000, -0.000128, 0.000821
0.194000, -0.000126, 0.001657
0.195000, -0.000124, 0.002410
0.196000, -0.000120, 0.003083
0.197000, -0.000116, 0.003679
0.198000, -0.000112, 0.004201
0.199000, -0.000107, 0.004651
0.200000, -0.000102, 0.005034
0.201000, -0.000096, 0.005351
0.202000, -0.000090, 0.005608
0.203000, -0.000084, 0.005806
0.204000, -0.000078, 0.005951
0.205000, -0.000072, 0.006046
0.206000, -0.000066, 0.006094
0.207000, -0.000060, 0.006099
0.208000, -0.000054, 0.006066
0.209000, -0.000048, 0.005996
0.210000, -0.000042, 0.005894
0.211000, -0.000037, 0.005764
0.212000, -0.000031, 0.005608
0.213000, -0.000026, 0.005430
0.214000, -0.000021, 0.005232
0.215000, -0.000016, 0.005018
0.216000, -0.000011, 0.004791
0.217000, -0.000007, 0.004552
0.218000, -0.000002, 0.004305
0.219000, 0.000002, 0.004052
0.220000, 0.000005, 0.003795
0.221000, 0.000009, 0.003535
0.222000, 0.000012, 0.003275
0.223000, 0.000015, 0.003017
0.224000, 0.000017, 0.002761
0.225000, 0.000020, 0.002510
0.226000, 0.000022, 0.002264
0.227000, 0.000024, 0.002025
0.228000, 0.000025, 0.001793
0.229000, 0.000027, 0.001570
0.230000, 0.000028, 0.001355
0.231000, 0.000029, 0.001151
0.232000, 0.000030, 0.000956
0.233000, 0.000031, 0.000772
0.234000, 0.000031, 0.000599
0.235000, 0.000032, 0.000436
0.236000, 0.000032, 0.000285
0.237000, 0.000032, 0.000144
0.238000, 0.000032, 0.000015
0.239000, 0.000032, -0.000103
0.240000, 0.000031, -0.000211
0.241000, 0.000031, -0.000309
0.242000, 0.000031, -0.000396
0.243000, 0.000030, -0.000473
0.244000, 0.000029, -0.000541
0.245000, 0.000029, -0.000600
0.246000, 0.000028, -0.000650
0.247000, 0.000027, -0.000692
0.248000, 0.000027, -0.000726
0.249000, 0.000026, -0.000752
0.250000, 0.000025, -0.000772
0.251000, 0.000024, -0.000785
0.252000, 0.000024, -0.000792
0.253000, 0.000023, -0.000794
0.254000, 0.000022, -0.000790
0.255000, 0.000021, -0.000782
0.256000, 0.000020, -0.000770
0.257000, 0.000020, -0.000754
0.258000, 0.000019, -0.000735
0.259000, 0.000018, -0.000713
0.260000, 0.000018, -0.000688
0.261000, 0.000017, -0.000661
0.262000, 0.000016, -0.000633
0.263000, 0.000016, -0.000603
0.264000, 0.000015, -0.000571
0.265000, 0.000015, -0.000539
0.266000, 0.000014, -0.000507
0.267000, 0.000014, -0.000474
0.268000, 0.000013, -0.000441
0.269000, 0.000013, -0.000408
0.270000, 0.000013, -0.000376
0.271000, 0.000012, -0.000344
0.272000, 0.000012, -0.000312
0.273000, 0.000012, -0.000282
0.274000, 0.000011, -0.000252
0.275000, 0.000011, -0.000224
0.276000, 0.000011, -0.000196
0.277000, 0.000011, -0.000170
0.278000, 0.000011, -0.000145
0.279000, 0.000011, -0.000122
0.280000, 0.000011, -0.000099
0.281000, 0.000010, -0.000079
0.282000, 0.000010, -0.000059
0.283000, 0.000010, -0.000041
0.284000, 0.000010, -0.000024
0.285000, 0.000010, -0.000009
0.286000, 0.000010, 0.000005
0.287000, 0.000010, 0.000017
0.288000, 0.000010, 0.000029
0.289000, 0.000011, 0.000039
0.290000, 0.000011, 0.000048
0.291000, 0.000011, 0.000055
0.292000, 0.000011, 0.000062
0.293000, 0.000011, 0.000067
0.294000, 0.000011, 0.000072
0.295000, 0.000011, 0.000075
0.296000, 0.000011, 0.000078
0.297000, 0.000011, 0.000080
0.298000, 0.000011, 0.000081
0.299000, 0.000011, 0.000081
0.300000, 0.000011, 0.000081
0.301000, 0.000011, 0.000080
0.302000, 0.000011, 0.000079
0.303000, 0.000012, 0.000077
0.304000, 0.000012, 0.000074
0.305000, 0.000012, 0.000072
0.306000, 0.000012, 0.000068
0.307000, 0.000012, 0.000065
0.308000, 0.000012, 0.000062
0.309000, 0.000012, 0.000058
0.310000, 0.000012, 0.000054
0.311000, 0.000012, 0.000050
0.312000, 0.000012, 0.000046
0.313000, 0.000012, 0.000042
0.314000, 0.000012, 0.000037
0.315000, 0.000012, 0.000033
0.316000, 0.000012, 0.000029
0.317000, 0.000012, 0.000025
0.318000, 0.000012, 0.000021
0.319000, 0.000012, 0.000017
0.320000, 0.000012, 0.000013
0.321000, 0.000012, 0.000010
0.322000, 0.000012, 0.000006
0.323000, 0.000012, 0.000003
0.324000, 0.000012, -0.000000
0.325000, 0.000012, -0.000003
0.326000, 0.000012, -0.000006
0.327000, 0.000012, -0.000009
0.328000, 0.000012, -0.000011
0.329000, 0.000012, -0.000014
0.330000, 0.000012, -0.000016
0.331000, 0.000012, -0.000018
0.332000, 0.000012, -0.000019
0.333000, 0.000012, -0.000021
0.334000, 0.000012, -0.000023
0.335000, 0.000012, -0.000024
0.336000, 0.000012, -0.000025
0.337000, 0.000012, -0.000026
0.338000, 0.000012, -0.000027
0.339000, 0.000012, -0.000028
0.340000, 0.000012, -0.000028
0.341000, 0.000012, -0.000029
0.342000, 0.000012, -0.000029
0.343000, 0.000012, -0.000029
0.344000, 0.000012, -0.000029
0.345000, 0.000012, -0.000029
0.346000, 0.000012, -0.000029
0.347000, 0.000012, -0.000029
0.348000, 0.000012, -0.000029
0.349000, 0.000012, -0.000029
0.350000, 0.000012, -0.000028
0.351000, 0.000012, -0.000028
0.352000, 0.000012, -0.000028
0.353000, 0.000012, -0.000027
0.354000, 0.000012, -0.000027
0.355000, 0.000012, -0.000026
0.356000, 0.000012, -0.000026
0.357000, 0.000011, -0.000025
0.358000, 0.000011, -0.000025
0.359000, 0.000011, -0.000024
0.360000, 0.000011, -0.000024
0.361000, 0.000011, -0.000023
0.362000, 0.000011, -0.000023
0.363000, 0.000011, -0.000022
0.364000, 0.000011, -0.000022
0.365000, 0.000011, -0.000021
0.366000, 0.000011, -0.000021
0.367000, 0.000011, -0.000020
0.368000, 0.000011, -0.000020
0.369000, 0.000011, -0.000019
0.370000, 0.000011, -0.000019
0.371000, 0.000011, -0.000019
0.372000, 0.000011, -0.000018
0.373000, 0.000011, -0.000018
0.374000, 0.000011, -0.000017
0.375000, 0.000011, -0.000017
0.376000, 0.000011, -0.000017
0.377000, 0.000011, -0.000017
0.378000, 0.000011, -0.000016
0.379000, 0.000011, -0.000016
0.380000, 0.000011, -0.000016
0.381000, 0.000011, -0.000016
0.382000, 0.000011, -0.000016
0.383000, 0.000011, -0.000015
0.384000, 0.000011, -0.000015
0.385000, 0.000011, -0.000015
0.386000, 0.000011, -0.000015
0.387000, 0.000011, -0.000015
0.388000, 0.000011, -0.000015
0.389000, 0.000011, -0.000015
0.390000, 0.000011, -0.000015
0.391000, 0.000011, -0.000015
0.392000, 0.000011, -0.000015
0.393000, 0.000011, -0.000015
0.394000, 0.000011, -0.000015
0.395000, 0.000011, -0.000015
0.396000, 0.000011, -0.000015
0.397000, 0.000011, -0.000015
0.398000, 0.000011, -0.000015
0.399000, 0.000011, -0.000015
0.400000, 0.000011, -0.000015
0.401000, 0.000011, -0.000015
0.402000, 0.000011, -0.000015
0.403000, 0.000011, -0.000015
0.404000, 0.000011, -0.000015
0.405000, 0.000011, -0.000015
0.406000, 0.000011, -0.000016
0.407000, 0.000011, -0.000016
0.408000, 0.000011, -0.000016
0.409000, 0.000011, -0.000016
0.410000, 0.000011, -0.000016
0.411000, 0.000011, -0.000016
0.412000, 0.000011, -0.000016
0.413000, 0.000011, -0.000016
0.414000, 0.000011, -0.000016
0.415000, 0.000011, -0.000016
0.416000, 0.000010, -0.000016
0.417000, 0.000010, -0.000016
0.418000, 0.000010, -0.000016
0.419000, 0.000010, -0.000016
0.420000, 0.000010, -0.000016
0.421000, 0.000010, -0.000016
0.422000, 0.000010, -0.000016
0.423000, 0.000010, -0.000016
0.424000, 0.000010, -0.000016
0.425000, 0.000010, -0.000016
0.426000, 0.000010, -0.000016
0.427000, 0.000010, -0.000016
0.428000, 0.000010, -0.000016
0.429000, 0.000010, -0.000016
0.430000, 0.000010, -0.000016
0.431000, 0.000010, -0.000016
0.432000, 0.000010, -0.000016
0.433000, 0.000010, -0.000016
0.434000, 0.000010, -0.000016
0.435000, 0.000010, -0.000016
0.436000, 0.000010, -0.000016
0.437000, 0.000010, -0.000016
0.438000, 0.000010, -0.000016
0.439000, 0.000010, -0.000016
0.440000, 0.000010, -0.000016
0.441000, 0.000010, -0.000016
0.442000, 0.000010, -0.000016
0.443000, 0.000010, -0.000016
0.444000, 0.000010, -0.000016
0.445000, 0.000010, -0.000016
0.446000, 0.000010, -0.000016
0.447000, 0.000010, -0.000016
0.448000, 0.000010, -0.000016
0.449000, 0.000010, -0.000016
0.450000, 0.000010, -0.000016
0.451000, 0.000010, -0.000016
0.452000, 0.000010, -0.000016
0.453000, 0.000010, -0.000016
0.454000, 0.000010, -0.000016
0.455000, 0.000010, -0.000016
0.456000, 0.000010, -0.000016
0.457000, 0.000010, -0.000016
0.458000, 0.000010, -0.000016
0.459000, 0.000010, -0.000016
0.460000, 0.000010, -0.000016
0.461000, 0.000010, -0.000016
0.462000, 0.000010, -0.000016
0.463000, 0.000010, -0.000016
0.464000, 0.000010, -0.000016
0.465000, 0.000010, -0.000016
0.466000, 0.000010, -0.000016
0.467000, 0.000010, -0.000016
0.468000, 0.000010, -0.000016
0.469000, 0.000010, -0.000016
0.470000, 0.000010, -0.000016
0.471000, 0.000010, -0.000016
0.472000, 0.000010, -0.000016
0.473000, 0.000010, -0.000016
0.474000, 0.000010, -0.000016
0.475000, 0.000010, -0.000016
0.476000, 0.000010, -0.000016
0.477000, 0.000009, -0.000016
0.478000, 0.000009, -0.000016
0.479000, 0.000009, -0.000016
0.480000, 0.000009, -0.000016
0.481000, 0.000009, -0.000016
0.482000, 0.000009, -0.000016
0.483000, 0.000009, -0.000016
0.484000, 0.000009, -0.000016
0.485000, 0.000009, -0.000016
0.486000, 0.000009, -0.000016
0.487000, 0.000009, -0.000016
0.488000, 0.000009, -0.000016
0.489000, 0.000009, -0.000016
0.490000, 0.000009, -0.000016
0.491000, 0.000009, -0.000016
0.492000, 0.000009, -0.000016
0.493000, 0.000009, -0.000016
0.494000, 0.000009, -0.000016
0.495000, 0.000009, -0.000016
0.496000, 0.000009, -0.000016
0.497000, 0.000009, -0.000016
0.498000, 0.000009, -0.000016
0.499000, 0.000009, -0.000016
0.500000, 0.000009, -0.000016
0.501000, 0.000009, -0.000016
0.502000, 0.000009, -0.000016
0.503000, 0.000009, -0.000016
0.504000, 0.000009, -0.000016
0.505000, 0.000009, -0.000016
0.506000, 0.000009, -0.000016
0.507000, 0.000009, -0.000016
0.508000, 0.000009, -0.000016
0.509000, 0.000009, -0.000016
0.510000, 0.000009, -0.000016
0.511000, 0.000009, -0.000016
0.512000, 0.000009, -0.000016
0.513000, 0.000009, -0.000016
0.514000, 0.000009, -0.000016
0.515000, 0.000009, -0.000016
0.516000, 0.000009, -0.000016
0.517000, 0.000009, -0.000016
0.518000, 0.000009, -0.000016
0.519000, 0.000009, -0.000016
0.520000, 0.000009, -0.000016
0.521000, 0.000009, -0.000016
0.522000, 0.000009, -0.000016
0.523000, 0.000009, -0.000016
0.524000, 0.000009, -0.000016
0.525000, 0.000009, -0.000016
0.526000, 0.000009, -0.000016
0.527000, 0.000009, -0.000016
0.528000, 0.000009, -0.000016
0.529000, 0.000009, -0.000016
0.530000, 0.000009, -0.000016
0.531000, 0.000009, -0.000016
0.532000, 0.000009, -0.000016
0.533000, 0.000009, -0.000016
0.534000, 0.000009, -0.000016
0.535000, 0.000009, -0.000016
0.536000, 0.000009, -0.000016
0.537000, 0.000009, -0.000016
0.538000, 0.000009, -0.000016
0.539000, 0.000009, -0.000016
0.540000, 0.000009, -0.000016
0.541000, 0.000008, -0.000016
0.542000, 0.000008, -0.000016
0.543000, 0.000008, -0.000016
0.544000, 0.000008, -0.000016
0.545000, 0.000008, -0.000016
0.546000, 0.000008, -0.000016
0.547000, 0.000008, -0.000016
0.548000, 0.000008, -0.000016
0.549000, 0.000008, -0.000016
0.550000, 0.000008, -0.000016
0.551000, 0.000008, -0.000016
0.552000, 0.000008, -0.000016
0.553000, 0.000008, -0.000016
0.554000, 0.000008, -0.000016
0.555000, 0.000008, -0.000016
0.556000, 0.000008, -0.000016
0.557000, 0.000008, -0.000016
0.558000, 0.000008, -0.000016
0.559000, 0.000008, -0.000016
0.560000, 0.000008, -0.000016
0.561000, 0.000008, -0.000016
0.562000, 0.000008, -0.000015
0.563000, 0.000008, -0.000015
0.564000, 0.000008, -0.000015
0.565000, 0.000008, -0.000015
0.566000, 0.000008, -0.000015
0.567000, 0.000008, -0.000015
0.568000, 0.000008, -0.000015
0.569000, 0.000008, -0.000015
0.570000, 0.000008, -0.000015
0.571000, 0.000008, -0.000015
0.572000, 0.000008, -0.000015
0.573000, 0.000008, -0.000015
0.574000, 0.000008, -0.000015
0.575000, 0.000008, -0.000015
0.576000, 0.000008, -0.000015
0.577000, 0.000008, -0.000015
0.578000, 0.000008, -0.000015
0.579000, 0.000008, -0.000015
0.580000, 0.000008, -0.000015
0.581000, 0.000008, -0.000015
0.582000, 0.000008, -0.000015
0.583000, 0.000008, -0.000015
0.584000, 0.000008, -0.000015
0.585000, 0.000008, -0.000015
0.586000, 0.000008, -0.000015
0.587000, 0.000008, -0.000015
0.588000, 0.000008, -0.000015
0.589000, 0.000008, -0.000015
0.590000, 0.000008, -0.000015
0.591000, 0.000008, -0.000015
0.592000, 0.000008, -0.000015
0.593000, 0.000008, -0.000015
0.594000, 0.000008, -0.000015
0.595000, 0.000008, -0.000015
0.596000, 0.000008, -0.000015
0.597000, 0.000008, -0.000015
0.598000, 0.000008, -0.000015
0.599000, 0.000008, -0.000015
0.600000, 0.000008, -0.000015
0.601000, 0.000008, -0.000015
0.602000, 0.000008, -0.000015
0.603000, 0.000008, -0.000015
0.604000, 0.000008, -0.000015
0.605000, 0.000008, -0.000015
0.606000, 0.000007, -0.000015
0.607000, 0.000007, -0.000015
0.608000, 0.000007, -0.000015
0.609000, 0.000007, -0.000015
0.610000, 0.000007, -0.000015
0.611000, 0.000007, -0.000015
0.612000, 0.000007, -0.000015
0.613000, 0.000007, -0.000015
0.614000, 0.000007, -0.000015
0.615000, 0.000007, -0.000015
0.616000, 0.000007, -0.000015
0.617000, 0.000007, -0.000015
0.618000, 0.000007, -0.000015
0.619000, 0.000007, -0.000015
0.620000, 0.000007, -0.000015
0.621000, 0.000007, -0.000015
0.622000, 0.000007, -0.000015
0.623000, 0.000007, -0.000015
0.624000, 0.000007, -0.000015
0.625000, 0.000007, -0.000015
0.626000, 0.000007, -0.000015
0.627000, 0.000007, -0.000015
0.628000, 0.000007, -0.000015
0.629000, 0.000007, -0.000015
0.630000, 0.000007, -0.000015
0.631000, 0.000007, -0.000015
0.632000, 0.000007, -0.000015
0.633000, 0.000007, -0.000015
0.634000, 0.000007, -0.000015
0.635000, 0.000007, -0.000015
0.636000, 0.000007, -0.000015
0.637000, 0.000007, -0.000015
0.638000, 0.000007, -0.000015
0.639000, 0.000007, -0.000015
0.640000, 0.000007, -0.000015
0.641000, 0.000007, -0.000015
0.642000, 0.000007, -0.000015
0.643000, 0.000007, -0.000015
0.644000, 0.000007, -0.000015
0.645000, 0.000007, -0.000015
0.646000, 0.000007, -0.000015
0.647000, 0.000007, -0.000015
0.648000, 0.000007, -0.000015
0.649000, 0.000007, -0.000015
0.650000, 0.000007, -0.000015
0.651000, 0.000007, -0.000015
0.652000, 0.000007, -0.000015
0.653000, 0.000007, -0.000015
0.654000, 0.000007, -0.000015
0.655000, 0.000007, -0.000015
0.656000, 0.000007, -0.000015
0.657000, 0.000007, -0.000015
0.658000, 0.000007, -0.000015
0.659000, 0.000007, -0.000015
0.660000, 0.000007, -0.000015
0.661000, 0.000007, -0.000015
0.662000, 0.000007, -0.000015
0.663000, 0.000007, -0.000015
0.664000, 0.000007, -0.000015
0.665000, 0.000007, -0.000015
0.666000, 0.000007, -0.000015
0.667000, 0.000007, -0.000015
0.668000, 0.000007, -0.000015
0.669000, 0.000007, -0.000015
0.670000, 0.000007, -0.000015
0.671000, 0.000007, -0.000015
0.672000, 0.000006, -0.000015
0.673000, 0.000006, -0.000015
0.674000, 0.000006, -0.000015
0.675000, 0.000006, -0.000015
0.676000, 0.000006, -0.000015
0.677000, 0.000006, -0.000015
0.678000, 0.000006, -0.000015
0.679000, 0.000006, -0.000015
0.680000, 0.000006, -0.000015
0.681000, 0.000006, -0.000015
0.682000, 0.000006, -0.000015
0.683000, 0.000006, -0.000015
0.684000, 0.000006, -0.000015
0.685000, 0.000006, -0.000015
0.686000, 0.000006, -0.000015
0.687000, 0.000006, -0.000015
0.688000, 0.000006, -0.000015
0.689000, 0.000006, -0.000015
0.690000, 0.000006, -0.000015
0.691000, 0.000006, -0.000015
0.692000, 0.000006, -0.000015
0.693000, 0.000006, -0.000015
0.694000, 0.000006, -0.000015
0.695000, 0.000006, -0.000015
0.696000, 0.000006, -0.000015
0.697000, 0.000006, -0.000015
0.698000, 0.000006, -0.000015
0.699000, 0.000006, -0.000015
0.700000, 0.000006, -0.000015
0.701000, 0.000006, -0.000015
0.702000, 0.000006, -0.000015
0.703000, 0.000006, -0.000015
0.704000, 0.000006, -0.000015
0.705000, 0.000006, -0.000015
0.706000, 0.000006, -0.000015
0.707000, 0.000006, -0.000015
0.708000, 0.000006, -0.000015
0.709000, 0.000006, -0.000015
0.710000, 0.000006, -0.000015
0.711000, 0.000006, -0.000015
0.712000, 0.000006, -0.000015
0.713000, 0.000006, -0.000015
0.714000, 0.000006, -0.000015
0.715000, 0.000006, -0.000015
0.716000, 0.000006, -0.000015
0.717000, 0.000006, -0.000015
0.718000, 0.000006, -0.000015
0.719000, 0.000006, -0.000015
0.720000, 0.000006, -0.000015
0.721000, 0.000006, -0.000015
0.722000, 0.000006, -0.000015
0.723000, 0.000006, -0.000015
0.724000, 0.000006, -0.000015
0.725000, 0.000006, -0.000015
0.726000, 0.000006, -0.000015
0.727000, 0.000006, -0.000015
0.728000, 0.000006, -0.000015
0.729000, 0.000006, -0.000015
0.730000, 0.000006, -0.000015
0.731000, 0.000006, -0.000015
0.732000, 0.000006, -0.000015
0.733000, 0.000006, -0.000015
0.734000, 0.000006, -0.000015
0.735000, 0.000006, -0.000015
0.736000, 0.000006, -0.000015
0.737000, 0.000006, -0.000015
0.738000, 0.000006, -0.000015
0.739000, 0.000006, -0.000015
0.740000, 0.000005, -0.000015
0.741000, 0.000005, -0.000015
0.742000, 0.000005, -0.000015
0.743000, 0.000005, -0.000015
0.744000, 0.000005, -0.000015
0.745000, 0.000005, -0.000015
0.746000, 0.000005, -0.000015
0.747000, 0.000005, -0.000015
0.748000, 0.000005, -0.000015
0.749000, 0.000005, -0.000015
0.750000, 0.000005, -0.000015
0.751000, 0.000005, -0.000015
0.752000, 0.000005, -0.000015
0.753000, 0.000005, -0.000015
0.754000, 0.000005, -0.000015
0.755000, 0.000005, -0.000015
0.756000, 0.000005, -0.000015
0.757000, 0.000005, -0.000015
0.758000, 0.000005, -0.000015
0.759000, 0.000005, -0.000015
0.760000, 0.000005, -0.000015
0.761000, 0.000005, -0.000015
0.762000, 0.000005, -0.000015
0.763000, 0.000005, -0.000014
0.764000, 0.000005, -0.000014
0.765000, 0.000005, -0.000014
0.766000, 0.000005, -0.000014
0.767000, 0.000005, -0.000014
0.768000, 0.000005, -0.000014
0.769000, 0.000005, -0.000014
0.770000, 0.000005, -0.000014
0.771000, 0.000005, -0.000014
0.772000, 0.000005, -0.000014
0.773000, 0.000005, -0.000014
0.774000, 0.000005, -0.000014
0.775000, 0.000005, -0.000014
0.776000, 0.000005, -0.000014
0.777000, 0.000005, -0.000014
0.778000, 0.000005, -0.000014
0.779000, 0.000005, -0.000014
0.780000, 0.000005, -0.000014
0.781000, 0.000005, -0.000014
0.782000, 0.000005, -0.000014
0.783000, 0.000005, -0.000014
0.784000, 0.000005, -0.000014
0.785000, 0.000005, -0.000014
0.786000, 0.000005, -0.000014
0.787000, 0.000005, -0.000014
0.788000, 0.000005, -0.000014
0.789000, 0.000005, -0.000014
0.790000, 0.000005, -0.000014
0.791000, 0.000005, -0.000014
0.792000, 0.000005, -0.000014
0.793000, 0.000005, -0.000014
0.794000, 0.000005, -0.000014
0.795000, 0.000005, -0.000014
0.796000, 0.000005, -0.000014
0.797000, 0.000005, -0.000014
0.798000, 0.000005, -0.000014
0.799000, 0.000005, -0.000014
0.800000, 0.000005, -0.000014
0.801000, 0.000005, -0.000014
0.802000, 0.000005, -0.000014
0.803000, 0.000005, -0.000014
0.804000, 0.000005, -0.000014
0.805000, 0.000005, -0.000014
0.806000, 0.000005, -0.000014
0.807000, 0.000005, -0.000014
0.808000, 0.000005, -0.000014
0.809000, 0.000004, -0.000014
0.810000, 0.000004, -0.000014
0.811000, 0.000004, -0.000014
0.812000, 0.000004, -0.000014
0.813000, 0.000004, -0.000014
0.814000, 0.000004, -0.000014
0.815000, 0.000004, -0.000014
0.816000, 0.000004, -0.000014
0.817000, 0.000004, -0.000014
0.818000, 0.000004, -0.000014
0.819000, 0.000004, -0.000014
0.820000, 0.000004, -0.000014
0.821000, 0.000004, -0.000014
0.822000, 0.000004, -0.000014
0.823000, 0.000004, -0.000014
0.824000, 0.000004, -0.000014
0.825000, 0.000004, -0.000014
0.826000, 0.000004, -0.000014
0.827000, 0.000004, -0.000014
0.828000, 0.000004, -0.000014
0.829000, 0.000004, -0.000014
0.830000, 0.000004, -0.000014
0.831000, 0.000004, -0.000014
0.832000, 0.000004, -0.000014
0.833000, 0.000004, -0.000014
0.834000, 0.000004, -0.000014
0.835000, 0.000004, -0.000014
0.836000, 0.000004, -0.000014
0.837000, 0.000004, -0.000014
0.838000, 0.000004, -0.000014
0.839000, 0.000004, -0.000014
0.840000, 0.000004, -0.000014
0.841000, 0.000004, -0.000014
0.842000, 0.000004, -0.000014
0.843000, 0.000004, -0.000014
0.844000, 0.000004, -0.000014
0.845000, 0.000004, -0.000014
0.846000, 0.000004, -0.000014
0.847000, 0.000004, -0.000014
0.848000, 0.000004, -0.000014
0.849000, 0.000004, -0.000014
0.850000, 0.000004, -0.000014
0.851000, 0.000004, -0.000014
0.852000, 0.000004, -0.000014
0.853000, 0.000004, -0.000014
0.854000, 0.000004, -0.000014
0.855000, 0.000004, -0.000014
0.856000, 0.000004, -0.000014
0.857000, 0.000004, -0.000014
0.858000, 0.000004, -0.000014
0.859000, 0.000004, -0.000014
0.860000, 0.000004, -0.000014
0.861000, 0.000004, -0.000014
0.862000, 0.000004, -0.000014
0.863000, 0.000004, -0.000014
0.864000, 0.000004, -0.000014
0.865000, 0.000004, -0.000014
0.866000, 0.000004, -0.000014
0.867000, 0.000004, -0.000014
0.868000, 0.000004, -0.000014
0.869000, 0.000004, -0.000014
0.870000, 0.000004, -0.000014
0.871000, 0.000004, -0.000014
0.872000, 0.000004, -0.000014
0.873000, 0.000004, -0.000014
0.874000, 0.000004, -0.000014
0.875000, 0.000004, -0.000014
0.876000, 0.000004, -0.000014
0.877000, 0.000004, -0.000014
0.878000, 0.000004, -0.000014
0.879000, 0.000003, -0.000014
0.880000, 0.000003, -0.000014
0.881000, 0.000003, -0.000014
0.882000, 0.000003, -0.000014
0.883000, 0.000003, -0.000014
0.884000, 0.000003, -0.000014
0.885000, 0.000003, -0.000014
0.886000, 0.000003, -0.000014
0.887000, 0.000003, -0.000014
0.888000, 0.000003, -0.000014
0.889000, 0.000003, -0.000014
0.890000, 0.000003, -0.000014
0.891000, 0.000003, -0.000014
0.892000, 0.000003, -0.000014
0.893000, 0.000003, -0.000014
0.894000, 0.000003, -0.000014
0.895000, 0.000003, -0.000014
0.896000, 0.000003, -0.000014
0.897000, 0.000003, -0.000014
0.898000, 0.000003, -0.000014
0.899000, 0.000003, -0.000014
0.900000, 0.000003, -0.000014
0.901000, 0.000003, -0.000014
0.902000, 0.000003, -0.000014
0.903000, 0.000003, -0.000014
0.904000, 0.000003, -0.000014
0.905000, 0.000003, -0.000014
0.906000, 0.000003, -0.000014
0.907000, 0.000003, -0.000014
0.908000, 0.000003, -0.000014
0.909000, 0.000003, -0.000014
0.910000, 0.000003, -0.000014
0.911000, 0.000003, -0.000014
0.912000, 0.000003, -0.000014
0.913000, 0.000003, -0.000014
0.914000, 0.000003, -0.000014
0.915000, 0.000003, -0.000014
0.916000, 0.000003, -0.000014
0.917000, 0.000003, -0.000014
0.918000, 0.000003, -0.000014
0.919000, 0.000003, -0.000014
0.920000, 0.000003, -0.000014
0.921000, 0.000003, -0.000014
0.922000, 0.000003, -0.000014
0.923000, 0.000003, -0.000014
0.924000, 0.000003, -0.000014
0.925000, 0.000003, -0.000014
0.926000, 0.000003, -0.000014
0.927000, 0.000003, -0.000014
0.928000, 0.000003, -0.000014
0.929000, 0.000003, -0.000014
0.930000, 0.000003, -0.000014
0.931000, 0.000003, -0.000014
0.932000, 0.000003, -0.000014
0.933000, 0.000003, -0.000014
0.934000, 0.000003, -0.000014
0.935000, 0.000003, -0.000014
0.936000, 0.000003, -0.000014
0.937000, 0.000003, -0.000014
0.938000, 0.000003, -0.000014
0.939000, 0.000003, -0.000014
0.940000, 0.000003, -0.000014
0.941000, 0.000003, -0.000014
0.942000, 0.000003, -0.000014
0.943000, 0.000003, -0.000014
0.944000, 0.000003, -0.000014
0.945000, 0.000003, -0.000014
0.946000, 0.000003, -0.000014
0.947000, 0.000003, -0.000014
0.948000, 0.000003, -0.000014
0.949000, 0.000003, -0.000014
0.950000, 0.000003, -0.000014
0.951000, 0.000003, -0.000014
0.952000, 0.000002, -0.000014
0.953000, 0.000002, -0.000014
0.954000, 0.000002, -0.000014
0.955000, 0.000002, -0.000014
0.956000, 0.000002, -0.000014
0.957000, 0.000002, -0.000014
0.958000, 0.000002, -0.000014
0.959000, 0.000002, -0.000014
0.960000, 0.000002, -0.000014
0.961000, 0.000002, -0.000014
0.962000, 0.000002, -0.000014
0.963000, 0.000002, -0.000014
0.964000, 0.000002, -0.000014
0.965000, 0.000002, -0.000014
0.966000, 0.000002, -0.000014
0.967000, 0.000002, -0.000014
0.968000, 0.000002, -0.000014
0.969000, 0.000002, -0.000014
0.970000, 0.000002, -0.000014
0.971000, 0.000002, -0.000014
0.972000, 0.000002, -0.000014
0.973000, 0.000002, -0.000014
0.974000, 0.000002, -0.000014
0.975000, 0.000002, -0.000014
0.976000, 0.000002, -0.000014
0.977000, 0.000002, -0.000014
0.978000, 0.000002, -0.000014
0.979000, 0.000002, -0.000014
0.980000, 0.000002, -0.000014
0.981000, 0.000002, -0.000014
0.982000, 0.000002, -0.000014
0.983000, 0.000002, -0.000014
0.984000, 0.000002, -0.000014
0.985000, 0.000002, -0.000014
0.986000, 0.000002, -0.000014
0.987000, 0.000002, -0.000014
0.988000, 0.000002, -0.000014
0.989000, 0.000002, -0.000014
0.990000, 0.000002, -0.000014
0.991000, 0.000002, -0.000014
0.992000, 0.000002, -0.000014
0.993000, 0.000002, -0.000014
0.994000, 0.000002, -0.000014
0.995000, 0.000002, -0.000014
0.996000, 0.000002, -0.000014
0.997000, 0.000002, -0.000014
0.998000, 0.000002, -0.000014
0.999000, 0.000002, -0.000014
1.000000, 1.500002, -0.000014
1.001000, 1.485748, -9.502815
1.002000, 1.463301, -18.132179
1.003000, 1.433505, -25.907710
1.004000, 1.397180, -32.852621
1.005000, 1.355117, -38.993301
1.006000, 1.308075, -44.358963
1.007000, 1.256782, -48.981323
1.008000, 1.201931, -52.894293
1.009000, 1.144178, -56.133668
1.010000, 1.084140, -58.736793
1.011000, 1.022395, -60.742202
1.012000, 0.959482, -62.189243
1.013000, 0.895900, -63.117680
1.014000, 0.832108, -63.567313
1.015000, 0.768525, -63.577603
1.016000, 0.705533, -63.187343
1.017000, 0.643475, -62.434372
1.018000, 0.582659, -61.355344
1.019000, 0.523359, -59.985550
1.020000, 0.465813, -58.358804
1.021000, 0.410232, -56.507361
1.022000, 0.356793, -54.461885
1.023000, 0.305646, -52.251436
1.024000, 0.256917, -49.903480
1.025000, 0.210703, -47.443911
1.026000, 0.167079, -44.897074
1.027000, 0.126099, -42.285788
1.028000, 0.087795, -39.631373
1.029000, 0.052180, -36.953666
1.030000, 0.019250, -34.271044
1.031000, -0.011015, -31.600439
1.032000, -0.038651, -28.957353
1.033000, -0.063706, -26.355884
1.034000, -0.086241, -23.808744
1.035000, -0.106328, -21.327287
1.036000, -0.124046, -18.921541
1.037000, -0.139486, -16.600247
1.038000, -0.152742, -14.370901
1.039000, -0.163916, -12.239802
1.040000, -0.173115, -10.212106
1.041000, -0.180446, -8.291885
1.042000, -0.186024, -6.482183
1.043000, -0.189960, -4.785085
1.044000, -0.192370, -3.201780
1.045000, -0.193368, -1.732627
1.046000, -0.193068, -0.377226
1.047000, -0.191581, 0.865519
1.048000, -0.189018, 1.997332
1.049000, -0.185486, 3.020496
1.050000, -0.181089, 3.937798
1.051000, -0.175930, 4.752456
1.052000, -0.170104, 5.468073
1.053000, -0.163705, 6.088568
1.054000, -0.156822, 6.618133
1.055000, -0.149539, 7.061175
1.056000, -0.141936, 7.422272
1.057000, -0.134088, 7.706130
1.058000, -0.126065, 7.917537
1.059000, -0.117932, 8.061330
1.060000, -0.109749, 8.142357
1.061000, -0.101572, 8.165449
1.062000, -0.093452, 8.135386
1.063000, -0.085434, 8.056874
1.064000, -0.077561, 7.934522
1.065000, -0.069869, 7.772821
1.066000, -0.062391, 7.576125
1.067000, -0.055156, 7.348637
1.068000, -0.048189, 7.094395
1.069000, -0.041510, 6.817262
1.070000, -0.035137, 6.520914
1.071000, -0.029085, 6.208836
1.072000, -0.023363, 5.884315
1.073000, -0.017979, 5.550438
1.074000, -0.012939, 5.210087
1.075000, -0.008245, 4.865941
1.076000, -0.003897, 4.520477
1.077000, 0.000106, 4.175966
1.078000, 0.003770, 3.834486
1.079000, 0.007100, 3.497917
1.080000, 0.010103, 3.167950
1.081000, 0.012788, 2.846090
1.082000, 0.015165, 2.533666
1.083000, 0.017246, 2.231834
1.084000, 0.019043, 1.941588
1.085000, 0.020567, 1.663763
1.086000, 0.021834, 1.399047
1.087000, 0.022857, 1.147988
1.088000, 0.023649, 0.911000
1.089000, 0.024226, 0.688378
1.090000, 0.024602, 0.480297
1.091000, 0.024792, 0.286831
1.092000, 0.024811, 0.107954
1.093000, 0.024672, -0.056450
1.094000, 0.024391, -0.206576
1.095000, 0.023980, -0.342692
1.096000, 0.023454, -0.465132
1.097000, 0.022825, -0.574287
1.098000, 0.022106, -0.670598
1.099000, 0.021309, -0.754549
1.100000, 0.020447, -0.826660
1.101000, 0.019529, -0.887483
1.102000, 0.018566, -0.937592
1.103000, 0.017569, -0.977579
1.104000, 0.016545, -1.008052
1.105000, 0.015505, -1.029625
1.106000, 0.014455, -1.042917
1.107000, 0.013404, -1.048545
1.108000, 0.012358, -1.047123
1.109000, 0.011322, -1.039258
1.110000, 0.010304, -1.025543
1.111000, 0.009307, -1.006560
1.112000, 0.008335, -0.982874
1.113000, 0.007394, -0.955033
1.114000, 0.006487, -0.923562
1.115000, 0.005615, -0.888966
1.116000, 0.004782, -0.851726
1.117000, 0.003989, -0.812300
1.118000, 0.003239, -0.771121
1.119000, 0.002531, -0.728594
1.120000, 0.001868, -0.685100
1.121000, 0.001249, -0.640995
1.122000, 0.000675, -0.596606
1.123000, 0.000145, -0.552236
1.124000, -0.000342, -0.508160
1.125000, -0.000784, -0.464632
1.126000, -0.001185, -0.421876
1.127000, -0.001544, -0.380096
1.128000, -0.001863, -0.339471
1.129000, -0.002144, -0.300157
1.130000, -0.002387, -0.262291
1.131000, -0.002595, -0.225987
1.132000, -0.002769, -0.191340
1.133000, -0.002911, -0.158428
1.134000, -0.003023, -0.127308
1.135000, -0.003106, -0.098026
1.136000, -0.003163, -0.070608
1.137000, -0.003195, -0.045069
1.138000, -0.003205, -0.021410
1.139000, -0.003194, 0.000381
1.140000, -0.003163, 0.020324
1.141000, -0.003116, 0.038452
1.142000, -0.003053, 0.054804
1.143000, -0.002976, 0.069429
1.144000, -0.002887, 0.082381
1.145000, -0.002788, 0.093720
1.146000, -0.002679, 0.103512
1.147000, -0.002563, 0.111827
1.148000, -0.002441, 0.118737
1.149000, -0.002314, 0.124319
1.150000, -0.002183, 0.128649
1.151000, -0.002050, 0.131807
1.152000, -0.001915, 0.133872
1.153000, -0.001780, 0.134924
1.154000, -0.001644, 0.135042
1.155000, -0.001511, 0.134304
1.156000, -0.001379, 0.132787
1.157000, -0.001249, 0.130567
1.158000, -0.001123, 0.127718
1.159000, -0.001000, 0.124310
1.160000, -0.000882, 0.120412
1.161000, -0.000768, 0.116090
1.162000, -0.000659, 0.111407
1.163000, -0.000555, 0.106423
1.164000, -0.000456, 0.101195
1.165000, -0.000363, 0.095776
1.166000, -0.000276, 0.090216
1.167000, -0.000194, 0.084562
1.168000, -0.000118, 0.078857
1.169000, -0.000048, 0.073142
1.170000, 0.000017, 0.067453
1.171000, 0.000076, 0.061823
1.172000, 0.000129, 0.056284
1.173000, 0.000178, 0.050861
1.174000, 0.000221, 0.045579
1.175000, 0.000258, 0.040459
1.176000, 0.000292, 0.035520
1.177000, 0.000320, 0.030777
1.178000, 0.000344, 0.026243
1.179000, 0.000364, 0.021929
1.180000, 0.000379, 0.017843
1.181000, 0.000392, 0.013992
1.182000, 0.000400, 0.010380
1.183000, 0.000405, 0.007009
1.184000, 0.000408, 0.003880
1.185000, 0.000407, 0.000992
1.186000, 0.000404, -0.001658
1.187000, 0.000399, -0.004072
1.188000, 0.000392, -0.006256
1.189000, 0.000382, -0.008215
1.190000, 0.000372, -0.009957
1.191000, 0.000359, -0.011488
1.192000, 0.000346, -0.012817
1.193000, 0.000331, -0.013953
1.194000, 0.000316, -0.014905
1.195000, 0.000300, -0.015683
1.196000, 0.000283, -0.016297
1.197000, 0.000266, -0.016756
1.198000, 0.000249, -0.017070
1.199000, 0.000232, -0.017251
1.200000, 0.000214, -0.017308
1.201000, 0.000197, -0.017252
1.202000, 0.000180, -0.017092
1.203000, 0.000164, -0.016838
1.204000, 0.000147, -0.016500
1.205000, 0.000131, -0.016087
1.206000, 0.000116, -0.015607
1.207000, 0.000101, -0.015071
1.208000, 0.000087, -0.014485
1.209000, 0.000073, -0.013858
1.210000, 0.000061, -0.013196
1.211000, 0.000048, -0.012508
1.212000, 0.000037, -0.011800
1.213000, 0.000026, -0.011077
1.214000, 0.000016, -0.010346
1.215000, 0.000007, -0.009612
1.216000, -0.000002, -0.008879
1.217000, -0.000009, -0.008153
1.218000, -0.000016, -0.007437
1.219000, -0.000023, -0.006735
1.220000, -0.000028, -0.006049
1.221000, -0.000034, -0.005384
1.222000, -0.000038, -0.004741
1.223000, -0.000042, -0.004123
1.224000, -0.000045, -0.003531
1.225000, -0.000048, -0.002967
1.226000, -0.000050, -0.002432
1.227000, -0.000052, -0.001927
1.228000, -0.000053, -0.001452
1.229000, -0.000054, -0.001009
1.230000, -0.000054, -0.000596
1.231000, -0.000054, -0.000215
1.232000, -0.000054, 0.000136
1.233000, -0.000053, 0.000456
1.234000, -0.000052, 0.000747
1.235000, -0.000051, 0.001008
1.236000, -0.000050, 0.001241
1.237000, -0.000048, 0.001447
1.238000, -0.000046, 0.001626
1.239000, -0.000045, 0.001780
1.240000, -0.000043, 0.001910
1.241000, -0.000040, 0.002017
1.242000, -0.000038, 0.002102
1.243000, -0.000036, 0.002167
1.244000, -0.000034, 0.002214
1.245000, -0.000032, 0.002242
1.246000, -0.000029, 0.002254
1.247000, -0.000027, 0.002252
1.248000, -0.000025, 0.002235
1.249000, -0.000023, 0.002206
1.250000, -0.000021, 0.002165
1.251000, -0.000018, 0.002115
1.252000, -0.000016, 0.002056
1.253000, -0.000014, 0.001988
1.254000, -0.000013, 0.001915
1.255000, -0.000011, 0.001835
1.256000, -0.000009, 0.001751
1.257000, -0.000007, 0.001663
1.258000, -0.000006, 0.001572
1.259000, -0.000005, 0.001480
1.260000, -0.000003, 0.001385
1.261000, -0.000002, 0.001291
1.262000, -0.000001, 0.001196
1.263000, 0.000000, 0.001102
1.264000, 0.000001, 0.001009
1.265000, 0.000002, 0.000917
1.266000, 0.000003, 0.000828
1.267000, 0.000004, 0.000741
1.268000, 0.000004, 0.000657
1.269000, 0.000005, 0.000576
1.270000, 0.000005, 0.000498
1.271000, 0.000006, 0.000424
1.272000, 0.000006, 0.000354
1.273000, 0.000006, 0.000287
1.274000, 0.000006, 0.000224
1.275000, 0.000006, 0.000165
1.276000, 0.000007, 0.000111
1.277000, 0.000007, 0.000060
1.278000, 0.000007, 0.000013
1.279000, 0.000007, -0.000030
1.280000, 0.000006, -0.000069
1.281000, 0.000006, -0.000104
1.282000, 0.000006, -0.000135
1.283000, 0.000006, -0.000163
1.284000, 0.000006, -0.000188
1.285000, 0.000006, -0.000209
1.286000, 0.000005, -0.000227
1.287000, 0.000005, -0.000242
1.288000, 0.000005, -0.000254
1.289000, 0.000005, -0.000264
1.290000, 0.000004, -0.000271
1.291000, 0.000004, -0.000275
1.292000, 0.000004, -0.000278
1.293000, 0.000003, -0.000279
1.294000, 0.000003, -0.000277
1.295000, 0.000003, -0.000274
1.296000, 0.000003, -0.000270
1.297000, 0.000002, -0.000264
1.298000, 0.000002, -0.000257
1.299000, 0.000002, -0.000249
1.300000, 0.000002, -0.000240
1.301000, 0.000001, -0.000230
1.302000, 0.000001, -0.000219
1.303000, 0.000001, -0.000208
1.304000, 0.000001, -0.000197
1.305000, 0.000001, -0.000185
1.306000, 0.000000, -0.000173
1.307000, 0.000000, -0.000161
1.308000, 0.000000, -0.000149
1.309000, 0.000000, -0.000137
1.310000, -0.000000, -0.000126
1.311000, -0.000000, -0.000114
1.312000, -0.000000, -0.000102
1.313000, -0.000000, -0.000091
1.314000, -0.000000, -0.000081
1.315000, -0.000001, -0.000070
1.316000, -0.000001, -0.000060
1.317000, -0.000001, -0.000051
1.318000, -0.000001, -0.000041
1.319000, -0.000001, -0.000033
1.320000, -0.000001, -0.000025
1.321000, -0.000001, -0.000017
1.322000, -0.000001, -0.000010
1.323000, -0.000001, -0.000003
1.324000, -0.000001, 0.000003
1.325000, -0.000001, 0.000008
1.326000, -0.000001, 0.000013
1.327000, -0.000001, 0.000018
1.328000, -0.000001, 0.000022
1.329000, -0.000001, 0.000026
1.330000, -0.000001, 0.000029
1.331000, -0.000001, 0.000032
1.332000, -0.000001, 0.000034
1.333000, -0.000000, 0.000036
1.334000, -0.000000, 0.000038
1.335000, -0.000000, 0.000039
1.336000, -0.000000, 0.000040
1.337000, -0.000000, 0.000040
1.338000, -0.000000, 0.000041
1.339000, -0.000000, 0.000041
1.340000, -0.000000, 0.000041
1.341000, -0.000000, 0.000040
1.342000, -0.000000, 0.000040
1.343000, -0.000000, 0.000039
1.344000, -0.000000, 0.000038
1.345000, -0.000000, 0.000037
1.346000, 0.000000, 0.000036
1.347000, 0.000000, 0.000034
1.348000, 0.000000, 0.000033
1.349000, 0.000000, 0.000031
1.350000, 0.000000, 0.000030
1.351000, 0.000000, 0.000028
1.352000, 0.000000, 0.000027
1.353000, 0.000000, 0.000025
1.354000, 0.000000, 0.000023
1.355000, 0.000000, 0.000022
1.356000, 0.000000, 0.000020
1.357000, 0.000000, 0.000019
1.358000, 0.000000, 0.000017
1.359000, 0.000000, 0.000016
1.360000, 0.000000, 0.000014
1.361000, 0.000000, 0.000013
1.362000, 0.000000, 0.000011
1.363000, 0.000000, 0.000010
1.364000, 0.000000, 0.000009
1.365000, 0.000000, 0.000008
1.366000, 0.000000, 0.000007
1.367000, 0.000000, 0.000006
1.368000, 0.000000, 0.000005
1.369000, 0.000000, 0.000004
1.370000, 0.000000, 0.000003
1.371000, 0.000000, 0.000002
1.372000, 0.000000, 0.000001
1.373000, 0.000000, 0.000001
1.374000, 0.000000, -0.000000
1.375000, 0.000000, -0.000001
1.376000, 0.000000, -0.000001
1.377000, 0.000000, -0.000001
1.378000, 0.000000, -0.000002
1.379000, 0.000000, -0.000002
1.380000, 0.000000, -0.000002
1.381000, 0.000000, -0.000003
1.382000, 0.000000, -0.000003
1.383000, 0.000000, -0.000003
1.384000, 0.000000, -0.000003
1.385000, 0.000000, -0.000003
1.386000, 0.000000, -0.000003
1.387000, 0.000000, -0.000003
1.388000, 0.000000, -0.000003
1.389000, 0.000000, -0.000003
1.390000, 0.000000, -0.000003
1.391000, 0.000000, -0.000003
1.392000, 0.000000, -0.000003
1.393000, 0.000000, -0.000003
1.394000, 0.000000, -0.000002
1.395000, 0.000000, -0.000002
1.396000, 0.000000, -0.000002
1.397000, 0.000000, -0.000002
1.398000, 0.000000, -0.000002
1.399000, 0.000000, -0.000002
1.400000, 0.000000, -0.000001
1.401000, 0.000000, -0.000001
1.402000, 0.000000, -0.000001
1.403000, 0.000000, -0.000001
1.404000, 0.000000, -0.000001
1.405000, 0.000000, -0.000000
1.406000, 0.000000, -0.000000
1.407000, 0.000000, -0.000000
1.408000, 0.000000, 0.000000
1.409000, 0.000000, 0.000000
1.410000, 0.000000, 0.000000
1.411000, 0.000000, 0.000000
1.412000, 0.000000, 0.000001
1.413000, 0.000000, 0.000001
1.414000, 0.000000, 0.000001
1.415000, 0.000000, 0.000001
1.416000, 0.000000, 0.000001
1.417000, 0.000000, 0.000001
1.418000, 0.000000, 0.000001
1.419000, 0.000000, 0.000001
1.420000, 0.000000, 0.000001
1.421000, 0.000000, 0.000001
1.422000, 0.000000, 0.000001
1.423000, 0.000000, 0.000001
1.424000, 0.000000, 0.000001
1.425000, 0.000000, 0.000001
1.426000, 0.000000, 0.000002
1.427000, 0.000000, 0.000002
1.428000, 0.000000, 0.000002
1.429000, 0.000000, 0.000002
1.430000, 0.000000, 0.000002
1.431000, 0.000000, 0.000002
1.432000, 0.000000, 0.000002
1.433000, 0.000000, 0.000002
1.434000, 0.000000, 0.000001
1.435000, 0.000000, 0.000001
1.436000, 0.000000, 0.000001
1.437000, 0.000000, 0.000001
1.438000, 0.000000, 0.000001
1.439000, 0.000000, 0.000001
1.440000, 0.000000, 0.000001
1.441000, 0.000000, 0.000001
1.442000, 0.000000, 0.000001
1.443000, 0.000000, 0.000001
1.444000, 0.000000, 0.000001
1.445000, 0.000000, 0.000001
1.446000, 0.000000, 0.000001
1.447000, 0.000000, 0.000001
1.448000, 0.000000, 0.000001
1.449000, 0.000000, 0.000001
1.450000, 0.000000, 0.000001
1.451000, 0.000000, 0.000001
1.452000, 0.000000, 0.000001
1.453000, 0.000000, 0.000001
1.454000, 0.000000, 0.000001
1.455000, 0.000000, 0.000001
1.456000, 0.000000, 0.000001
1.457000, 0.000000, 0.000001
1.458000, 0.000000, 0.000001
1.459000, 0.000000, 0.000001
1.460000, 0.000000, 0.000001
1.461000, 0.000000, 0.000001
1.462000, 0.000000, 0.000001
1.463000, 0.000000, 0.000001
1.464000, 0.000000, 0.000001
1.465000, 0.000000, 0.000001
1.466000, 0.000000, 0.000001
1.467000, 0.000000, 0.000001
1.468000, 0.000000, 0.000001
1.469000, 0.000000, 0.000001
1.470000, 0.000000, 0.000001
1.471000, 0.000000, 0.000001
1.472000, 0.000000, 0.000001
1.473000, 0.000000, 0.000001
1.474000, 0.000000, 0.000001
1.475000, 0.000000, 0.000001
1.476000, 0.000000, 0.000001
1.477000, 0.000000, 0.000001
1.478000, 0.000000, 0.000001
1.479000, 0.000000, 0.000001
1.480000, 0.000000, 0.000001
1.481000, 0.000000, 0.000001
1.482000, 0.000000, 0.000001
1.483000, 0.000000, 0.000001
1.484000, 0.000000, 0.000001
1.485000, 0.000000, 0.000001
1.486000, 0.000000, 0.000001
1.487000, 0.000000, 0.000001
1.488000, 0.000000, 0.000001
1.489000, 0.000000, 0.000001
1.490000, 0.000000, 0.000001
1.491000, 0.000000, 0.000001
1.492000, 0.000000, 0.000001
1.493000, 0.000000, 0.000001
1.494000, 0.000000, 0.000001
1.495000, 0.000000, 0.000001
1.496000, 0.000000, 0.000001
1.497000, 0.000000, 0.000001
1.498000, 0.000000, 0.000001
1.499000, 0.000000, 0.000001
1.500000, 0.000000, 0.000001
1.501000, 0.000000, 0.000001
1.502000, 0.000000, 0.000001
1.503000, 0.000000, 0.000001
1.504000, 0.000000, 0.000001
1.505000, 0.000000, 0.000001
1.506000, 0.000000, 0.000001
1.507000, 0.000000, 0.000001
1.508000, 0.000000, 0.000001
1.509000, 0.000000, 0.000001
1.510000, 0.000000, 0.000001
1.511000, 0.000000, 0.000001
1.512000, 0.000000, 0.000001
1.513000, 0.000000, 0.000000
1.514000, 0.000000, 0.000000
1.515000, 0.000000, 0.000000
1.516000, 0.000000, 0.000000
1.517000, 0.000000, 0.000000
1.518000, 0.000000, 0.000000
1.519000, 0.000000, 0.000000
1.520000, 0.000000, 0.000000
1.521000, 0.000000, 0.000000
1.522000, 0.000000, 0.000000
1.523000, 0.000000, 0.000000
1.524000, 0.000000, 0.000000
1.525000, 0.000000, 0.000000
1.526000, 0.000000, 0.000000
1.527000, 0.000000, 0.000000
1.528000, 0.000000, 0.000000
1.529000, 0.000000, 0.000000
1.530000, 0.000000, 0.000000
1.531000, 0.000000, 0.000000
1.532000, 0.000000, 0.000000
1.533000, 0.000000, 0.000000
1.534000, 0.000000, 0.000000
1.535000, 0.000000, 0.000000
1.536000, 0.000000, 0.000000
1.537000, 0.000000, 0.000000
1.538000, 0.000000, 0.000000
1.539000, 0.000000, 0.000000
1.540000, 0.000000, 0.000000
1.541000, 0.000000, 0.000000
1.542000, 0.000000, 0.000000
1.543000, 0.000000, 0.000000
1.544000, 0.000000, 0.000000
1.545000, 0.000000, 0.000000
1.546000, 0.000000, 0.000000
1.547000, 0.000000, 0.000000
1.548000, 0.000000, 0.000000
1.549000, 0.000000, 0.000000
1.550000, 0.000000, 0.000000
1.551000, 0.000000, 0.000000
1.552000, 0.000000, 0.000000
1.553000, 0.000000, 0.000000
1.554000, 0.000000, 0.000000
1.555000, 0.000000, 0.000000
1.556000, 0.000000, 0.000000
1.557000, 0.000000, 0.000000
1.558000, 0.000000, 0.000000
1.559000, 0.000000, 0.000000
1.560000, 0.000000, 0.000000
1.561000, 0.000000, 0.000000
1.562000, 0.000000, 0.000000
1.563000, 0.000000, 0.000000
1.564000, 0.000000, 0.000000
1.565000, 0.000000, 0.000000
1.566000, 0.000000, 0.000000
1.567000, 0.000000, 0.000000
1.568000, 0.000000, 0.000000
1.569000, 0.000000, 0.000000
1.570000, 0.000000, 0.000000
1.571000, 0.000000, 0.000000
1.572000, 0.000000, 0.000000
1.573000, 0.000000, 0.000000
1.574000, 0.000000, 0.000000
1.575000, 0.000000, 0.000000
1.576000, 0.000000, 0.000000
1.577000, 0.000000, 0.000000
1.578000, 0.000000, 0.000000
1.579000, 0.000000, 0.000000
1.580000, 0.000000, 0.000000
1.581000, 0.000000, 0.000000
1.582000, 0.000000, 0.000000
1.583000, 0.000000, 0.000000
1.584000, 0.000000, 0.000000
1.585000, 0.000000, 0.000000
1.586000, 0.000000, 0.000000
1.587000, 0.000000, 0.000000
1.588000, 0.000000, 0.000000
1.589000, 0.000000, 0.000000
1.590000, 0.000000, 0.000000
1.591000, 0.000000, 0.000000
1.592000, 0.000000, 0.000000
1.593000, 0.000000, 0.000000
1.594000, 0.000000, 0.000000
1.595000, 0.000000, 0.000000
1.596000, 0.000000, 0.000000
1.597000, 0.000000, 0.000000
1.598000, 0.000000, 0.000000
1.599000, 0.000000, 0.000000
1.600000, 0.000000, 0.000000
1.601000, 0.000000, 0.000000
1.602000, 0.000000, 0.000000
1.603000, 0.000000, 0.000000
1.604000, 0.000000, 0.000000
1.605000, 0.000000, 0.000000
1.606000, 0.000000, 0.000000
1.607000, 0.000000, 0.000000
1.608000, 0.000000, 0.000000
1.609000, 0.000000, 0.000000
1.610000, 0.000000, 0.000000
1.611000, 0.000000, 0.000000
1.612000, 0.000000, 0.000000
1.613000, 0.000000, 0.000000
1.614000, 0.000000, 0.000000
1.615000, 0.000000, 0.000000
1.616000, 0.000000, 0.000000
1.617000, 0.000000, 0.000000
1.618000, 0.000000, 0.000000
1.619000, 0.000000, 0.000000
1.620000, 0.000000, 0.000000
1.621000, 0.000000, 0.000000
1.622000, 0.000000, 0.000000
1.623000, 0.000000, 0.000000
1.624000, 0.000000, 0.000000
1.625000, 0.000000, 0.000000
1.626000, 0.000000, 0.000000
1.627000, 0.000000, 0.000000
1.628000, 0.000000, 0.000000
1.629000, 0.000000, 0.000000
1.630000, 0.000000, 0.000000
1.631000, 0.000000, 0.000000
1.632000, 0.000000, 0.000000
1.633000, 0.000000, 0.000000
1.634000, 0.000000, 0.000000
1.635000, 0.000000, 0.000000
1.636000, 0.000000, 0.000000
1.637000, 0.000000, 0.000000
1.638000, 0.000000, 0.000000
1.639000, 0.000000, 0.000000
1.640000, 0.000000, 0.000000
1.641000, 0.000000, 0.000000
1.642000, 0.000000, 0.000000
1.643000, 0.000000, 0.000000
1.644000, 0.000000, 0.000000
1.645000, 0.000000, 0.000000
1.646000, 0.000000, 0.000000
1.647000, 0.000000, 0.000000
1.648000, 0.000000, 0.000000
1.649000, 0.000000, 0.000000
1.650000, 0.000000, 0.000000
1.651000, 0.000000, 0.000000
1.652000, 0.000000, 0.000000
1.653000, 0.000000, 0.000000
1.654000, 0.000000, 0.000000
1.655000, 0.000000, 0.000000
1.656000, 0.000000, 0.000000
1.657000, 0.000000, 0.000000
1.658000, 0.000000, 0.000000
1.659000, 0.000000, 0.000000
1.660000, 0.000000, 0.000000
1.661000, 0.000000, 0.000000
1.662000, 0.000000, 0.000000
1.663000, 0.000000, 0.000000
1.664000, 0.000000, 0.000000
1.665000, 0.000000, 0.000000
1.666000, 0.000000, 0.000000
1.667000, 0.000000, 0.000000
1.668000, 0.000000, 0.000000
1.669000, 0.000000, 0.000000
1.670000, 0.000000, 0.000000
1.671000, 0.000000, 0.000000
1.672000, 0.000000, 0.000000
1.673000, 0.000000, 0.000000
1.674000, 0.000000, 0.000000
1.675000, 0.000000, 0.000000
1.676000, 0.000001, 0.000000
1.677000, 0.000001, 0.000000
1.678000, 0.000001, 0.000000
1.679000, 0.000001, 0.000000
1.680000, 0.000001, 0.000000
1.681000, 0.000001, 0.000000
1.682000, 0.000001, 0.000000
1.683000, 0.000001, 0.000000
1.684000, 0.000001, 0.000000
1.685000, 0.000001, 0.000000
1.686000, 0.000001, 0.000000
1.687000, 0.000001, 0.000000
1.688000, 0.000001, 0.000000
1.689000, 0.000001, 0.000000
1.690000, 0.000001, 0.000000
1.691000, 0.000001, 0.000000
1.692000, 0.000001, 0.000000
1.693000, 0.000001, 0.000000
1.694000, 0.000001, 0.000000
1.695000, 0.000001, 0.000000
1.696000, 0.000001, 0.000000
1.697000, 0.000001, 0.000000
1.698000, 0.000001, 0.000000
1.699000, 0.000001, 0.000000
1.700000, 0.000001, 0.000000
1.701000, 0.000001, 0.000000
1.702000, 0.000001, 0.000000
1.703000, 0.000001, 0.000000
1.704000, 0.000001, 0.000000
1.705000, 0.000001, 0.000000
1.706000, 0.000001, 0.000000
1.707000, 0.000001, 0.000000
1.708000, 0.000001, 0.000000
1.709000, 0.000001, 0.000000
1.710000, 0.000001, 0.000000
1.711000, 0.000001, 0.000000
1.712000, 0.000001, 0.000000
1.713000, 0.000001, 0.000000
1.714000, 0.000001, 0.000000
1.715000, 0.000001, 0.000000
1.716000, 0.000001, 0.000000
1.717000, 0.000001, 0.000000
1.718000, 0.000001, 0.000000
1.719000, 0.000001, 0.000000
1.720000, 0.000001, 0.000000
1.721000, 0.000001, 0.000000
1.722000, 0.000001, 0.000000
1.723000, 0.000001, 0.000000
1.724000, 0.000001, 0.000000
1.725000, 0.000001, 0.000000
1.726000, 0.000001, 0.000000
1.727000, 0.000001, 0.000000
1.728000, 0.000001, 0.000000
1.729000, 0.000001, 0.000000
1.730000, 0.000001, 0.000000
1.731000, 0.000001, 0.000000
1.732000, 0.000001, 0.000000
1.733000, 0.000001, 0.000000
1.734000, 0.000001, 0.000000
1.735000, 0.000001, 0.000000
1.736000, 0.000001, 0.000000
1.737000, 0.000001, 0.000000
1.738000, 0.000001, 0.000000
1.739000, 0.000001, 0.000000
1.740000, 0.000001, 0.000000
1.741000, 0.000001, 0.000000
1.742000, 0.000001, 0.000000
1.743000, 0.000001, 0.000000
1.744000, 0.000001, 0.000000
1.745000, 0.000001, 0.000000
1.746000, 0.000001, 0.000000
1.747000, 0.000001, 0.000000
1.748000, 0.000001, 0.000000
1.749000, 0.000001, 0.000000
1.750000, 0.000001, 0.000000
1.751000, 0.000001, 0.000000
1.752000, 0.000001, 0.000000
1.753000, 0.000001, 0.000000
1.754000, 0.000001, 0.000000
1.755000, 0.000001, 0.000000
1.756000, 0.000001, 0.000000
1.757000, 0.000001, 0.000000
1.758000, 0.000001, 0.000000
1.759000, 0.000001, 0.000000
1.760000, 0.000001, 0.000000
1.761000, 0.000001, 0.000000
1.762000, 0.000001, 0.000000
1.763000, 0.000001, 0.000000
1.764000, 0.000001, 0.000000
1.765000, 0.000001, 0.000000
1.766000, 0.000001, 0.000000
1.767000, 0.000001, 0.000000
1.768000, 0.000001, 0.000000
1.769000, 0.000001, 0.000000
1.770000, 0.000001, 0.000000
1.771000, 0.000001, 0.000000
1.772000, 0.000001, 0.000000
1.773000, 0.000001, 0.000000
1.774000, 0.000001, 0.000000
1.775000, 0.000001, 0.000000
1.776000, 0.000001, 0.000000
1.777000, 0.000001, 0.000000
1.778000, 0.000001, 0.000000
1.779000, 0.000001, 0.000000
1.780000, 0.000001, 0.000000
1.781000, 0.000001, 0.000000
1.782000, 0.000001, 0.000000
1.783000, 0.000001, 0.000000
1.784000, 0.000001, 0.000000
1.785000, 0.000001, 0.000000
1.786000, 0.000001, 0.000000
1.787000, 0.000001, 0.000000
1.788000, 0.000001, 0.000000
1.789000, 0.000001, 0.000000
1.790000, 0.000001, 0.000000
1.791000, 0.000001, 0.000000
1.792000, 0.000001, 0.000000
1.793000, 0.000001, 0.000000
1.794000, 0.000001, 0.000000
1.795000, 0.000001, 0.000000
1.796000, 0.000001, 0.000000
1.797000, 0.000001, 0.000000
1.798000, 0.000001, 0.000000
1.799000, 0.000001, 0.000000
1.800000, 0.000001, 0.000000
1.801000, 0.000001, 0.000000
1.802000, 0.000001, 0.000000
1.803000, 0.000001, 0.000000
1.804000, 0.000001, 0.000000
1.805000, 0.000001, 0.000000
1.806000, 0.000001, 0.000000
1.807000, 0.000001, 0.000000
1.808000, 0.000001, 0.000000
1.809000, 0.000001, 0.000000
1.810000, 0.000001, 0.000000
1.811000, 0.000001, 0.000000
1.812000, 0.000001, 0.000000
1.813000, 0.000001, 0.000000
1.814000, 0.000001, 0.000000
1.815000, 0.000001, 0.000000
1.816000, 0.000001, 0.000000
1.817000, 0.000001, 0.000000
1.818000, 0.000001, 0.000000
1.819000, 0.000001, 0.000000
1.820000, 0.000001, 0.000000
1.821000, 0.000001, 0.000000
1.822000, 0.000001, 0.000000
1.823000, 0.000001, 0.000000
1.824000, 0.000001, 0.000000
1.825000, 0.000001, 0.000000
1.826000, 0.000001, 0.000000
1.827000, 0.000001, 0.000000
1.828000, 0.000001, 0.000000
1.829000, 0.000001, 0.000000
1.830000, 0.000001, 0.000000
1.831000, 0.000001, 0.000000
1.832000, 0.000001, 0.000000
1.833000, 0.000001, 0.000000
1.834000, 0.000001, 0.000000
1.835000, 0.000001, 0.000000
1.836000, 0.000001, 0.000000
1.837000, 0.000001, 0.000000
1.838000, 0.000001, 0.000000
1.839000, 0.000001, 0.000000
1.840000, 0.000001, 0.000000
1.841000, 0.000001, 0.000000
1.842000, 0.000001, 0.000000
1.843000, 0.000001, 0.000000
1.844000, 0.000001, 0.000000
1.845000, 0.000001, 0.000000
1.846000, 0.000001, 0.000000
1.847000, 0.000001, 0.000000
1.848000, 0.000001, 0.000000
1.849000, 0.000001, 0.000000
1.850000, 0.000001, 0.000000
1.851000, 0.000001, 0.000000
1.852000, 0.000001, 0.000000
1.853000, 0.000001, 0.000000
1.854000, 0.000001, 0.000000
1.855000, 0.000001, 0.000000
1.856000, 0.000001, 0.000000
1.857000, 0.000001, 0.000000
1.858000, 0.000001, 0.000000
1.859000, 0.000001, 0.000000
1.860000, 0.000001, 0.000000
1.861000, 0.000001, 0.000000
1.862000, 0.000001, 0.000000
1.863000, 0.000001, 0.000000
1.864000, 0.000001, 0.000000
1.865000, 0.000001, 0.000000
1.866000, 0.000001, 0.000000
1.867000, 0.000001, 0.000000
1.868000, 0.000001, 0.000000
1.869000, 0.000001, 0.000000
1.870000, 0.000001, 0.000000
1.871000, 0.000001, 0.000000
1.872000, 0.000001, 0.000000
1.873000, 0.000001, 0.000000
1.874000, 0.000001, 0.000000
1.875000, 0.000001, 0.000000
1.876000, 0.000001, 0.000000
1.877000, 0.000001, 0.000000
1.878000, 0.000001, 0.000000
1.879000, 0.000001, 0.000000
1.880000, 0.000001, 0.000000
1.881000, 0.000001, 0.000000
1.882000, 0.000001, 0.000000
1.883000, 0.000001, 0.000000
1.884000, 0.000001, 0.000000
1.885000, 0.000001, 0.000000
1.886000, 0.000001, 0.000000
1.887000, 0.000001, 0.000000
1.888000, 0.000001, 0.000000
1.889000, 0.000001, 0.000000
1.890000, 0.000001, 0.000000
1.891000, 0.000001, 0.000000
1.892000, 0.000001, 0.000000
1.893000, 0.000001, 0.000000
1.894000, 0.000001, 0.000000
1.895000, 0.000001, 0.000000
1.896000, 0.000001, 0.000000
1.897000, 0.000001, 0.000000
1.898000, 0.000001, 0.000000
1.899000, 0.000001, 0.000000
1.900000, 0.000001, 0.000000
1.901000, 0.000001, 0.000000
1.902000, 0.000001, 0.000000
1.903000, 0.000001, 0.000000
1.904000, 0.000001, 0.000000
1.905000, 0.000001, 0.000000
1.906000, 0.000001, 0.000000
1.907000, 0.000001, 0.000000
1.908000, 0.000001, 0.000000
1.909000, 0.000001, 0.000000
1.910000, 0.000001, 0.000000
1.911000, 0.000001, 0.000000
1.912000, 0.000001, 0.000000
1.913000, 0.000001, 0.000000
1.914000, 0.000001, 0.000000
1.915000, 0.000001, 0.000000
1.916000, 0.000001, 0.000000
1.917000, 0.000001, 0.000000
1.918000, 0.000001, 0.000000
1.919000, 0.000001, 0.000000
1.920000, 0.000001, 0.000000
1.921000, 0.000001, 0.000000
1.922000, 0.000001, 0.000000
1.923000, 0.000001, 0.000000
1.924000, 0.000001, 0.000000
1.925000, 0.000001, 0.000000
1.926000, 0.000001, 0.000000
1.927000, 0.000001, 0.000000
1.928000, 0.000001, 0.000000
1.929000, 0.000001, 0.000000
1.930000, 0.000001, 0.000000
1.931000, 0.000001, 0.000000
1.932000, 0.000001, 0.000000
1.933000, 0.000001, 0.000000
1.934000, 0.000001, 0.000000
1.935000, 0.000001, 0.000000
1.936000, 0.000001, 0.000000
1.937000, 0.000001, 0.000000
1.938000, 0.000001, 0.000000
1.939000, 0.000001, 0.000000
1.940000, 0.000001, 0.000000
1.941000, 0.000001, 0.000000
1.942000, 0.000001, 0.000000
1.943000, 0.000001, 0.000000
1.944000, 0.000001, 0.000000
1.945000, 0.000001, 0.000000
1.946000, 0.000001, 0.000000
1.947000, 0.000001, 0.000000
1.948000, 0.000001, 0.000000
1.949000, 0.000001, 0.000000
1.950000, 0.000001, 0.000000
1.951000, 0.000001, 0.000000
1.952000, 0.000001, 0.000000
1.953000, 0.000001, 0.000000
1.954000, 0.000001, 0.000000
1.955000, 0.000001, 0.000000
1.956000, 0.000001, 0.000000
1.957000, 0.000001, 0.000000
1.958000, 0.000001, 0.000000
1.959000, 0.000001, 0.000000
1.960000, 0.000001, 0.000000
1.961000, 0.000001, 0.000000
1.962000, 0.000001, 0.000000
1.963000, 0.000001, 0.000000
1.964000, 0.000001, 0.000000
1.965000, 0.000001, 0.000000
1.966000, 0.000001, 0.000000
1.967000, 0.000001, 0.000000
1.968000, 0.000001, 0.000000
1.969000, 0.000001, 0.000000
1.970000, 0.000001, 0.000000
1.971000, 0.000001, 0.000000
1.972000, 0.000001, 0.000000
1.973000, 0.000001, 0.000000
1.974000, 0.000001, 0.000000
1.975000, 0.000001, 0.000000
1.976000, 0.000001, 0.000000
1.977000, 0.000001, 0.000000
1.978000, 0.000001, 0.000000
1.979000, 0.000001, 0.000000
1.980000, 0.000001, 0.000000
1.981000, 0.000001, 0.000000
1.982000, 0.000001, 0.000000
1.983000, 0.000001, 0.000000
1.984000, 0.000001, 0.000000
1.985000, 0.000001, 0.000000
1.986000, 0.000001, 0.000000
1.987000, 0.000001, 0.000000
1.988000, 0.000001, 0.000000
1.989000, 0.000001, 0.000000
1.990000, 0.000001, 0.000000
1.991000, 0.000001, 0.000000
1.992000, 0.000001, 0.000000
1.993000, 0.000001, 0.000000
1.994000, 0.000001, 0.000000
1.995000, 0.000001, 0.000000
1.996000, 0.000001, 0.000000
1.997000, 0.000001, 0.000000
1.998000, 0.000001, 0.000000
1.999000, 0.000001, 0.000000
2.000000, 0.000001, 0.000000
2.001000, 1.500001, 0.000000
2.002000, 1.485894, -9.404483
2.003000, 1.463664, -17.954448
2.004000, 1.434137, -25.669578
2.005000, 1.398112, -32.573086
2.006000, 1.356362, -38.691277
2.007000, 1.309628, -44.053060
2.008000, 1.258621, -48.689458
2.009000, 1.204016, -52.633136
2.010000, 1.146455, -55.917976
2.011000, 1.086546, -58.578707
2.012000, 1.024860, -60.650603
2.013000, 0.961931, -62.169256
2.014000, 0.898260, -63.170394
2.015000, 0.834311, -63.689760
2.016000, 0.770511, -63.763017
2.017000, 0.707254, -63.425662
2.018000, 0.644897, -62.712948
2.019000, 0.583764, -61.659782
2.020000, 0.524143, -60.300614
2.021000, 0.466289, -58.669293
2.022000, 0.410426, -56.798911
2.023000, 0.356743, -54.721633
2.024000, 0.305401, -52.468526
2.025000, 0.256531, -50.069389
2.026000, 0.210237, -47.552603
2.027000, 0.166596, -44.945004
2.028000, 0.125660, -42.271773
2.029000, 0.087462, -39.556368
2.030000, 0.052009, -36.820473
2.031000, 0.019293, -34.083984
2.032000, -0.010712, -31.365008
2.033000, -0.038049, -28.679897
2.034000, -0.062774, -26.043286
2.035000, -0.070796, -23.468150
2.036000, -0.070796, -21.056801
2.037000, -0.070796, -18.847078
2.038000, -0.070796, -16.822112
2.039000, -0.070796, -14.966442
2.040000, -0.070796, -13.265905
2.041000, -0.070796, -11.707520
2.042000, -0.070796, -10.279395
2.043000, -0.070796, -8.970631
2.044000, -0.070796, -7.771242
2.045000, -0.070796, -6.672079
2.046000, -0.070796, -5.664755
2.047000, -0.070796, -4.741589
2.048000, -0.070796, -3.895540
2.049000, -0.070796, -3.120158
2.050000, -0.070796, -2.409531
2.051000, -0.070796, -1.758243
2.052000, -0.070796, -1.161331
2.053000, -0.070796, -0.614247
2.054000, -0.070658, -0.112824
2.055000, -0.070083, 0.345873
2.056000, -0.069112, 0.762612
2.057000, -0.067786, 1.138364
2.058000, -0.066144, 1.474278
2.059000, -0.064223, 1.771659
2.060000, -0.062061, 2.031944
2.061000, -0.059692, 2.256686
2.062000, -0.057149, 2.447527
2.063000, -0.054464, 2.606186
2.064000, -0.051665, 2.734439
2.065000, -0.048781, 2.834102
2.066000, -0.045838, 2.907016
2.067000, -0.042859, 2.955036
2.068000, -0.039866, 2.980013
2.069000, -0.036881, 2.983786
2.070000, -0.033920, 2.968170
2.071000, -0.031002, 2.934948
2.072000, -0.028141, 2.885859
2.073000, -0.025350, 2.822593
2.074000, -0.022641, 2.746786
2.075000, -0.020024, 2.660011
2.076000, -0.017508, 2.563775
2.077000, -0.015101, 2.459514
2.078000, -0.012808, 2.348592
2.079000, -0.010634, 2.232296
2.080000, -0.008582, 2.111837
2.081000, -0.006656, 1.988347
2.082000, -0.004855, 1.862879
2.083000, -0.003182, 1.736407
2.084000, -0.001636, 1.609828
2.085000, -0.000215, 1.483961
2.086000, 0.001083, 1.359548
2.087000, 0.002259, 1.237261
2.088000, 0.003317, 1.117697
2.089000, 0.004260, 1.001384
2.090000, 0.005092, 0.888785
2.091000, 0.005818, 0.780298
2.092000, 0.006443, 0.676259
2.093000, 0.006970, 0.576949
2.094000, 0.007405, 0.482592
2.095000, 0.007754, 0.393362
2.096000, 0.008022, 0.309385
2.097000, 0.008213, 0.230743
2.098000, 0.008334, 0.157475
2.099000, 0.008389, 0.089584
2.100000, 0.008385, 0.027037
2.101000, 0.008326, -0.030229
2.102000, 0.008218, -0.082307
2.103000, 0.008065, -0.129313
2.104000, 0.007873, -0.171387
2.105000, 0.007645, -0.208688
2.106000, 0.007388, -0.241392
2.107000, 0.007104, -0.269689
2.108000, 0.006798, -0.293781
2.109000, 0.006474, -0.313877
2.110000, 0.006136, -0.330198
2.111000, 0.005786, -0.342966
2.112000, 0.005429, -0.352408
2.113000, 0.005067, -0.358753
2.114000, 0.004703, -0.362229
2.115000, 0.004340, -0.363063
2.116000, 0.003979, -0.361480
2.117000, 0.003623, -0.357700
2.118000, 0.003274, -0.351938
2.119000, 0.002934, -0.344403
2.120000, 0.002603, -0.335298
2.121000, 0.002283, -0.324817
2.122000, 0.001976, -0.313148
2.123000, 0.001682, -0.300468
2.124000, 0.001402, -0.286947
2.125000, 0.001136, -0.272745
2.126000, 0.000885, -0.258012
2.127000, 0.000650, -0.242888
2.128000, 0.000430, -0.227505
2.129000, 0.000226, -0.211985
2.130000, 0.000037, -0.196438
2.131000, -0.000136, -0.180967
2.132000, -0.000294, -0.165665
2.133000, -0.000437, -0.150614
2.134000, -0.000565, -0.135891
2.135000, -0.000680, -0.121562
2.136000, -0.000781, -0.107683
2.137000, -0.000868, -0.094305
2.138000, -0.000943, -0.081471
2.139000, -0.001006, -0.069216
2.140000, -0.001058, -0.057568
2.141000, -0.001099, -0.046550
2.142000, -0.001130, -0.036177
2.143000, -0.001152, -0.026461
2.144000, -0.001165, -0.017406
2.145000, -0.001169, -0.009014
2.146000, -0.001167, -0.001281
2.147000, -0.001158, 0.005800
2.148000, -0.001142, 0.012241
2.149000, -0.001121, 0.018055
2.150000, -0.001095, 0.023260
2.151000, -0.001065, 0.027874
2.152000, -0.001031, 0.031920
2.153000, -0.000994, 0.035420
2.154000, -0.000954, 0.038399
2.155000, -0.000912, 0.040884
2.156000, -0.000868, 0.042900
2.157000, -0.000823, 0.044476
2.158000, -0.000777, 0.045639
2.159000, -0.000730, 0.046418
2.160000, -0.000683, 0.046841
2.161000, -0.000636, 0.046936
2.162000, -0.000589, 0.046730
2.163000, -0.000543, 0.046251
2.164000, -0.000498, 0.045525
2.165000, -0.000454, 0.044579
2.166000, -0.000411, 0.043437
2.167000, -0.000369, 0.042123
2.168000, -0.000330, 0.040661
2.169000, -0.000291, 0.039073
2.170000, -0.000255, 0.037379
2.171000, -0.000220, 0.035600
2.172000, -0.000187, 0.033754
2.173000, -0.000156, 0.031859
2.174000, -0.000127, 0.029931
2.175000, -0.000100, 0.027985
2.176000, -0.000075, 0.026034
2.177000, -0.000052, 0.024093
2.178000, -0.000031, 0.022172
2.179000, -0.000012, 0.020281
2.180000, 0.000006, 0.018430
2.181000, 0.000022, 0.016628
2.182000, 0.000036, 0.014881
2.183000, 0.000048, 0.013196
2.184000, 0.000059, 0.011578
2.185000, 0.000068, 0.010032
2.186000, 0.000076, 0.008560
2.187000, 0.000082, 0.007167
2.188000, 0.000088, 0.005853
2.189000, 0.000092, 0.004621
2.190000, 0.000094, 0.003471
2.191000, 0.000096, 0.002404
2.192000, 0.000097, 0.001418
2.193000, 0.000097, 0.000513
2.194000, 0.000097, -0.000312
2.195000, 0.000095, -0.001060
2.196000, 0.000093, -0.001731
2.197000, 0.000090, -0.002329
2.198000, 0.000087, -0.002856
2.199000, 0.000084, -0.003315
2.200000, 0.000080, -0.003709
2.201000, 0.000076, -0.004041
2.202000, 0.000071, -0.004314
2.203000, 0.000067, -0.004533
2.204000, 0.000062, -0.004700
2.205000, 0.000057, -0.004818
2.206000, 0.000052, -0.004892
2.207000, 0.000047, -0.004925
2.208000, 0.000042, -0.004920
2.209000, 0.000037, -0.004881
2.210000, 0.000032, -0.004810
2.211000, 0.000028, -0.004712
2.212000, 0.000023, -0.004588
2.213000, 0.000019, -0.004443
2.214000, 0.000015, -0.004279
2.215000, 0.000011, -0.004099
2.216000, 0.000007, -0.003906
2.217000, 0.000003, -0.003701
2.218000, -0.000000, -0.003487
2.219000, -0.000003, -0.003267
2.220000, -0.000006, -0.003043
2.221000, -0.000009, -0.002816
2.222000, -0.000011, -0.002587
2.223000, -0.000014, -0.002360
2.224000, -0.000016, -0.002134
2.225000, -0.000017, -0.001912
2.226000, -0.000019, -0.001695
2.227000, -0.000020, -0.001483
2.228000, -0.000022, -0.001278
2.229000, -0.000023, -0.001080
2.230000, -0.000023, -0.000890
2.231000, -0.000024, -0.000709
2.232000, -0.000024, -0.000536
2.233000, -0.000025, -0.000373
2.234000, -0.000025, -0.000220
2.235000, -0.000025, -0.000077
2.236000, -0.000025, 0.000057
2.237000, -0.000024, 0.000180
2.238000, -0.000024, 0.000294
2.239000, -0.000024, 0.000398
2.240000, -0.000023, 0.000492
2.241000, -0.000022, 0.000577
2.242000, -0.000022, 0.000652
2.243000, -0.000021, 0.000718
2.244000, -0.000020, 0.000776
2.245000, -0.000019, 0.000826
2.246000, -0.000019, 0.000867
2.247000, -0.000018, 0.000902
2.248000, -0.000017, 0.000929
2.249000, -0.000016, 0.000949
2.250000, -0.000015, 0.000963
2.251000, -0.000014, 0.000971
2.252000, -0.000013, 0.000974
2.253000, -0.000012, 0.000972
2.254000, -0.000011, 0.000965
2.255000, -0.000010, 0.000954
2.256000, -0.000009, 0.000939
2.257000, -0.000008, 0.000921
2.258000, -0.000007, 0.000900
2.259000, -0.000006, 0.000876
2.260000, -0.000005, 0.000850
2.261000, -0.000005, 0.000822
2.262000, -0.000004, 0.000793
2.263000, -0.000003, 0.000762
2.264000, -0.000002, 0.000730
2.265000, -0.000002, 0.000698
2.266000, -0.000001, 0.000665
2.267000, -0.000000, 0.000631
2.268000, 0.000000, 0.000598
2.269000, 0.000001, 0.000565
2.270000, 0.000001, 0.000532
2.271000, 0.000002, 0.000500
2.272000, 0.000002, 0.000468
2.273000, 0.000003, 0.000437
2.274000, 0.000003, 0.000407
2.275000, 0.000003, 0.000378
2.276000, 0.000004, 0.000350
2.277000, 0.000004, 0.000324
2.278000, 0.000004, 0.000298
2.279000, 0.000004, 0.000274
2.280000, 0.000005, 0.000251
2.281000, 0.000005, 0.000229
2.282000, 0.000005, 0.000208
2.283000, 0.000005, 0.000189
2.284000, 0.000005, 0.000171
2.285000, 0.000006, 0.000155
2.286000, 0.000006, 0.000139
2.287000, 0.000006, 0.000125
2.288000, 0.000006, 0.000112
2.289000, 0.000006, 0.000100
2.290000, 0.000006, 0.000090
2.291000, 0.000006, 0.000080
2.292000, 0.000006, 0.000072
2.293000, 0.000006, 0.000065
2.294000, 0.000006, 0.000058
2.295000, 0.000006, 0.000052
2.296000, 0.000007, 0.000048
2.297000, 0.000007, 0.000044
2.298000, 0.000007, 0.000040
2.299000, 0.000007, 0.000038
2.300000, 0.000007, 0.000036
2.301000, 0.000007, 0.000035
2.302000, 0.000007, 0.000034
2.303000, 0.000007, 0.000033
2.304000, 0.000007, 0.000033
2.305000, 0.000007, 0.000034
2.306000, 0.000007, 0.000035
2.307000, 0.000007, 0.000036
2.308000, 0.000006, -0.000417
2.309000, 0.000004, -0.001390
2.310000, 0.000001, -0.002824
2.311000, -0.000005, -0.004651
2.312000, -0.000013, -0.006800
2.313000, -0.000023, -0.009198
2.314000, -0.000036, -0.011769
2.315000, -0.000052, -0.014436
2.316000, -0.000070, -0.017124
2.317000, -0.000091, -0.019759
2.318000, -0.000115, -0.022269
2.319000, -0.000141, -0.024585
2.320000, -0.000168, -0.026643
2.321000, -0.000198, -0.028384
2.322000, -0.000228, -0.029756
2.323000, -0.000259, -0.030712
2.324000, -0.000291, -0.031215
2.325000, -0.000322, -0.031234
2.326000, -0.000352, -0.030746
2.327000, -0.000382, -0.029737
2.328000, -0.000409, -0.028203
2.329000, -0.000434, -0.026149
2.330000, -0.000456, -0.023585
2.331000, -0.000475, -0.020535
2.332000, -0.000491, -0.017028
2.333000, -0.000502, -0.013101
2.334000, -0.000509, -0.008799
2.335000, -0.000511, -0.004436
2.336000, -0.000509, -0.000431
2.337000, -0.000504, 0.003220
2.338000, -0.000496, 0.006525
2.339000, -0.000485, 0.009494
2.340000, -0.000472, 0.012137
2.341000, -0.000456, 0.014464
2.342000, -0.000438, 0.016490
2.343000, -0.000419, 0.018227
2.344000, -0.000399, 0.019690
2.345000, -0.000377, 0.020892
2.346000, -0.000355, 0.021849
2.347000, -0.000332, 0.022577
2.348000, -0.000309, 0.023090
2.349000, -0.000285, 0.023405
2.350000, -0.000262, 0.023536
2.351000, -0.000238, 0.023499
2.352000, -0.000215, 0.023309
2.353000, -0.000192, 0.022981
2.354000, -0.000170, 0.022528
2.355000, -0.000148, 0.021964
2.356000, -0.000127, 0.021304
2.357000, -0.000107, 0.020559
2.358000, -0.000088, 0.019742
2.359000, -0.000069, 0.018864
2.360000, -0.000052, 0.017937
2.361000, -0.000035, 0.016970
2.362000, -0.000020, 0.015975
2.363000, -0.000005, 0.014958
2.364000, 0.000008, 0.013930
2.365000, 0.000020, 0.012897
2.366000, 0.000032, 0.011867
2.367000, 0.000042, 0.010847
2.368000, 0.000051, 0.009841
2.369000, 0.000060, 0.008856
2.370000, 0.000067, 0.007895
2.371000, 0.000074, 0.006964
2.372000, 0.000079, 0.006065
2.373000, 0.000084, 0.005201
2.374000, 0.000088, 0.004376
2.375000, 0.000091, 0.003590
2.376000, 0.000094, 0.002847
2.377000, 0.000096, 0.002146
2.378000, 0.000097, 0.001489
2.379000, 0.000097, 0.000877
2.380000, 0.000097, 0.000308
2.381000, 0.000097, -0.000216
2.382000, 0.000096, -0.000696
2.383000, 0.000095, -0.001133
2.384000, 0.000093, -0.001527
2.385000, 0.000091, -0.001881
2.386000, 0.000088, -0.002195
2.387000, 0.000086, -0.002470
2.388000, 0.000083, -0.002708
2.389000, 0.000080, -0.002911
2.390000, 0.000077, -0.003080
2.391000, 0.000074, -0.003217
2.392000, 0.000070, -0.003324
2.393000, 0.000067, -0.003403
2.394000, 0.000063, -0.003456
2.395000, 0.000060, -0.003484
2.396000, 0.000056, -0.003490
2.397000, 0.000053, -0.003476
2.398000, 0.000049, -0.003442
2.399000, 0.000046, -0.003392
2.400000, 0.000043, -0.003326
2.401000, 0.000039, -0.003247
2.402000, 0.000036, -0.003156
2.403000, 0.000033, -0.003055
2.404000, 0.000030, -0.002945
2.405000, 0.000028, -0.002827
2.406000, 0.000025, -0.002704
2.407000, 0.000023, -0.002575
2.408000, 0.000020, -0.002443
2.409000, 0.000018, -0.002309
2.410000, 0.000016, -0.002174
2.411000, 0.000014, -0.002038
2.412000, 0.000012, -0.001902
2.413000, 0.000010, -0.001768
2.414000, 0.000009, -0.001635
2.415000, 0.000007, -0.001505
2.416000, 0.000006, -0.001379
2.417000, 0.000005, -0.001256
2.418000, 0.000004, -0.001137
2.419000, 0.000003, -0.001022
2.420000, 0.000002, -0.000913
2.421000, 0.000001, -0.000808
2.422000, 0.000000, -0.000709
2.423000, -0.000000, -0.000615
2.424000, -0.000001, -0.000527
2.425000, -0.000001, -0.000444
2.426000, -0.000001, -0.000367
2.427000, -0.000002, -0.000295
2.428000, -0.000002, -0.000229
2.429000, -0.000002, -0.000168
2.430000, -0.000002, -0.000113
2.431000, -0.000002, -0.000063
2.432000, -0.000002, -0.000018
2.433000, -0.000002, 0.000022
2.434000, -0.000002, 0.000058
2.435000, -0.000002, 0.000089
2.436000, -0.000002, 0.000116
2.437000, -0.000002, 0.000138
2.438000, -0.000001, 0.000157
2.439000, -0.000001, 0.000173
2.440000, -0.000001, 0.000185
2.441000, -0.000001, 0.000194
2.442000, -0.000001, 0.000200
2.443000, -0.000000, 0.000203
2.444000, -0.000000, 0.000204
2.445000, 0.000000, 0.000202
2.446000, 0.000000, 0.000199
2.447000, 0.000000, 0.000194
2.448000, 0.000001, 0.000188
2.449000, 0.000001, 0.000180
2.450000, 0.000001, 0.000170
2.451000, 0.000001, 0.000160
2.452000, 0.000001, 0.000149
2.453000, 0.000001, 0.000137
2.454000, 0.000002, 0.000125
2.455000, 0.000002, 0.000113
2.456000, 0.000002, 0.000100
2.457000, 0.000002, 0.000087
2.458000, 0.000002, 0.000074
2.459000, 0.000002, 0.000061
2.460000, 0.000002, 0.000048
2.461000, 0.000002, 0.000035
2.462000, 0.000002, 0.000023
2.463000, 0.000002, 0.000011
2.464000, 0.000002, -0.000000
2.465000, 0.000002, -0.000011
2.466000, 0.000002, -0.000022
2.467000, 0.000002, -0.000031
2.468000, 0.000002, -0.000041
2.469000, 0.000002, -0.000049
2.470000, 0.000002, -0.000057
2.471000, 0.000002, -0.000065
2.472000, 0.000002, -0.000072
2.473000, 0.000002, -0.000078
2.474000, 0.000001, -0.000083
2.475000, 0.000001, -0.000088
2.476000, 0.000001, -0.000093
2.477000, 0.000001, -0.000096
2.478000, 0.000001, -0.000099
2.479000, 0.000001, -0.000102
2.480000, 0.000001, -0.000104
2.481000, 0.000001, -0.000106
2.482000, 0.000001, -0.000107
2.483000, 0.000001, -0.000107
2.484000, 0.000000, -0.000108
2.485000, 0.000000, -0.000107
2.486000, 0.000000, -0.000107
2.487000, 0.000000, -0.000106
2.488000, -0.000000, -0.000105
2.489000, -0.000000, -0.000103
2.490000, -0.000000, -0.000101
2.491000, -0.000000, -0.000099
2.492000, -0.000000, -0.000097
2.493000, -0.000000, -0.000095
2.494000, -0.000001, -0.000092
2.495000, -0.000001, -0.000089
2.496000, -0.000001, -0.000086
2.497000, -0.000001, -0.000083
2.498000, -0.000001, -0.000080
2.499000, -0.000001, -0.000077
2.500000, -0.000001, -0.000074
2.501000, -0.000001, -0.000071
2.502000, -0.000001, -0.000068
2.503000, -0.000001, -0.000065
2.504000, -0.000001, -0.000062
2.505000, -0.000001, -0.000059
2.506000, -0.000001, -0.000056
2.507000, -0.000001, -0.000053
2.508000, -0.000002, -0.000050
2.509000, -0.000002, -0.000047
2.510000, -0.000002, -0.000045
2.511000, -0.000002, -0.000042
2.512000, -0.000002, -0.000040
2.513000, -0.000002, -0.000037
2.514000, -0.000002, -0.000035
2.515000, -0.000002, -0.000032
2.516000, -0.000002, -0.000030
2.517000, -0.000002, -0.000028
2.518000, -0.000002, -0.000026
2.519000, -0.000002, -0.000024
2.520000, -0.000002, -0.000023
2.521000, -0.000002, -0.000021
2.522000, -0.000002, -0.000020
2.523000, -0.000002, -0.000018
2.524000, -0.000002, -0.000017
2.525000, -0.000002, -0.000015
2.526000, -0.000002, -0.000014
2.527000, -0.000002, -0.000013
2.528000, -0.000002, -0.000012
2.529000, -0.000002, -0.000011
2.530000, -0.000002, -0.000010
2.531000, -0.000002, -0.000009
2.532000, -0.000002, -0.000009
2.533000, -0.000002, -0.000008
2.534000, -0.000002, -0.000007
2.535000, -0.000002, -0.000007
2.536000, -0.000002, -0.000006
2.537000, -0.000002, -0.000005
2.538000, -0.000002, -0.000005
2.539000, -0.000002, -0.000005
2.540000, -0.000002, -0.000004
2.541000, -0.000002, -0.000004
2.542000, -0.000002, -0.000003
2.543000, -0.000002, -0.000003
2.544000, -0.000002, -0.000003
2.545000, -0.000002, -0.000003
2.546000, -0.000002, -0.000002
2.547000, -0.000002, -0.000002
2.548000, -0.000002, -0.000002
2.549000, -0.000002, -0.000002
2.550000, -0.000002, -0.000001
2.551000, -0.000002, -0.000001
2.552000, -0.000002, -0.000001
2.553000, -0.000002, -0.000001
2.554000, -0.000002, -0.000001
2.555000, -0.000002, -0.000000
2.556000, -0.000002, -0.000000
2.557000, -0.000002, -0.000000
2.558000, -0.000002, 0.000000
2.559000, -0.000002, 0.000000
2.560000, -0.000002, 0.000000
2.561000, -0.000002, 0.000001
2.562000, -0.000002, 0.000001
2.563000, -0.000002, 0.000001
2.564000, -0.000002, 0.000001
2.565000, -0.000002, 0.000001
2.566000, -0.000002, 0.000002
2.567000, -0.000002, 0.000002
2.568000, -0.000002, 0.000002
2.569000, -0.000002, 0.000002
2.570000, -0.000002, 0.000003
2.571000, -0.000002, 0.000003
2.572000, -0.000002, 0.000003
2.573000, -0.000002, 0.000003
2.574000, -0.000002, 0.000003
2.575000, -0.000002, 0.000004
2.576000, -0.000002, 0.000004
2.577000, -0.000002, 0.000004
2.578000, -0.000002, 0.000004
2.579000, -0.000002, 0.000005
2.580000, -0.000002, 0.000005
2.581000, -0.000002, 0.000005
2.582000, -0.000002, 0.000005
2.583000, -0.000002, 0.000006
2.584000, -0.000002, 0.000006
2.585000, -0.000002, 0.000006
2.586000, -0.000002, 0.000006
2.587000, -0.000002, 0.000006
2.588000, -0.000002, 0.000007
2.589000, -0.000002, 0.000007
2.590000, -0.000002, 0.000007
2.591000, -0.000002, 0.000007
2.592000, -0.000002, 0.000008
2.593000, -0.000002, 0.000008
2.594000, -0.000002, 0.000008
2.595000, -0.000002, 0.000008
2.596000, -0.000002, 0.000008
2.597000, -0.000002, 0.000009
2.598000, -0.000002, 0.000009
2.599000, -0.000002, 0.000009
2.600000, -0.000002, 0.000009
2.601000, -0.000002, 0.000009
2.602000, -0.000002, 0.000010
2.603000, -0.000002, 0.000010
2.604000, -0.000002, 0.000010
2.605000, -0.000002, 0.000010
2.606000, -0.000002, 0.000010
2.607000, -0.000002, 0.000010
2.608000, -0.000002, 0.000011
2.609000, -0.000002, 0.000011
2.610000, -0.000002, 0.000011
2.611000, -0.000002, 0.000011
2.612000, -0.000002, 0.000011
2.613000, -0.000002, 0.000011
2.614000, -0.000002, 0.000011
2.615000, -0.000002, 0.000011
2.616000, -0.000002, 0.000012
2.617000, -0.000002, 0.000012
2.618000, -0.000002, 0.000012
2.619000, -0.000002, 0.000012
2.620000, -0.000002, 0.000012
2.621000, -0.000002, 0.000012
2.622000, -0.000002, 0.000012
2.623000, -0.000002, 0.000012
2.624000, -0.000002, 0.000012
2.625000, -0.000002, 0.000013
2.626000, -0.000002, 0.000013
2.627000, -0.000002, 0.000013
2.628000, -0.000002, 0.000013
2.629000, -0.000002, 0.000013
2.630000, -0.000002, 0.000013
2.631000, -0.000002, 0.000013
2.632000, -0.000002, 0.000013
2.633000, -0.000002, 0.000013
2.634000, -0.000002, 0.000013
2.635000, -0.000002, 0.000013
2.636000, -0.000002, 0.000013
2.637000, -0.000002, 0.000014
2.638000, -0.000002, 0.000014
2.639000, -0.000002, 0.000014
2.640000, -0.000001, 0.000014
2.641000, -0.000001, 0.000014
2.642000, -0.000001, 0.000014
2.643000, -0.000001, 0.000014
2.644000, -0.000001, 0.000014
2.645000, -0.000001, 0.000014
2.646000, -0.000001, 0.000014
2.647000, -0.000001, 0.000014
2.648000, -0.000001, 0.000014
2.649000, -0.000001, 0.000014
2.650000, -0.000001, 0.000014
2.651000, -0.000001, 0.000014
2.652000, -0.000001, 0.000014
2.653000, -0.000001, 0.000014
2.654000, -0.000001, 0.000014
2.655000, -0.000001, 0.000014
2.656000, -0.000001, 0.000015
2.657000, -0.000001, 0.000015
2.658000, -0.000001, 0.000015
2.659000, -0.000001, 0.000015
2.660000, -0.000001, 0.000015
2.661000, -0.000001, 0.000015
2.662000, -0.000001, 0.000015
2.663000, -0.000001, 0.000015
2.664000, -0.000001, 0.000015
2.665000, -0.000001, 0.000015
2.666000, -0.000001, 0.000015
2.667000, -0.000001, 0.000015
2.668000, -0.000001, 0.000015
2.669000, -0.000001, 0.000015
2.670000, -0.000001, 0.000015
2.671000, -0.000001, 0.000015
2.672000, -0.000001, 0.000015
2.673000, -0.000001, 0.000015
2.674000, -0.000001, 0.000015
2.675000, -0.000001, 0.000015
2.676000, -0.000001, 0.000015
2.677000, -0.000001, 0.000015
2.678000, -0.000001, 0.000015
2.679000, -0.000001, 0.000015
2.680000, -0.000001, 0.000015
2.681000, -0.000001, 0.000015
2.682000, -0.000001, 0.000015
2.683000, -0.000001, 0.000015
2.684000, -0.000001, 0.000015
2.685000, -0.000001, 0.000015
2.686000, -0.000001, 0.000015
2.687000, -0.000001, 0.000015
2.688000, -0.000001, 0.000015
2.689000, -0.000001, 0.000015
2.690000, -0.000001, 0.000015
2.691000, -0.000001, 0.000015
2.692000, -0.000001, 0.000016
2.693000, -0.000001, 0.000016
2.694000, -0.000001, 0.000016
2.695000, -0.000001, 0.000016
2.696000, -0.000001, 0.000016
2.697000, -0.000001, 0.000016
2.698000, -0.000001, 0.000016
2.699000, -0.000001, 0.000016
2.700000, -0.000001, 0.000016
2.701000, -0.000001, 0.000016
2.702000, -0.000001, 0.000016
2.703000, -0.000001, 0.000016
2.704000, -0.000001, 0.000016
2.705000, -0.000001, 0.000016
2.706000, -0.000000, 0.000016
2.707000, -0.000000, 0.000016
2.708000, -0.000000, 0.000016
2.709000, -0.000000, 0.000016
2.710000, -0.000000, 0.000016
2.711000, -0.000000, 0.000016
2.712000, -0.000000, 0.000016
2.713000, -0.000000, 0.000016
2.714000, -0.000000, 0.000016
2.715000, -0.000000, 0.000016
2.716000, -0.000000, 0.000016
2.717000, -0.000000, 0.000016
2.718000, -0.000000, 0.000016
2.719000, -0.000000, 0.000016
2.720000, -0.000000, 0.000016
2.721000, -0.000000, 0.000016
2.722000, -0.000000, 0.000016
2.723000, -0.000000, 0.000016
2.724000, -0.000000, 0.000016
2.725000, -0.000000, 0.000016
2.726000, -0.000000, 0.000016
2.727000, -0.000000, 0.000016
2.728000, -0.000000, 0.000016
2.729000, -0.000000, 0.000016
2.730000, -0.000000, 0.000016
2.731000, -0.000000, 0.000016
2.732000, -0.000000, 0.000016
2.733000, -0.000000, 0.000016
2.734000, -0.000000, 0.000016
2.735000, -0.000000, 0.000016
2.736000, -0.000000, 0.000016
2.737000, -0.000000, 0.000016
2.738000, 0.000000, 0.000016
2.739000, 0.000000, 0.000016
2.740000, 0.000000, 0.000016
2.741000, 0.000000, 0.000016
2.742000, 0.000000, 0.000016
2.743000, 0.000000, 0.000016
2.744000, 0.000000, 0.000016
2.745000, 0.000000, 0.000016
2.746000, 0.000000, 0.000016
2.747000, 0.000000, 0.000016
2.748000, 0.000000, 0.000016
2.749000, 0.000000, 0.000016
2.750000, 0.000000, 0.000016
2.751000, 0.000000, 0.000016
2.752000, 0.000000, 0.000016
2.753000, 0.000000, 0.000016
2.754000, 0.000000, 0.000016
2.755000, 0.000000, 0.000016
2.756000, 0.000000, 0.000016
2.757000, 0.000000, 0.000016
2.758000, 0.000000, 0.000016
2.759000, 0.000000, 0.000016
2.760000, 0.000000, 0.000016
2.761000, 0.000000, 0.000016
2.762000, 0.000000, 0.000016
2.763000, 0.000000, 0.000016
2.764000, 0.000000, 0.000016
2.765000, 0.000000, 0.000016
2.766000, 0.000000, 0.000016
2.767000, 0.000000, 0.000016
2.768000, 0.000000, 0.000016
2.769000, 0.000000, 0.000016
2.770000, 0.000001, 0.000016
2.771000, 0.000001, 0.000016
2.772000, 0.000001, 0.000016
2.773000, 0.000001, 0.000016
2.774000, 0.000001, 0.000016
2.775000, 0.000001, 0.000016
2.776000, 0.000001, 0.000016
2.777000, 0.000001, 0.000016
2.778000, 0.000001, 0.000016
2.779000, 0.000001, 0.000016
2.780000, 0.000001, 0.000016
2.781000, 0.000001, 0.000016
2.782000, 0.000001, 0.000016
2.783000, 0.000001, 0.000016
2.784000, 0.000001, 0.000016
2.785000, 0.000001, 0.000016
2.786000, 0.000001, 0.000015
2.787000, 0.000001, 0.000015
2.788000, 0.000001, 0.000015
2.789000, 0.000001, 0.000015
2.790000, 0.000001, 0.000015
2.791000, 0.000001, 0.000015
2.792000, 0.000001, 0.000015
2.793000, 0.000001, 0.000015
2.794000, 0.000001, 0.000015
2.795000, 0.000001, 0.000015
2.796000, 0.000001, 0.000015
2.797000, 0.000001, 0.000015
2.798000, 0.000001, 0.000015
2.799000, 0.000001, 0.000015
2.800000, 0.000001, 0.000015
2.801000, 0.000001, 0.000015
2.802000, 0.000001, 0.000015
2.803000, 0.000001, 0.000015
2.804000, 0.000001, 0.000015
2.805000, 0.000001, 0.000015
2.806000, 0.000001, 0.000015
2.807000, 0.000001, 0.000015
2.808000, 0.000001, 0.000015
2.809000, 0.000001, 0.000015
2.810000, 0.000001, 0.000015
2.811000, 0.000001, 0.000015
2.812000, 0.000001, 0.000015
2.813000, 0.000001, 0.000015
2.814000, 0.000001, 0.000015
2.815000, 0.000001, 0.000015
2.816000, 0.000001, 0.000015
2.817000, 0.000001, 0.000015
2.818000, 0.000001, 0.000015
2.819000, 0.000001, 0.000015
2.820000, 0.000001, 0.000015
2.821000, 0.000001, 0.000015
2.822000, 0.000001, 0.000015
2.823000, 0.000001, 0.000015
2.824000, 0.000001, 0.000015
2.825000, 0.000001, 0.000015
2.826000, 0.000001, 0.000015
2.827000, 0.000001, 0.000015
2.828000, 0.000001, 0.000015
2.829000, 0.000001, 0.000015
2.830000, 0.000001, 0.000015
2.831000, 0.000001, 0.000015
2.832000, 0.000001, 0.000015
2.833000, 0.000001, 0.000015
2.834000, 0.000001, 0.000015
2.835000, 0.000002, 0.000015
2.836000, 0.000002, 0.000015
2.837000, 0.000002, 0.000015
2.838000, 0.000002, 0.000015
2.839000, 0.000002, 0.000015
2.840000, 0.000002, 0.000015
2.841000, 0.000002, 0.000015
2.842000, 0.000002, 0.000015
2.843000, 0.000002, 0.000015
2.844000, 0.000002, 0.000015
2.845000, 0.000002, 0.000015
2.846000, 0.000002, 0.000015
2.847000, 0.000002, 0.000015
2.848000, 0.000002, 0.000015
2.849000, 0.000002, 0.000015
2.850000, 0.000002, 0.000015
2.851000, 0.000002, 0.000015
2.852000, 0.000002, 0.000015
2.853000, 0.000002, 0.000015
2.854000, 0.000002, 0.000015
2.855000, 0.000002, 0.000015
2.856000, 0.000002, 0.000015
2.857000, 0.000002, 0.000015
2.858000, 0.000002, 0.000015
2.859000, 0.000002, 0.000015
2.860000, 0.000002, 0.000015
2.861000, 0.000002, 0.000015
2.862000, 0.000002, 0.000015
2.863000, 0.000002, 0.000015
2.864000, 0.000002, 0.000015
2.865000, 0.000002, 0.000015
2.866000, 0.000002, 0.000015
2.867000, 0.000002, 0.000015
2.868000, 0.000002, 0.000015
2.869000, 0.000002, 0.000015
2.870000, 0.000002, 0.000015
2.871000, 0.000002, 0.000015
2.872000, 0.000002, 0.000015
2.873000, 0.000002, 0.000015
2.874000, 0.000002, 0.000015
2.875000, 0.000002, 0.000014
2.876000, 0.000002, 0.000014
2.877000, 0.000002, 0.000014
2.878000, 0.000002, 0.000014
2.879000, 0.000002, 0.000014
2.880000, 0.000002, 0.000014
2.881000, 0.000002, 0.000014
2.882000, 0.000002, 0.000014
2.883000, 0.000002, 0.000014
2.884000, 0.000002, 0.000014
2.885000, 0.000002, 0.000014
2.886000, 0.000002, 0.000014
2.887000, 0.0000