time, theta__error, theta_dot_error
0.000000, -1.500001, -0.000390
0.001000, -1.485894, 9.404140
0.002000, -1.463872, 17.816482
0.003000, -1.434857, 25.281903
0.004000, -1.399726, 31.847692
0.005000, -1.359306, 37.562531
0.006000, -1.314374, 42.475880
0.007000, -1.265656, 46.637417
0.008000, -1.213830, 50.096532
0.009000, -1.159525, 52.901917
0.010000, -1.103324, 55.101234
0.011000, -1.045763, 56.740872
0.012000, -0.987335, 57.865780
0.013000, -0.928489, 58.519368
0.014000, -0.869633, 58.743447
0.015000, -0.811138, 58.578215
0.016000, -0.753334, 58.062257
0.017000, -0.696516, 57.232544
0.018000, -0.640946, 56.124441
0.019000, -0.586850, 54.771698
0.020000, -0.534426, 53.206436
0.021000, -0.483841, 51.459124
0.022000, -0.435233, 49.558547
0.023000, -0.388714, 47.531783
0.024000, -0.344374, 45.404168
0.025000, -0.302277, 43.199289
0.026000, -0.262468, 40.938966
0.027000, -0.224973, 38.643267
0.028000, -0.189799, 36.330523
0.029000, -0.156938, 34.017359
0.030000, -0.126368, 31.718745
0.031000, -0.098056, 29.448048
0.032000, -0.071954, 27.217101
0.033000, -0.048008, 25.036272
0.034000, -0.026155, 22.914545
0.035000, -0.006322, 20.859600
0.036000, 0.011565, 18.877897
0.037000, 0.027588, 16.974757
0.038000, 0.041832, 15.154451
0.039000, 0.054385, 13.420277
0.040000, 0.065337, 11.774639
0.041000, 0.070796, 10.219131
0.042000, 0.070796, 8.779838
0.043000, 0.070796, 7.480096
0.044000, 0.070796, 6.306373
0.045000, 0.070796, 5.246450
0.046000, 0.070796, 4.289295
0.047000, 0.070796, 3.424942
0.048000, 0.070796, 2.644395
0.049000, 0.070796, 1.939527
0.050000, 0.070796, 1.303001
0.051000, 0.070796, 0.728191
0.052000, 0.070746, 0.209113
0.053000, 0.070252, -0.259318
0.054000, 0.069363, -0.679204
0.055000, 0.068124, -1.052746
0.056000, 0.066577, -1.382216
0.057000, 0.064763, -1.669940
0.058000, 0.062721, -1.918275
0.059000, 0.060485, -2.129591
0.060000, 0.058091, -2.306255
0.061000, 0.055568, -2.450618
0.062000, 0.052946, -2.564999
0.063000, 0.050251, -2.651676
0.064000, 0.047507, -2.712872
0.065000, 0.044738, -2.750752
0.066000, 0.041962, -2.767410
0.067000, 0.039198, -2.764866
0.068000, 0.036463, -2.745058
0.069000, 0.033771, -2.709841
0.070000, 0.031134, -2.660981
0.071000, 0.028564, -2.600153
0.072000, 0.026071, -2.528941
0.073000, 0.023662, -2.448836
0.074000, 0.021345, -2.361236
0.075000, 0.019124, -2.267447
0.076000, 0.017005, -2.168682
0.077000, 0.014990, -2.066067
0.078000, 0.013082, -1.960635
0.079000, 0.011283, -1.853338
0.080000, 0.009592, -1.745042
0.081000, 0.008010, -1.636533
0.082000, 0.006535, -1.528520
0.083000, 0.005167, -1.421638
0.084000, 0.003903, -1.316450
0.085000, 0.002741, -1.213453
0.086000, 0.001678, -1.113081
0.087000, 0.000711, -1.015706
0.088000, -0.000164, -0.921645
0.089000, -0.000949, -0.831163
0.090000, -0.001651, -0.744475
0.091000, -0.002271, -0.661749
0.092000, -0.002815, -0.583113
0.093000, -0.003286, -0.508655
0.094000, -0.003689, -0.438430
0.095000, -0.004029, -0.372458
0.096000, -0.004309, -0.310732
0.097000, -0.004533, -0.253217
0.098000, -0.004706, -0.199856
0.099000, -0.004832, -0.150571
0.100000, -0.004915, -0.105267
0.101000, -0.004958, -0.063832
0.102000, -0.004965, -0.026140
0.103000, -0.004940, 0.007943
0.104000, -0.004887, 0.038563
0.105000, -0.004807, 0.065874
0.106000, -0.004705, 0.090033
0.107000, -0.004583, 0.111202
0.108000, -0.004444, 0.129548
0.109000, -0.004291, 0.145236
0.110000, -0.004126, 0.158433
0.111000, -0.003952, 0.169305
0.112000, -0.003769, 0.178015
0.113000, -0.003581, 0.184726
0.114000, -0.003389, 0.189595
0.115000, -0.003195, 0.192774
0.116000, -0.002999, 0.194414
0.117000, -0.002805, 0.194658
0.118000, -0.002612, 0.193645
0.119000, -0.002421, 0.191505
0.120000, -0.002234, 0.188367
0.121000, -0.002052, 0.184349
0.122000, -0.001875, 0.179565
0.123000, -0.001703, 0.174123
0.124000, -0.001538, 0.168122
0.125000, -0.001380, 0.161657
0.126000, -0.001228, 0.154814
0.127000, -0.001084, 0.147676
0.128000, -0.000948, 0.140317
0.129000, -0.000819, 0.132805
0.130000, -0.000697, 0.125204
0.131000, -0.000584, 0.117571
0.132000, -0.000477, 0.109957
0.133000, -0.000379, 0.102408
0.134000, -0.000287, 0.094966
0.135000, -0.000203, 0.087668
0.136000, -0.000126, 0.080545
0.137000, -0.000056, 0.073624
0.138000, 0.000007, 0.066930
0.139000, 0.000065, 0.060482
0.140000, 0.000116, 0.054296
0.141000, 0.000161, 0.048385
0.142000, 0.000201, 0.042760
0.143000, 0.000236, 0.037426
0.144000, 0.000266, 0.032390
0.145000, 0.000291, 0.027652
0.146000, 0.000312, 0.023213
0.147000, 0.000329, 0.019072
0.148000, 0.000342, 0.015224
0.149000, 0.000352, 0.011665
0.150000, 0.000359, 0.008388
0.151000, 0.000363, 0.005386
0.152000, 0.000364, 0.002651
0.153000, 0.000363, 0.000172
0.154000, 0.000360, -0.002059
0.155000, 0.000355, -0.004055
0.156000, 0.000348, -0.005825
0.157000, 0.000340, -0.007381
0.158000, 0.000331, -0.008734
0.159000, 0.000320, -0.009897
0.160000, 0.000309, -0.010881
0.161000, 0.000297, -0.011697
0.162000, 0.000284, -0.012358
0.163000, 0.000271, -0.012874
0.164000, 0.000257, -0.013257
0.165000, 0.000244, -0.013518
0.166000, 0.000230, -0.013667
0.167000, 0.000216, -0.013715
0.168000, 0.000203, -0.013671
0.169000, 0.000189, -0.013546
0.170000, 0.000176, -0.013347
0.171000, 0.000163, -0.013083
0.172000, 0.000150, -0.012763
0.173000, 0.000138, -0.012394
0.174000, 0.000126, -0.011984
0.175000, 0.000115, -0.011539
0.176000, 0.000104, -0.011066
0.177000, 0.000094, -0.010570
0.178000, 0.000084, -0.010057
0.179000, 0.000075, -0.009531
0.180000, 0.000066, -0.008998
0.181000, 0.000058, -0.008462
0.182000, 0.000050, -0.007925
0.183000, 0.000043, -0.007392
0.184000, 0.000036, -0.006866
0.185000, 0.000030, -0.006349
0.186000, 0.000025, -0.005844
0.187000, 0.000020, -0.005352
0.188000, 0.000015, -0.004876
0.189000, 0.000011, -0.004417
0.190000, 0.000007, -0.003976
0.191000, 0.000004, -0.003553
0.192000, 0.000001, -0.003151
0.193000, -0.000002, -0.002769
0.194000, -0.000004, -0.002408
0.195000, -0.000006, -0.002068
0.196000, -0.000008, -0.001749
0.197000, -0.000009, -0.001451
0.198000, -0.000010, -0.001174
0.199000, -0.000011, -0.000917
0.200000, -0.000011, -0.000680
0.201000, -0.000012, -0.000463
0.202000, -0.000012, -0.000264
0.203000, -0.000012, -0.000084
0.204000, -0.000012, 0.000079
0.205000, -0.000011, 0.000224
0.206000, -0.000011, 0.000354
0.207000, -0.000010, 0.000468
0.208000, -0.000010, 0.000568
0.209000, -0.000009, 0.000654
0.210000, -0.000008, 0.000727
0.211000, -0.000007, 0.000788
0.212000, -0.000007, 0.000838
0.213000, -0.000006, 0.000877
0.214000, -0.000005, 0.000907
0.215000, -0.000004, 0.000928
0.216000, -0.000003, 0.000941
0.217000, -0.000002, 0.000947
0.218000, -0.000001, 0.000946
0.219000, -0.000000, 0.000939
0.220000, 0.000001, 0.000926
0.221000, 0.000002, 0.000909
0.222000, 0.000003, 0.000888
0.223000, 0.000004, 0.000863
0.224000, 0.000004, 0.000835
0.225000, 0.000005, 0.000805
0.226000, 0.000006, 0.000772
0.227000, 0.000007, 0.000738
0.228000, 0.000007, 0.000702
0.229000, 0.000008, 0.000665
0.230000, 0.000009, 0.000628
0.231000, 0.000009, 0.000590
0.232000, 0.000010, 0.000552
0.233000, 0.000010, 0.000515
0.234000, 0.000011, 0.000478
0.235000, 0.000011, 0.000441
0.236000, 0.000011, 0.000405
0.237000, 0.000012, 0.000370
0.238000, 0.000012, 0.000336
0.239000, 0.000012, 0.000304
0.240000, 0.000013, 0.000272
0.241000, 0.000013, 0.000242
0.242000, 0.000013, 0.000213
0.243000, 0.000013, 0.000186
0.244000, 0.000013, 0.000160
0.245000, 0.000013, 0.000136
0.246000, 0.000014, 0.000113
0.247000, 0.000014, 0.000091
0.248000, 0.000014, 0.000071
0.249000, 0.000014, 0.000053
0.250000, 0.000014, 0.000036
0.251000, 0.000014, 0.000020
0.252000, 0.000014, 0.000006
0.253000, 0.000014, -0.000007
0.254000, 0.000014, -0.000019
0.255000, 0.000014, -0.000030
0.256000, 0.000014, -0.000039
0.257000, 0.000014, -0.000048
0.258000, 0.000014, -0.000055
0.259000, 0.000014, -0.000061
0.260000, 0.000013, -0.000067
0.261000, 0.000013, -0.000071
0.262000, 0.000013, -0.000075
0.263000, 0.000013, -0.000078
0.264000, 0.000013, -0.000080
0.265000, 0.000013, -0.000082
0.266000, 0.000013, -0.000083
0.267000, 0.000013, -0.000084
0.268000, 0.000013, -0.000084
0.269000, 0.000013, -0.000083
0.270000, 0.000013, -0.000083
0.271000, 0.000013, -0.000082
0.272000, 0.000012, -0.000080
0.273000, 0.000012, -0.000079
0.274000, 0.000012, -0.000077
0.275000, 0.000012, -0.000075
0.276000, 0.000012, -0.000072
0.277000, 0.000012, -0.000070
0.278000, 0.000012, -0.000067
0.279000, 0.000012, -0.000065
0.280000, 0.000012, -0.000062
0.281000, 0.000012, -0.000060
0.282000, 0.000012, -0.000057
0.283000, 0.000012, -0.000054
0.284000, 0.000012, -0.000052
0.285000, 0.000012, -0.000049
0.286000, 0.000012, -0.000046
0.287000, 0.000012, -0.000044
0.288000, 0.000012, -0.000042
0.289000, 0.000011, -0.000039
0.290000, 0.000011, -0.000037
0.291000, 0.000011, -0.000035
0.292000, 0.000011, -0.000033
0.293000, 0.000011, -0.000031
0.294000, 0.000011, -0.000029
0.295000, 0.000011, -0.000027
0.296000, 0.000011, -0.000026
0.297000, 0.000011, -0.000024
0.298000, 0.000011, -0.000023
0.299000, 0.000011, -0.000021
0.300000, 0.000011, -0.000020
0.301000, 0.000011, -0.000019
0.302000, 0.000011, -0.000018
0.303000, 0.000011, -0.000017
0.304000, 0.000011, -0.000016
0.305000, 0.000011, -0.000015
0.306000, 0.000011, -0.000014
0.307000, 0.000011, -0.000014
0.308000, 0.000011, -0.000013
0.309000, 0.000011, -0.000013
0.310000, 0.000011, -0.000012
0.311000, 0.000011, -0.000012
0.312000, 0.000011, -0.000012
0.313000, 0.000011, -0.000012
0.314000, 0.000011, -0.000011
0.315000, 0.000011, -0.000011
0.316000, 0.000011, -0.000011
0.317000, 0.000011, -0.000011
0.318000, 0.000011, -0.000011
0.319000, 0.000011, -0.000011
0.320000, 0.000011, -0.000011
0.321000, 0.000011, -0.000011
0.322000, 0.000011, -0.000011
0.323000, 0.000011, -0.000011
0.324000, 0.000011, -0.000012
0.325000, 0.000011, -0.000012
0.326000, 0.000011, -0.000012
0.327000, 0.000011, -0.000012
0.328000, 0.000011, -0.000012
0.329000, 0.000011, -0.000012
0.330000, 0.000011, -0.000012
0.331000, 0.000011, -0.000013
0.332000, 0.000011, -0.000013
0.333000, 0.000011, -0.000013
0.334000, 0.000011, -0.000013
0.335000, 0.000011, -0.000013
0.336000, 0.000011, -0.000014
0.337000, 0.000011, -0.000014
0.338000, 0.000011, -0.000014
0.339000, 0.000011, -0.000014
0.340000, 0.000011, -0.000014
0.341000, 0.000011, -0.000014
0.342000, 0.000011, -0.000014
0.343000, 0.000011, -0.000015
0.344000, 0.000011, -0.000015
0.345000, 0.000011, -0.000015
0.346000, 0.000011, -0.000015
0.347000, 0.000011, -0.000015
0.348000, 0.000011, -0.000015
0.349000, 0.000011, -0.000015
0.350000, 0.000011, -0.000015
0.351000, 0.000011, -0.000015
0.352000, 0.000010, -0.000015
0.353000, 0.000010, -0.000016
0.354000, 0.000010, -0.000016
0.355000, 0.000010, -0.000016
0.356000, 0.000010, -0.000016
0.357000, 0.000010, -0.000016
0.358000, 0.000010, -0.000016
0.359000, 0.000010, -0.000016
0.360000, 0.000010, -0.000016
0.361000, 0.000010, -0.000016
0.362000, 0.000010, -0.000016
0.363000, 0.000010, -0.000016
0.364000, 0.000010, -0.000016
0.365000, 0.000010, -0.000016
0.366000, 0.000010, -0.000016
0.367000, 0.000010, -0.000016
0.368000, 0.000010, -0.000016
0.369000, 0.000010, -0.000016
0.370000, 0.000010, -0.000016
0.371000, 0.000010, -0.000016
0.372000, 0.000010, -0.000016
0.373000, 0.000010, -0.000016
0.374000, 0.000010, -0.000016
0.375000, 0.000010, -0.000016
0.376000, 0.000010, -0.000016
0.377000, 0.000010, -0.000016
0.378000, 0.000010, -0.000016
0.379000, 0.000010, -0.000016
0.380000, 0.000010, -0.000016
0.381000, 0.000010, -0.000016
0.382000, 0.000010, -0.000016
0.383000, 0.000010, -0.000016
0.384000, 0.000010, -0.000016
0.385000, 0.000010, -0.000016
0.386000, 0.000010, -0.000016
0.387000, 0.000010, -0.000016
0.388000, 0.000010, -0.000016
0.389000, 0.000010, -0.000016
0.390000, 0.000010, -0.000016
0.391000, 0.000010, -0.000016
0.392000, 0.000010, -0.000016
0.393000, 0.000010, -0.000016
0.394000, 0.000010, -0.000015
0.395000, 0.000010, -0.000015
0.396000, 0.000010, -0.000015
0.397000, 0.000010, -0.000015
0.398000, 0.000010, -0.000015
0.399000, 0.000010, -0.000015
0.400000, 0.000010, -0.000015
0.401000, 0.000010, -0.000015
0.402000, 0.000010, -0.000015
0.403000, 0.000010, -0.000015
0.404000, 0.000010, -0.000015
0.405000, 0.000010, -0.000015
0.406000, 0.000010, -0.000015
0.407000, 0.000010, -0.000015
0.408000, 0.000010, -0.000015
0.409000, 0.000010, -0.000015
0.410000, 0.000010, -0.000015
0.411000, 0.000010, -0.000015
0.412000, 0.000010, -0.000015
0.413000, 0.000010, -0.000015
0.414000, 0.000010, -0.000015
0.415000, 0.000010, -0.000015
0.416000, 0.000009, -0.000015
0.417000, 0.000009, -0.000015
0.418000, 0.000009, -0.000015
0.419000, 0.000009, -0.000015
0.420000, 0.000009, -0.000015
0.421000, 0.000009, -0.000015
0.422000, 0.000009, -0.000015
0.423000, 0.000009, -0.000015
0.424000, 0.000009, -0.000015
0.425000, 0.000009, -0.000015
0.426000, 0.000009, -0.000015
0.427000, 0.000009, -0.000015
0.428000, 0.000009, -0.000015
0.429000, 0.000009, -0.000015
0.430000, 0.000009, -0.000015
0.431000, 0.000009, -0.000015
0.432000, 0.000009, -0.000015
0.433000, 0.000009, -0.000015
0.434000, 0.000009, -0.000015
0.435000, 0.000009, -0.000015
0.436000, 0.000009, -0.000015
0.437000, 0.000009, -0.000015
0.438000, 0.000009, -0.000015
0.439000, 0.000009, -0.000015
0.440000, 0.000009, -0.000015
0.441000, 0.000009, -0.000015
0.442000, 0.000009, -0.000015
0.443000, 0.000009, -0.000015
0.444000, 0.000009, -0.000015
0.445000, 0.000009, -0.000015
0.446000, 0.000009, -0.000015
0.447000, 0.000009, -0.000015
0.448000, 0.000009, -0.000015
0.449000, 0.000009, -0.000015
0.450000, 0.000009, -0.000015
0.451000, 0.000009, -0.000015
0.452000, 0.000009, -0.000015
0.453000, 0.000009, -0.000015
0.454000, 0.000009, -0.000015
0.455000, 0.000009, -0.000015
0.456000, 0.000009, -0.000015
0.457000, 0.000009, -0.000015
0.458000, 0.000009, -0.000015
0.459000, 0.000009, -0.000015
0.460000, 0.000009, -0.000015
0.461000, 0.000009, -0.000015
0.462000, 0.000009, -0.000015
0.463000, 0.000009, -0.000015
0.464000, 0.000009, -0.000015
0.465000, 0.000009, -0.000015
0.466000, 0.000009, -0.000015
0.467000, 0.000009, -0.000015
0.468000, 0.000009, -0.000015
0.469000, 0.000009, -0.000015
0.470000, 0.000009, -0.000015
0.471000, 0.000009, -0.000015
0.472000, 0.000009, -0.000015
0.473000, 0.000009, -0.000015
0.474000, 0.000009, -0.000015
0.475000, 0.000009, -0.000015
0.476000, 0.000009, -0.000015
0.477000, 0.000009, -0.000015
0.478000, 0.000009, -0.000015
0.479000, 0.000009, -0.000015
0.480000, 0.000009, -0.000015
0.481000, 0.000009, -0.000015
0.482000, 0.000009, -0.000015
0.483000, 0.000008, -0.000015
0.484000, 0.000008, -0.000015
0.485000, 0.000008, -0.000015
0.486000, 0.000008, -0.000015
0.487000, 0.000008, -0.000015
0.488000, 0.000008, -0.000015
0.489000, 0.000008, -0.000015
0.490000, 0.000008, -0.000015
0.491000, 0.000008, -0.000015
0.492000, 0.000008, -0.000015
0.493000, 0.000008, -0.000015
0.494000, 0.000008, -0.000015
0.495000, 0.000008, -0.000015
0.496000, 0.000008, -0.000015
0.497000, 0.000008, -0.000015
0.498000, 0.000008, -0.000015
0.499000, 0.000008, -0.000015
0.500000, 0.000008, -0.000015
0.501000, 0.000008, -0.000015
0.502000, 0.000008, -0.000015
0.503000, 0.000008, -0.000015
0.504000, 0.000008, -0.000015
0.505000, 0.000008, -0.000015
0.506000, 0.000008, -0.000015
0.507000, 0.000008, -0.000015
0.508000, 0.000008, -0.000015
0.509000, 0.000008, -0.000015
0.510000, 0.000008, -0.000015
0.511000, 0.000008, -0.000015
0.512000, 0.000008, -0.000015
0.513000, 0.000008, -0.000015
0.514000, 0.000008, -0.000015
0.515000, 0.000008, -0.000015
0.516000, 0.000008, -0.000015
0.517000, 0.000008, -0.000015
0.518000, 0.000008, -0.000015
0.519000, 0.000008, -0.000015
0.520000, 0.000008, -0.000015
0.521000, 0.000008, -0.000015
0.522000, 0.000008, -0.000015
0.523000, 0.000008, -0.000015
0.524000, 0.000008, -0.000015
0.525000, 0.000008, -0.000015
0.526000, 0.000008, -0.000015
0.527000, 0.000008, -0.000015
0.528000, 0.000008, -0.000015
0.529000, 0.000008, -0.000015
0.530000, 0.000008, -0.000015
0.531000, 0.000008, -0.000015
0.532000, 0.000008, -0.000015
0.533000, 0.000008, -0.000015
0.534000, 0.000008, -0.000015
0.535000, 0.000008, -0.000015
0.536000, 0.000008, -0.000015
0.537000, 0.000008, -0.000015
0.538000, 0.000008, -0.000015
0.539000, 0.000008, -0.000015
0.540000, 0.000008, -0.000015
0.541000, 0.000008, -0.000015
0.542000, 0.000008, -0.000015
0.543000, 0.000008, -0.000015
0.544000, 0.000008, -0.000015
0.545000, 0.000008, -0.000015
0.546000, 0.000008, -0.000015
0.547000, 0.000008, -0.000015
0.548000, 0.000008, -0.000015
0.549000, 0.000008, -0.000015
0.550000, 0.000007, -0.000015
0.551000, 0.000007, -0.000015
0.552000, 0.000007, -0.000015
0.553000, 0.000007, -0.000015
0.554000, 0.000007, -0.000015
0.555000, 0.000007, -0.000015
0.556000, 0.000007, -0.000015
0.557000, 0.000007, -0.000015
0.558000, 0.000007, -0.000015
0.559000, 0.000007, -0.000015
0.560000, 0.000007, -0.000015
0.561000, 0.000007, -0.000015
0.562000, 0.000007, -0.000015
0.563000, 0.000007, -0.000015
0.564000, 0.000007, -0.000015
0.565000, 0.000007, -0.000015
0.566000, 0.000007, -0.000015
0.567000, 0.000007, -0.000015
0.568000, 0.000007, -0.000015
0.569000, 0.000007, -0.000015
0.570000, 0.000007, -0.000015
0.571000, 0.000007, -0.000015
0.572000, 0.000007, -0.000015
0.573000, 0.000007, -0.000015
0.574000, 0.000007, -0.000015
0.575000, 0.000007, -0.000015
0.576000, 0.000007, -0.000015
0.577000, 0.000007, -0.000014
0.578000, 0.000007, -0.000014
0.579000, 0.000007, -0.000014
0.580000, 0.000007, -0.000014
0.581000, 0.000007, -0.000014
0.582000, 0.000007, -0.000014
0.583000, 0.000007, -0.000014
0.584000, 0.000007, -0.000014
0.585000, 0.000007, -0.000014
0.586000, 0.000007, -0.000014
0.587000, 0.000007, -0.000014
0.588000, 0.000007, -0.000014
0.589000, 0.000007, -0.000014
0.590000, 0.000007, -0.000014
0.591000, 0.000007, -0.000014
0.592000, 0.000007, -0.000014
0.593000, 0.000007, -0.000014
0.594000, 0.000007, -0.000014
0.595000, 0.000007, -0.000014
0.596000, 0.000007, -0.000014
0.597000, 0.000007, -0.000014
0.598000, 0.000007, -0.000014
0.599000, 0.000007, -0.000014
0.600000, 0.000007, -0.000014
0.601000, 0.000007, -0.000014
0.602000, 0.000007, -0.000014
0.603000, 0.000007, -0.000014
0.604000, 0.000007, -0.000014
0.605000, 0.000007, -0.000014
0.606000, 0.000007, -0.000014
0.607000, 0.000007, -0.000014
0.608000, 0.000007, -0.000014
0.609000, 0.000007, -0.000014
0.610000, 0.000007, -0.000014
0.611000, 0.000007, -0.000014
0.612000, 0.000007, -0.000014
0.613000, 0.000007, -0.000014
0.614000, 0.000007, -0.000014
0.615000, 0.000007, -0.000014
0.616000, 0.000007, -0.000014
0.617000, 0.000007, -0.000014
0.618000, 0.000007, -0.000014
0.619000, 0.000006, -0.000014
0.620000, 0.000006, -0.000014
0.621000, 0.000006, -0.000014
0.622000, 0.000006, -0.000014
0.623000, 0.000006, -0.000014
0.624000, 0.000006, -0.000014
0.625000, 0.000006, -0.000014
0.626000, 0.000006, -0.000014
0.627000, 0.000006, -0.000014
0.628000, 0.000006, -0.000014
0.629000, 0.000006, -0.000014
0.630000, 0.000006, -0.000014
0.631000, 0.000006, -0.000014
0.632000, 0.000006, -0.000014
0.633000, 0.000006, -0.000014
0.634000, 0.000006, -0.000014
0.635000, 0.000006, -0.000014
0.636000, 0.000006, -0.000014
0.637000, 0.000006, -0.000014
0.638000, 0.000006, -0.000014
0.639000, 0.000006, -0.000014
0.640000, 0.000006, -0.000014
0.641000, 0.000006, -0.000014
0.642000, 0.000006, -0.000014
0.643000, 0.000006, -0.000014
0.644000, 0.000006, -0.000014
0.645000, 0.000006, -0.000014
0.646000, 0.000006, -0.000014
0.647000, 0.000006, -0.000014
0.648000, 0.000006, -0.000014
0.649000, 0.000006, -0.000014
0.650000, 0.000006, -0.000014
0.651000, 0.000006, -0.000014
0.652000, 0.000006, -0.000014
0.653000, 0.000006, -0.000014
0.654000, 0.000006, -0.000014
0.655000, 0.000006, -0.000014
0.656000, 0.000006, -0.000014
0.657000, 0.000006, -0.000014
0.658000, 0.000006, -0.000014
0.659000, 0.000006, -0.000014
0.660000, 0.000006, -0.000014
0.661000, 0.000006, -0.000014
0.662000, 0.000006, -0.000014
0.663000, 0.000006, -0.000014
0.664000, 0.000006, -0.000014
0.665000, 0.000006, -0.000014
0.666000, 0.000006, -0.000014
0.667000, 0.000006, -0.000014
0.668000, 0.000006, -0.000014
0.669000, 0.000006, -0.000014
0.670000, 0.000006, -0.000014
0.671000, 0.000006, -0.000014
0.672000, 0.000006, -0.000014
0.673000, 0.000006, -0.000014
0.674000, 0.000006, -0.000014
0.675000, 0.000006, -0.000014
0.676000, 0.000006, -0.000014
0.677000, 0.000006, -0.000014
0.678000, 0.000006, -0.000014
0.679000, 0.000006, -0.000014
0.680000, 0.000006, -0.000014
0.681000, 0.000006, -0.000014
0.682000, 0.000006, -0.000014
0.683000, 0.000006, -0.000014
0.684000, 0.000006, -0.000014
0.685000, 0.000006, -0.000014
0.686000, 0.000006, -0.000014
0.687000, 0.000006, -0.000014
0.688000, 0.000006, -0.000014
0.689000, 0.000006, -0.000014
0.690000, 0.000005, -0.000014
0.691000, 0.000005, -0.000014
0.692000, 0.000005, -0.000014
0.693000, 0.000005, -0.000014
0.694000, 0.000005, -0.000014
0.695000, 0.000005, -0.000014
0.696000, 0.000005, -0.000014
0.697000, 0.000005, -0.000014
0.698000, 0.000005, -0.000014
0.699000, 0.000005, -0.000014
0.700000, 0.000005, -0.000014
0.701000, 0.000005, -0.000014
0.702000, 0.000005, -0.000014
0.703000, 0.000005, -0.000014
0.704000, 0.000005, -0.000014
0.705000, 0.000005, -0.000014
0.706000, 0.000005, -0.000014
0.707000, 0.000005, -0.000014
0.708000, 0.000005, -0.000014
0.709000, 0.000005, -0.000014
0.710000, 0.000005, -0.000014
0.711000, 0.000005, -0.000014
0.712000, 0.000005, -0.000014
0.713000, 0.000005, -0.000014
0.714000, 0.000005, -0.000014
0.715000, 0.000005, -0.000014
0.716000, 0.000005, -0.000014
0.717000, 0.000005, -0.000014
0.718000, 0.000005, -0.000014
0.719000, 0.000005, -0.000014
0.720000, 0.000005, -0.000014
0.721000, 0.000005, -0.000014
0.722000, 0.000005, -0.000014
0.723000, 0.000005, -0.000014
0.724000, 0.000005, -0.000014
0.725000, 0.000005, -0.000014
0.726000, 0.000005, -0.000014
0.727000, 0.000005, -0.000014
0.728000, 0.000005, -0.000014
0.729000, 0.000005, -0.000014
0.730000, 0.000005, -0.000014
0.731000, 0.000005, -0.000014
0.732000, 0.000005, -0.000014
0.733000, 0.000005, -0.000014
0.734000, 0.000005, -0.000014
0.735000, 0.000005, -0.000014
0.736000, 0.000005, -0.000014
0.737000, 0.000005, -0.000014
0.738000, 0.000005, -0.000014
0.739000, 0.000005, -0.000014
0.740000, 0.000005, -0.000014
0.741000, 0.000005, -0.000014
0.742000, 0.000005, -0.000014
0.743000, 0.000005, -0.000014
0.744000, 0.000005, -0.000014
0.745000, 0.000005, -0.000014
0.746000, 0.000005, -0.000014
0.747000, 0.000005, -0.000014
0.748000, 0.000005, -0.000014
0.749000, 0.000005, -0.000014
0.750000, 0.000005, -0.000014
0.751000, 0.000005, -0.000014
0.752000, 0.000005, -0.000014
0.753000, 0.000005, -0.000014
0.754000, 0.000005, -0.000014
0.755000, 0.000005, -0.000014
0.756000, 0.000005, -0.000014
0.757000, 0.000005, -0.000014
0.758000, 0.000005, -0.000014
0.759000, 0.000005, -0.000014
0.760000, 0.000005, -0.000014
0.761000, 0.000005, -0.000014
0.762000, 0.000004, -0.000014
0.763000, 0.000004, -0.000014
0.764000, 0.000004, -0.000014
0.765000, 0.000004, -0.000014
0.766000, 0.000004, -0.000014
0.767000, 0.000004, -0.000014
0.768000, 0.000004, -0.000014
0.769000, 0.000004, -0.000014
0.770000, 0.000004, -0.000014
0.771000, 0.000004, -0.000014
0.772000, 0.000004, -0.000014
0.773000, 0.000004, -0.000014
0.774000, 0.000004, -0.000014
0.775000, 0.000004, -0.000014
0.776000, 0.000004, -0.000014
0.777000, 0.000004, -0.000014
0.778000, 0.000004, -0.000014
0.779000, 0.000004, -0.000014
0.780000, 0.000004, -0.000014
0.781000, 0.000004, -0.000014
0.782000, 0.000004, -0.000014
0.783000, 0.000004, -0.000014
0.784000, 0.000004, -0.000014
0.785000, 0.000004, -0.000014
0.786000, 0.000004, -0.000014
0.787000, 0.000004, -0.000014
0.788000, 0.000004, -0.000014
0.789000, 0.000004, -0.000014
0.790000, 0.000004, -0.000014
0.791000, 0.000004, -0.000014
0.792000, 0.000004, -0.000014
0.793000, 0.000004, -0.000014
0.794000, 0.000004, -0.000014
0.795000, 0.000004, -0.000014
0.796000, 0.000004, -0.000014
0.797000, 0.000004, -0.000014
0.798000, 0.000004, -0.000014
0.799000, 0.000004, -0.000014
0.800000, 0.000004, -0.000014
0.801000, 0.000004, -0.000014
0.802000, 0.000004, -0.000014
0.803000, 0.000004, -0.000014
0.804000, 0.000004, -0.000014
0.805000, 0.000004, -0.000014
0.806000, 0.000004, -0.000014
0.807000, 0.000004, -0.000014
0.808000, 0.000004, -0.000014
0.809000, 0.000004, -0.000014
0.810000, 0.000004, -0.000014
0.811000, 0.000004, -0.000014
0.812000, 0.000004, -0.000014
0.813000, 0.000004, -0.000014
0.814000, 0.000004, -0.000014
0.815000, 0.000004, -0.000014
0.816000, 0.000004, -0.000014
0.817000, 0.000004, -0.000014
0.818000, 0.000004, -0.000014
0.819000, 0.000004, -0.000014
0.820000, 0.000004, -0.000014
0.821000, 0.000004, -0.000014
0.822000, 0.000004, -0.000014
0.823000, 0.000004, -0.000014
0.824000, 0.000004, -0.000014
0.825000, 0.000004, -0.000014
0.826000, 0.000004, -0.000014
0.827000, 0.000004, -0.000014
0.828000, 0.000004, -0.000014
0.829000, 0.000004, -0.000014
0.830000, 0.000004, -0.000014
0.831000, 0.000004, -0.000014
0.832000, 0.000004, -0.000014
0.833000, 0.000004, -0.000014
0.834000, 0.000004, -0.000014
0.835000, 0.000004, -0.000013
0.836000, 0.000003, -0.000013
0.837000, 0.000003, -0.000013
0.838000, 0.000003, -0.000013
0.839000, 0.000003, -0.000013
0.840000, 0.000003, -0.000013
0.841000, 0.000003, -0.000013
0.842000, 0.000003, -0.000013
0.843000, 0.000003, -0.000013
0.844000, 0.000003, -0.000013
0.845000, 0.000003, -0.000013
0.846000, 0.000003, -0.000013
0.847000, 0.000003, -0.000013
0.848000, 0.000003, -0.000013
0.849000, 0.000003, -0.000013
0.850000, 0.000003, -0.000013
0.851000, 0.000003, -0.000013
0.852000, 0.000003, -0.000013
0.853000, 0.000003, -0.000013
0.854000, 0.000003, -0.000013
0.855000, 0.000003, -0.000013
0.856000, 0.000003, -0.000013
0.857000, 0.000003, -0.000013
0.858000, 0.000003, -0.000013
0.859000, 0.000003, -0.000013
0.860000, 0.000003, -0.000013
0.861000, 0.000003, -0.000013
0.862000, 0.000003, -0.000013
0.863000, 0.000003, -0.000013
0.864000, 0.000003, -0.000013
0.865000, 0.000003, -0.000013
0.866000, 0.000003, -0.000013
0.867000, 0.000003, -0.000013
0.868000, 0.000003, -0.000013
0.869000, 0.000003, -0.000013
0.870000, 0.000003, -0.000013
0.871000, 0.000003, -0.000013
0.872000, 0.000003, -0.000013
0.873000, 0.000003, -0.000013
0.874000, 0.000003, -0.000013
0.875000, 0.000003, -0.000013
0.876000, 0.000003, -0.000013
0.877000, 0.000003, -0.000013
0.878000, 0.000003, -0.000013
0.879000, 0.000003, -0.000013
0.880000, 0.000003, -0.000013
0.881000, 0.000003, -0.000013
0.882000, 0.000003, -0.000013
0.883000, 0.000003, -0.000013
0.884000, 0.000003, -0.000013
0.885000, 0.000003, -0.000013
0.886000, 0.000003, -0.000013
0.887000, 0.000003, -0.000013
0.888000, 0.000003, -0.000013
0.889000, 0.000003, -0.000013
0.890000, 0.000003, -0.000013
0.891000, 0.000003, -0.000013
0.892000, 0.000003, -0.000013
0.893000, 0.000003, -0.000013
0.894000, 0.000003, -0.000013
0.895000, 0.000003, -0.000013
0.896000, 0.000003, -0.000013
0.897000, 0.000003, -0.000013
0.898000, 0.000003, -0.000013
0.899000, 0.000003, -0.000013
0.900000, 0.000003, -0.000013
0.901000, 0.000003, -0.000013
0.902000, 0.000003, -0.000013
0.903000, 0.000003, -0.000013
0.904000, 0.000003, -0.000013
0.905000, 0.000003, -0.000013
0.906000, 0.000003, -0.000013
0.907000, 0.000003, -0.000013
0.908000, 0.000003, -0.000013
0.909000, 0.000003, -0.000013
0.910000, 0.000002, -0.000013
0.911000, 0.000002, -0.000013
0.912000, 0.000002, -0.000013
0.913000, 0.000002, -0.000013
0.914000, 0.000002, -0.000013
0.915000, 0.000002, -0.000013
0.916000, 0.000002, -0.000013
0.917000, 0.000002, -0.000013
0.918000, 0.000002, -0.000013
0.919000, 0.000002, -0.000013
0.920000, 0.000002, -0.000013
0.921000, 0.000002, -0.000013
0.922000, 0.000002, -0.000013
0.923000, 0.000002, -0.000013
0.924000, 0.000002, -0.000013
0.925000, 0.000002, -0.000013
0.926000, 0.000002, -0.000013
0.927000, 0.000002, -0.000013
0.928000, 0.000002, -0.000013
0.929000, 0.000002, -0.000013
0.930000, 0.000002, -0.000013
0.931000, 0.000002, -0.000013
0.932000, 0.000002, -0.000013
0.933000, 0.000002, -0.000013
0.934000, 0.000002, -0.000013
0.935000, 0.000002, -0.000013
0.936000, 0.000002, -0.000013
0.937000, 0.000002, -0.000013
0.938000, 0.000002, -0.000013
0.939000, 0.000002, -0.000013
0.940000, 0.000002, -0.000013
0.941000, 0.000002, -0.000013
0.942000, 0.000002, -0.000013
0.943000, 0.000002, -0.000013
0.944000, 0.000002, -0.000013
0.945000, 0.000002, -0.000013
0.946000, 0.000002, -0.000013
0.947000, 0.000002, -0.000013
0.948000, 0.000002, -0.000013
0.949000, 0.000002, -0.000013
0.950000, 0.000002, -0.000013
0.951000, 0.000002, -0.000013
0.952000, 0.000002, -0.000013
0.953000, 0.000002, -0.000013
0.954000, 0.000002, -0.000013
0.955000, 0.000002, -0.000013
0.956000, 0.000002, -0.000013
0.957000, 0.000002, -0.000013
0.958000, 0.000002, -0.000013
0.959000, 0.000002, -0.000013
0.960000, 0.000002, -0.000013
0.961000, 0.000002, -0.000013
0.962000, 0.000002, -0.000013
0.963000, 0.000002, -0.000013
0.964000, 0.000002, -0.000013
0.965000, 0.000002, -0.000013
0.966000, 0.000002, -0.000013
0.967000, 0.000002, -0.000013
0.968000, 0.000002, -0.000013
0.969000, 0.000002, -0.000013
0.970000, 0.000002, -0.000013
0.971000, 0.000002, -0.000013
0.972000, 0.000002, -0.000013
0.973000, 0.000002, -0.000013
0.974000, 0.000002, -0.000013
0.975000, 0.000002, -0.000013
0.976000, 0.000002, -0.000013
0.977000, 0.000002, -0.000013
0.978000, 0.000002, -0.000013
0.979000, 0.000002, -0.000013
0.980000, 0.000002, -0.000013
0.981000, 0.000002, -0.000013
0.982000, 0.000002, -0.000013
0.983000, 0.000002, -0.000013
0.984000, 0.000002, -0.000013
0.985000, 0.000002, -0.000013
0.986000, 0.000001, -0.000013
0.987000, 0.000001, -0.000013
0.988000, 0.000001, -0.000013
0.989000, 0.000001, -0.000013
0.990000, 0.000001, -0.000013
0.991000, 0.000001, -0.000013
0.992000, 0.000001, -0.000013
0.993000, 0.000001, -0.000013
0.994000, 0.000001, -0.000013
0.995000, 0.000001, -0.000013
0.996000, 0.000001, -0.000013
0.997000, 0.000001, -0.000013
0.998000, 0.000001, -0.000013
0.999000, 0.000001, -0.000013
1.000000, 1.500001, -0.000013
1.001000, 1.485747, -9.502812
1.002000, 1.463508, -17.993713
1.003000, 1.434225, -25.519813
1.004000, 1.398791, -32.129513
1.005000, 1.358047, -37.872112
1.006000, 1.312787, -42.797487
1.007000, 1.263752, -46.955812
1.008000, 1.211634, -50.397295
1.009000, 1.157075, -53.171913
1.010000, 1.100667, -55.329148
1.011000, 1.042955, -56.917710
1.012000, 0.984436, -57.985266
1.013000, 0.925561, -58.578171
1.014000, 0.866739, -58.741225
1.015000, 0.808333, -58.517461
1.016000, 0.750670, -57.947967
1.017000, 0.694036, -57.071760
1.018000, 0.638684, -55.925702
1.019000, 0.584830, -54.544458
1.020000, 0.532661, -52.960495
1.021000, 0.482335, -51.204109
1.022000, 0.433982, -49.303479
1.023000, 0.387707, -47.284733
1.024000, 0.343591, -45.172030
1.025000, 0.301696, -42.987635
1.026000, 0.262061, -40.752011
1.027000, 0.224712, -38.483893
1.028000, 0.189653, -36.200371
1.029000, 0.156878, -33.916963
1.030000, 0.126365, -31.647684
1.031000, 0.098081, -29.405118
1.032000, 0.071983, -27.200479
1.033000, 0.048017, -25.043683
1.034000, 0.026124, -22.943402
1.035000, 0.006235, -20.907136
1.036000, -0.011723, -18.941271
1.037000, -0.027829, -17.051149
1.038000, -0.042165, -15.241125
1.039000, -0.054817, -13.514635
1.040000, -0.065871, -11.874264
1.041000, -0.075416, -10.321804
1.042000, -0.083543, -8.858322
1.043000, -0.090340, -7.484218
1.044000, -0.095897, -6.199293
1.045000, -0.100302, -5.002802
1.046000, -0.103640, -3.893515
1.047000, -0.105998, -2.869773
1.048000, -0.107458, -1.929538
1.049000, -0.108099, -1.070445
1.050000, -0.107998, -0.289850
1.051000, -0.107231, 0.415125
1.052000, -0.105867, 1.047551
1.053000, -0.103975, 1.610654
1.054000, -0.101618, 2.107777
1.055000, -0.098859, 2.542346
1.056000, -0.095753, 2.917844
1.057000, -0.092355, 3.237777
1.058000, -0.088716, 3.505656
1.059000, -0.084881, 3.724966
1.060000, -0.080895, 3.899157
1.061000, -0.076797, 4.031614
1.062000, -0.072624, 4.125651
1.063000, -0.068410, 4.184493
1.064000, -0.064186, 4.211266
1.065000, -0.059978, 4.208984
1.066000, -0.055812, 4.180547
1.067000, -0.051709, 4.128730
1.068000, -0.047689, 4.056176
1.069000, -0.043769, 3.965399
1.070000, -0.039963, 3.858775
1.071000, -0.036285, 3.738546
1.072000, -0.032744, 3.606814
1.073000, -0.029349, 3.465546
1.074000, -0.026107, 3.316572
1.075000, -0.023023, 3.161590
1.076000, -0.020100, 3.002167
1.077000, -0.017342, 2.839741
1.078000, -0.014748, 2.675628
1.079000, -0.012320, 2.511023
1.080000, -0.010055, 2.347006
1.081000, -0.007951, 2.184545
1.082000, -0.006007, 2.024504
1.083000, -0.004218, 1.867646
1.084000, -0.002579, 1.714638
1.085000, -0.001088, 1.566056
1.086000, 0.000263, 1.422392
1.087000, 0.001478, 1.284058
1.088000, 0.002563, 1.151393
1.089000, 0.003524, 1.024666
1.090000, 0.004368, 0.904082
1.091000, 0.005101, 0.789787
1.092000, 0.005728, 0.681874
1.093000, 0.006258, 0.580388
1.094000, 0.006696, 0.485325
1.095000, 0.007048, 0.396646
1.096000, 0.007321, 0.314273
1.097000, 0.007521, 0.238098
1.098000, 0.007654, 0.167983
1.099000, 0.007726, 0.103766
1.100000, 0.007742, 0.045267
1.101000, 0.007708, -0.007716
1.102000, 0.007628, -0.055397
1.103000, 0.007509, -0.098003
1.104000, 0.007354, -0.135770
1.105000, 0.007169, -0.168941
1.106000, 0.006957, -0.197763
1.107000, 0.006722, -0.222488
1.108000, 0.006468, -0.243365
1.109000, 0.006199, -0.260646
1.110000, 0.005917, -0.274578
1.111000, 0.005626, -0.285407
1.112000, 0.005329, -0.293372
1.113000, 0.005028, -0.298708
1.114000, 0.004725, -0.301640
1.115000, 0.004422, -0.302389
1.116000, 0.004121, -0.301167
1.117000, 0.003825, -0.298177
1.118000, 0.003533, -0.293613
1.119000, 0.003249, -0.287659
1.120000, 0.002972, -0.280491
1.121000, 0.002704, -0.272274
1.122000, 0.002445, -0.263163
1.123000, 0.002197, -0.253304
1.124000, 0.001959, -0.242833
1.125000, 0.001733, -0.231876
1.126000, 0.001518, -0.220550
1.127000, 0.001315, -0.208964
1.128000, 0.001123, -0.197214
1.129000, 0.000944, -0.185392
1.130000, 0.000776, -0.173578
1.131000, 0.000620, -0.161846
1.132000, 0.000476, -0.150260
1.133000, 0.000342, -0.138880
1.134000, 0.000220, -0.127757
1.135000, 0.000109, -0.116933
1.136000, 0.000007, -0.106449
1.137000, -0.000084, -0.096335
1.138000, -0.000166, -0.086619
1.139000, -0.000238, -0.077321
1.140000, -0.000302, -0.068460
1.141000, -0.000358, -0.060046
1.142000, -0.000406, -0.052089
1.143000, -0.000447, -0.044594
1.144000, -0.000481, -0.037560
1.145000, -0.000509, -0.030987
1.146000, -0.000531, -0.024871
1.147000, -0.000547, -0.019204
1.148000, -0.000558, -0.013977
1.149000, -0.000565, -0.009180
1.150000, -0.000568, -0.004800
1.151000, -0.000567, -0.000823
1.152000, -0.000562, 0.002766
1.153000, -0.000554, 0.005983
1.154000, -0.000544, 0.008844
1.155000, -0.000532, 0.011367
1.156000, -0.000517, 0.013570
1.157000, -0.000500, 0.015470
1.158000, -0.000483, 0.017085
1.159000, -0.000463, 0.018434
1.160000, -0.000443, 0.019535
1.161000, -0.000423, 0.020404
1.162000, -0.000401, 0.021061
1.163000, -0.000379, 0.021521
1.164000, -0.000357, 0.021801
1.165000, -0.000335, 0.021917
1.166000, -0.000314, 0.021886
1.167000, -0.000292, 0.021720
1.168000, -0.000271, 0.021436
1.169000, -0.000250, 0.021046
1.170000, -0.000229, 0.020564
1.171000, -0.000210, 0.020001
1.172000, -0.000191, 0.019369
1.173000, -0.000172, 0.018679
1.174000, -0.000155, 0.017940
1.175000, -0.000138, 0.017164
1.176000, -0.000122, 0.016357
1.177000, -0.000107, 0.015528
1.178000, -0.000093, 0.014684
1.179000, -0.000079, 0.013832
1.180000, -0.000067, 0.012979
1.181000, -0.000055, 0.012129
1.182000, -0.000044, 0.011288
1.183000, -0.000034, 0.010460
1.184000, -0.000025, 0.009650
1.185000, -0.000016, 0.008859
1.186000, -0.000009, 0.008092
1.187000, -0.000002, 0.007350
1.188000, 0.000005, 0.006636
1.189000, 0.000010, 0.005952
1.190000, 0.000015, 0.005299
1.191000, 0.000020, 0.004678
1.192000, 0.000023, 0.004089
1.193000, 0.000027, 0.003533
1.194000, 0.000029, 0.003011
1.195000, 0.000032, 0.002522
1.196000, 0.000033, 0.002066
1.197000, 0.000035, 0.001643
1.198000, 0.000036, 0.001251
1.199000, 0.000037, 0.000891
1.200000, 0.000037, 0.000562
1.201000, 0.000037, 0.000262
1.202000, 0.000037, -0.000010
1.203000, 0.000037, -0.000255
1.204000, 0.000036, -0.000473
1.205000, 0.000035, -0.000666
1.206000, 0.000034, -0.000836
1.207000, 0.000033, -0.000983
1.208000, 0.000032, -0.001110
1.209000, 0.000031, -0.001216
1.210000, 0.000029, -0.001305
1.211000, 0.000028, -0.001375
1.212000, 0.000027, -0.001430
1.213000, 0.000025, -0.001471
1.214000, 0.000024, -0.001498
1.215000, 0.000022, -0.001512
1.216000, 0.000021, -0.001516
1.217000, 0.000019, -0.001509
1.218000, 0.000018, -0.001493
1.219000, 0.000016, -0.001470
1.220000, 0.000015, -0.001439
1.221000, 0.000013, -0.001402
1.222000, 0.000012, -0.001359
1.223000, 0.000011, -0.001313
1.224000, 0.000009, -0.001262
1.225000, 0.000008, -0.001208
1.226000, 0.000007, -0.001152
1.227000, 0.000006, -0.001094
1.228000, 0.000005, -0.001035
1.229000, 0.000004, -0.000974
1.230000, 0.000003, -0.000914
1.231000, 0.000002, -0.000854
1.232000, 0.000002, -0.000794
1.233000, 0.000001, -0.000734
1.234000, 0.000000, -0.000676
1.235000, -0.000000, -0.000620
1.236000, -0.000001, -0.000565
1.237000, -0.000001, -0.000511
1.238000, -0.000002, -0.000460
1.239000, -0.000002, -0.000410
1.240000, -0.000002, -0.000363
1.241000, -0.000003, -0.000318
1.242000, -0.000003, -0.000276
1.243000, -0.000003, -0.000235
1.244000, -0.000003, -0.000197
1.245000, -0.000004, -0.000162
1.246000, -0.000004, -0.000129
1.247000, -0.000004, -0.000098
1.248000, -0.000004, -0.000069
1.249000, -0.000004, -0.000043
1.250000, -0.000004, -0.000019
1.251000, -0.000004, 0.000003
1.252000, -0.000004, 0.000023
1.253000, -0.000004, 0.000040
1.254000, -0.000004, 0.000056
1.255000, -0.000004, 0.000071
1.256000, -0.000003, 0.000083
1.257000, -0.000003, 0.000094
1.258000, -0.000003, 0.000103
1.259000, -0.000003, 0.000111
1.260000, -0.000003, 0.000117
1.261000, -0.000003, 0.000122
1.262000, -0.000003, 0.000126
1.263000, -0.000003, 0.000129
1.264000, -0.000003, 0.000131
1.265000, -0.000002, 0.000132
1.266000, -0.000002, 0.000132
1.267000, -0.000002, 0.000131
1.268000, -0.000002, 0.000130
1.269000, -0.000002, 0.000128
1.270000, -0.000002, 0.000126
1.271000, -0.000002, 0.000123
1.272000, -0.000002, 0.000120
1.273000, -0.000001, 0.000116
1.274000, -0.000001, 0.000112
1.275000, -0.000001, 0.000108
1.276000, -0.000001, 0.000103
1.277000, -0.000001, 0.000099
1.278000, -0.000001, 0.000094
1.279000, -0.000001, 0.000090
1.280000, -0.000001, 0.000085
1.281000, -0.000001, 0.000080
1.282000, -0.000001, 0.000076
1.283000, -0.000001, 0.000071
1.284000, -0.000000, 0.000067
1.285000, -0.000000, 0.000062
1.286000, -0.000000, 0.000058
1.287000, -0.000000, 0.000054
1.288000, -0.000000, 0.000050
1.289000, -0.000000, 0.000046
1.290000, -0.000000, 0.000042
1.291000, -0.000000, 0.000038
1.292000, -0.000000, 0.000035
1.293000, -0.000000, 0.000032
1.294000, -0.000000, 0.000029
1.295000, 0.000000, 0.000026
1.296000, 0.000000, 0.000023
1.297000, 0.000000, 0.000021
1.298000, 0.000000, 0.000018
1.299000, 0.000000, 0.000016
1.300000, 0.000000, 0.000014
1.301000, 0.000000, 0.000012
1.302000, 0.000000, 0.000010
1.303000, 0.000000, 0.000009
1.304000, 0.000000, 0.000007
1.305000, 0.000000, 0.000006
1.306000, 0.000000, 0.000005
1.307000, 0.000000, 0.000004
1.308000, 0.000000, 0.000003
1.309000, 0.000000, 0.000002
1.310000, 0.000000, 0.000002
1.311000, 0.000000, 0.000001
1.312000, 0.000000, 0.000000
1.313000, 0.000000, 0.000000
1.314000, 0.000000, -0.000000
1.315000, 0.000000, -0.000001
1.316000, 0.000000, -0.000001
1.317000, 0.000000, -0.000001
1.318000, 0.000000, -0.000001
1.319000, 0.000000, -0.000001
1.320000, 0.000000, -0.000001
1.321000, 0.000000, -0.000001
1.322000, 0.000000, -0.000001
1.323000, 0.000000, -0.000001
1.324000, 0.000000, -0.000001
1.325000, 0.000000, -0.000001
1.326000, 0.000000, -0.000000
1.327000, 0.000000, -0.000000
1.328000, 0.000000, 0.000000
1.329000, 0.000000, 0.000000
1.330000, 0.000000, 0.000000
1.331000, 0.000000, 0.000001
1.332000, 0.000000, 0.000001
1.333000, 0.000000, 0.000001
1.334000, 0.000000, 0.000001
1.335000, 0.000000, 0.000002
1.336000, 0.000000, 0.000002
1.337000, 0.000000, 0.000002
1.338000, 0.000000, 0.000002
1.339000, 0.000000, 0.000002
1.340000, 0.000000, 0.000002
1.341000, 0.000000, 0.000003
1.342000, 0.000000, 0.000003
1.343000, 0.000000, 0.000003
1.344000, 0.000000, 0.000003
1.345000, 0.000000, 0.000003
1.346000, 0.000000, 0.000003
1.347000, 0.000000, 0.000003
1.348000, 0.000000, 0.000003
1.349000, 0.000000, 0.000004
1.350000, 0.000000, 0.000004
1.351000, 0.000000, 0.000004
1.352000, 0.000000, 0.000004
1.353000, 0.000000, 0.000004
1.354000, 0.000000, 0.000004
1.355000, 0.000000, 0.000004
1.356000, 0.000000, 0.000004
1.357000, 0.000000, 0.000004
1.358000, 0.000000, 0.000004
1.359000, 0.000000, 0.000004
1.360000, 0.000000, 0.000004
1.361000, 0.000000, 0.000004
1.362000, 0.000000, 0.000004
1.363000, 0.000000, 0.000004
1.364000, 0.000000, 0.000004
1.365000, 0.000000, 0.000004
1.366000, 0.000000, 0.000004
1.367000, 0.000000, 0.000003
1.368000, 0.000000, 0.000003
1.369000, 0.000000, 0.000003
1.370000, 0.000000, 0.000003
1.371000, 0.000000, 0.000003
1.372000, 0.000000, 0.000003
1.373000, 0.000000, 0.000003
1.374000, 0.000000, 0.000003
1.375000, 0.000000, 0.000003
1.376000, 0.000000, 0.000003
1.377000, 0.000000, 0.000003
1.378000, 0.000000, 0.000003
1.379000, 0.000000, 0.000003
1.380000, 0.000000, 0.000003
1.381000, 0.000000, 0.000003
1.382000, 0.000000, 0.000003
1.383000, 0.000000, 0.000003
1.384000, 0.000000, 0.000002
1.385000, 0.000000, 0.000002
1.386000, 0.000000, 0.000002
1.387000, 0.000000, 0.000002
1.388000, 0.000000, 0.000002
1.389000, 0.000000, 0.000002
1.390000, 0.000000, 0.000002
1.391000, 0.000000, 0.000002
1.392000, 0.000000, 0.000002
1.393000, 0.000000, 0.000002
1.394000, 0.000000, 0.000002
1.395000, 0.000000, 0.000002
1.396000, 0.000000, 0.000002
1.397000, 0.000000, 0.000002
1.398000, 0.000000, 0.000002
1.399000, 0.000000, 0.000002
1.400000, 0.000000, 0.000002
1.401000, 0.000000, 0.000002
1.402000, 0.000000, 0.000002
1.403000, 0.000000, 0.000002
1.404000, 0.000000, 0.000002
1.405000, 0.000000, 0.000002
1.406000, 0.000000, 0.000002
1.407000, 0.000000, 0.000002
1.408000, 0.000000, 0.000001
1.409000, 0.000000, 0.000001
1.410000, 0.000000, 0.000001
1.411000, 0.000000, 0.000001
1.412000, 0.000000, 0.000001
1.413000, 0.000000, 0.000001
1.414000, 0.000000, 0.000001
1.415000, 0.000000, 0.000001
1.416000, 0.000000, 0.000001
1.417000, 0.000000, 0.000001
1.418000, 0.000000, 0.000001
1.419000, 0.000000, 0.000001
1.420000, 0.000000, 0.000001
1.421000, 0.000000, 0.000001
1.422000, 0.000000, 0.000001
1.423000, 0.000000, 0.000001
1.424000, 0.000000, 0.000001
1.425000, 0.000000, 0.000001
1.426000, 0.000000, 0.000001
1.427000, 0.000000, 0.000001
1.428000, 0.000000, 0.000001
1.429000, 0.000000, 0.000001
1.430000, 0.000000, 0.000001
1.431000, 0.000000, 0.000001
1.432000, 0.000000, 0.000001
1.433000, 0.000000, 0.000001
1.434000, 0.000000, 0.000001
1.435000, 0.000000, 0.000001
1.436000, 0.000000, 0.000001
1.437000, 0.000000, 0.000001
1.438000, 0.000000, 0.000001
1.439000, 0.000000, 0.000001
1.440000, 0.000000, 0.000001
1.441000, 0.000000, 0.000001
1.442000, 0.000000, 0.000001
1.443000, 0.000000, 0.000001
1.444000, 0.000000, 0.000001
1.445000, 0.000000, 0.000001
1.446000, 0.000000, 0.000001
1.447000, 0.000000, 0.000001
1.448000, 0.000000, 0.000001
1.449000, 0.000000, 0.000001
1.450000, 0.000000, 0.000001
1.451000, 0.000000, 0.000001
1.452000, 0.000000, 0.000001
1.453000, 0.000000, 0.000001
1.454000, 0.000000, 0.000001
1.455000, 0.000000, 0.000001
1.456000, 0.000000, 0.000001
1.457000, 0.000000, 0.000001
1.458000, 0.000000, 0.000001
1.459000, 0.000000, 0.000001
1.460000, 0.000000, 0.000001
1.461000, 0.000000, 0.000001
1.462000, 0.000000, 0.000001
1.463000, 0.000000, 0.000001
1.464000, 0.000000, 0.000001
1.465000, 0.000000, 0.000001
1.466000, 0.000000, 0.000001
1.467000, 0.000000, 0.000001
1.468000, 0.000000, 0.000001
1.469000, 0.000000, 0.000001
1.470000, 0.000000, 0.000001
1.471000, 0.000000, 0.000001
1.472000, 0.000000, 0.000001
1.473000, 0.000000, 0.000001
1.474000, 0.000000, 0.000001
1.475000, 0.000000, 0.000001
1.476000, 0.000000, 0.000001
1.477000, 0.000000, 0.000001
1.478000, 0.000000, 0.000001
1.479000, 0.000000, 0.000001
1.480000, 0.000000, 0.000001
1.481000, 0.000000, 0.000001
1.482000, 0.000000, 0.000001
1.483000, 0.000000, 0.000001
1.484000, 0.000000, 0.000001
1.485000, 0.000000, 0.000001
1.486000, 0.000000, 0.000001
1.487000, 0.000000, 0.000001
1.488000, 0.000000, 0.000001
1.489000, 0.000000, 0.000001
1.490000, 0.000000, 0.000001
1.491000, 0.000000, 0.000001
1.492000, 0.000000, 0.000001
1.493000, 0.000000, 0.000001
1.494000, 0.000000, 0.000001
1.495000, 0.000000, 0.000001
1.496000, 0.000000, 0.000001
1.497000, 0.000000, 0.000001
1.498000, 0.000000, 0.000001
1.499000, 0.000000, 0.000001
1.500000, 0.000000, 0.000001
1.501000, 0.000000, 0.000001
1.502000, 0.000000, 0.000001
1.503000, 0.000000, 0.000001
1.504000, 0.000000, 0.000001
1.505000, 0.000000, 0.000001
1.506000, 0.000000, 0.000001
1.507000, 0.000000, 0.000001
1.508000, 0.000000, 0.000001
1.509000, 0.000000, 0.000001
1.510000, 0.000000, 0.000001
1.511000, 0.000000, 0.000001
1.512000, 0.000000, 0.000001
1.513000, 0.000000, 0.000001
1.514000, 0.000000, 0.000001
1.515000, 0.000000, 0.000001
1.516000, 0.000000, 0.000001
1.517000, 0.000000, 0.000001
1.518000, 0.000000, 0.000001
1.519000, 0.000000, 0.000001
1.520000, 0.000000, 0.000001
1.521000, 0.000000, 0.000001
1.522000, 0.000000, 0.000001
1.523000, 0.000000, 0.000001
1.524000, 0.000000, 0.000001
1.525000, 0.000000, 0.000000
1.526000, 0.000000, 0.000000
1.527000, 0.000000, 0.000000
1.528000, 0.000000, 0.000000
1.529000, 0.000000, 0.000000
1.530000, 0.000000, 0.000000
1.531000, 0.000000, 0.000000
1.532000, 0.000000, 0.000000
1.533000, 0.000000, 0.000000
1.534000, 0.000000, 0.000000
1.535000, 0.000000, 0.000000
1.536000, 0.000000, 0.000000
1.537000, 0.000000, 0.000000
1.538000, 0.000000, 0.000000
1.539000, 0.000000, 0.000000
1.540000, 0.000000, 0.000000
1.541000, 0.000000, 0.000000
1.542000, 0.000000, 0.000000
1.543000, 0.000000, 0.000000
1.544000, 0.000000, 0.000000
1.545000, 0.000000, 0.000000
1.546000, 0.000000, 0.000000
1.547000, 0.000000, 0.000000
1.548000, 0.000000, 0.000000
1.549000, 0.000000, 0.000000
1.550000, 0.000000, 0.000000
1.551000, 0.000000, 0.000000
1.552000, 0.000000, 0.000000
1.553000, 0.000000, 0.000000
1.554000, 0.000000, 0.000000
1.555000, 0.000000, 0.000000
1.556000, 0.000000, 0.000000
1.557000, 0.000000, 0.000000
1.558000, 0.000000, 0.000000
1.559000, 0.000000, 0.000000
1.560000, 0.000000, 0.000000
1.561000, 0.000000, 0.000000
1.562000, 0.000000, 0.000000
1.563000, 0.000000, 0.000000
1.564000, 0.000000, 0.000000
1.565000, 0.000000, 0.000000
1.566000, 0.000000, 0.000000
1.567000, 0.000000, 0.000000
1.568000, 0.000000, 0.000000
1.569000, 0.000000, 0.000000
1.570000, 0.000000, 0.000000
1.571000, 0.000000, 0.000000
1.572000, 0.000000, 0.000000
1.573000, 0.000000, 0.000000
1.574000, 0.000000, 0.000000
1.575000, 0.000000, 0.000000
1.576000, 0.000000, 0.000000
1.577000, 0.000000, 0.000000
1.578000, 0.000000, 0.000000
1.579000, 0.000000, 0.000000
1.580000, 0.000000, 0.000000
1.581000, 0.000000, 0.000000
1.582000, 0.000000, 0.000000
1.583000, 0.000000, 0.000000
1.584000, 0.000000, 0.000000
1.585000, 0.000000, 0.000000
1.586000, 0.000000, 0.000000
1.587000, 0.000000, 0.000000
1.588000, 0.000000, 0.000000
1.589000, 0.000000, 0.000000
1.590000, 0.000000, 0.000000
1.591000, 0.000000, 0.000000
1.592000, 0.000000, 0.000000
1.593000, 0.000000, 0.000000
1.594000, 0.000000, 0.000000
1.595000, 0.000000, 0.000000
1.596000, 0.000000, 0.000000
1.597000, 0.000000, 0.000000
1.598000, 0.000000, 0.000000
1.599000, 0.000000, 0.000000
1.600000, 0.000000, 0.000000
1.601000, 0.000000, 0.000000
1.602000, 0.000000, 0.000000
1.603000, 0.000000, 0.000000
1.604000, 0.000000, 0.000000
1.605000, 0.000000, 0.000000
1.606000, 0.000000, 0.000000
1.607000, 0.000000, 0.000000
1.608000, 0.000000, 0.000000
1.609000, 0.000000, 0.000000
1.610000, 0.000000, 0.000000
1.611000, 0.000000, 0.000000
1.612000, 0.000000, 0.000000
1.613000, 0.000000, 0.000000
1.614000, 0.000000, 0.000000
1.615000, 0.000000, 0.000000
1.616000, 0.000000, 0.000000
1.617000, 0.000000, 0.000000
1.618000, 0.000000, 0.000000
1.619000, 0.000000, 0.000000
1.620000, 0.000000, 0.000000
1.621000, 0.000000, 0.000000
1.622000, 0.000000, 0.000000
1.623000, 0.000000, 0.000000
1.624000, 0.000000, 0.000000
1.625000, 0.000000, 0.000000
1.626000, 0.000000, 0.000000
1.627000, 0.000000, 0.000000
1.628000, 0.000000, 0.000000
1.629000, 0.000000, 0.000000
1.630000, 0.000000, 0.000000
1.631000, 0.000000, 0.000000
1.632000, 0.000000, 0.000000
1.633000, 0.000000, 0.000000
1.634000, 0.000000, 0.000000
1.635000, 0.000000, 0.000000
1.636000, 0.000000, 0.000000
1.637000, 0.000000, 0.000000
1.638000, 0.000000, 0.000000
1.639000, 0.000000, 0.000000
1.640000, 0.000000, 0.000000
1.641000, 0.000000, 0.000000
1.642000, 0.000000, 0.000000
1.643000, 0.000000, 0.000000
1.644000, 0.000000, 0.000000
1.645000, 0.000000, 0.000000
1.646000, 0.000000, 0.000000
1.647000, 0.000000, 0.000000
1.648000, 0.000000, 0.000000
1.649000, 0.000000, 0.000000
1.650000, 0.000000, 0.000000
1.651000, 0.000000, 0.000000
1.652000, 0.000000, 0.000000
1.653000, 0.000000, 0.000000
1.654000, 0.000000, 0.000000
1.655000, 0.000000, 0.000000
1.656000, 0.000000, 0.000000
1.657000, 0.000000, 0.000000
1.658000, 0.000000, 0.000000
1.659000, 0.000000, 0.000000
1.660000, 0.000000, 0.000000
1.661000, 0.000000, 0.000000
1.662000, 0.000000, 0.000000
1.663000, 0.000000, 0.000000
1.664000, 0.000000, 0.000000
1.665000, 0.000000, 0.000000
1.666000, 0.000000, 0.000000
1.667000, 0.000000, 0.000000
1.668000, 0.000000, 0.000000
1.669000, 0.000000, 0.000000
1.670000, 0.000000, 0.000000
1.671000, 0.000000, 0.000000
1.672000, 0.000000, 0.000000
1.673000, 0.000000, 0.000000
1.674000, 0.000000, 0.000000
1.675000, 0.000000, 0.000000
1.676000, 0.000000, 0.000000
1.677000, 0.000000, 0.000000
1.678000, 0.000001, 0.000000
1.679000, 0.000001, 0.000000
1.680000, 0.000001, 0.000000
1.681000, 0.000001, 0.000000
1.682000, 0.000001, 0.000000
1.683000, 0.000001, 0.000000
1.684000, 0.000001, 0.000000
1.685000, 0.000001, 0.000000
1.686000, 0.000001, 0.000000
1.687000, 0.000001, 0.000000
1.688000, 0.000001, 0.000000
1.689000, 0.000001, 0.000000
1.690000, 0.000001, 0.000000
1.691000, 0.000001, 0.000000
1.692000, 0.000001, 0.000000
1.693000, 0.000001, 0.000000
1.694000, 0.000001, 0.000000
1.695000, 0.000001, 0.000000
1.696000, 0.000001, 0.000000
1.697000, 0.000001, 0.000000
1.698000, 0.000001, 0.000000
1.699000, 0.000001, 0.000000
1.700000, 0.000001, 0.000000
1.701000, 0.000001, 0.000000
1.702000, 0.000001, 0.000000
1.703000, 0.000001, 0.000000
1.704000, 0.000001, 0.000000
1.705000, 0.000001, 0.000000
1.706000, 0.000001, 0.000000
1.707000, 0.000001, 0.000000
1.708000, 0.000001, 0.000000
1.709000, 0.000001, 0.000000
1.710000, 0.000001, 0.000000
1.711000, 0.000001, 0.000000
1.712000, 0.000001, 0.000000
1.713000, 0.000001, 0.000000
1.714000, 0.000001, 0.000000
1.715000, 0.000001, 0.000000
1.716000, 0.000001, 0.000000
1.717000, 0.000001, 0.000000
1.718000, 0.000001, 0.000000
1.719000, 0.000001, 0.000000
1.720000, 0.000001, 0.000000
1.721000, 0.000001, 0.000000
1.722000, 0.000001, 0.000000
1.723000, 0.000001, 0.000000
1.724000, 0.000001, 0.000000
1.725000, 0.000001, 0.000000
1.726000, 0.000001, 0.000000
1.727000, 0.000001, 0.000000
1.728000, 0.000001, 0.000000
1.729000, 0.000001, 0.000000
1.730000, 0.000001, 0.000000
1.731000, 0.000001, 0.000000
1.732000, 0.000001, 0.000000
1.733000, 0.000001, 0.000000
1.734000, 0.000001, 0.000000
1.735000, 0.000001, 0.000000
1.736000, 0.000001, 0.000000
1.737000, 0.000001, 0.000000
1.738000, 0.000001, 0.000000
1.739000, 0.000001, 0.000000
1.740000, 0.000001, 0.000000
1.741000, 0.000001, 0.000000
1.742000, 0.000001, 0.000000
1.743000, 0.000001, 0.000000
1.744000, 0.000001, 0.000000
1.745000, 0.000001, 0.000000
1.746000, 0.000001, 0.000000
1.747000, 0.000001, 0.000000
1.748000, 0.000001, 0.000000
1.749000, 0.000001, 0.000000
1.750000, 0.000001, 0.000000
1.751000, 0.000001, 0.000000
1.752000, 0.000001, 0.000000
1.753000, 0.000001, 0.000000
1.754000, 0.000001, 0.000000
1.755000, 0.000001, 0.000000
1.756000, 0.000001, 0.000000
1.757000, 0.000001, 0.000000
1.758000, 0.000001, 0.000000
1.759000, 0.000001, 0.000000
1.760000, 0.000001, 0.000000
1.761000, 0.000001, 0.000000
1.762000, 0.000001, 0.000000
1.763000, 0.000001, 0.000000
1.764000, 0.000001, 0.000000
1.765000, 0.000001, 0.000000
1.766000, 0.000001, 0.000000
1.767000, 0.000001, 0.000000
1.768000, 0.000001, 0.000000
1.769000, 0.000001, 0.000000
1.770000, 0.000001, 0.000000
1.771000, 0.000001, 0.000000
1.772000, 0.000001, 0.000000
1.773000, 0.000001, 0.000000
1.774000, 0.000001, 0.000000
1.775000, 0.000001, 0.000000
1.776000, 0.000001, 0.000000
1.777000, 0.000001, 0.000000
1.778000, 0.000001, 0.000000
1.779000, 0.000001, 0.000000
1.780000, 0.000001, 0.000000
1.781000, 0.000001, 0.000000
1.782000, 0.000001, 0.000000
1.783000, 0.000001, 0.000000
1.784000, 0.000001, 0.000000
1.785000, 0.000001, 0.000000
1.786000, 0.000001, 0.000000
1.787000, 0.000001, 0.000000
1.788000, 0.000001, 0.000000
1.789000, 0.000001, 0.000000
1.790000, 0.000001, 0.000000
1.791000, 0.000001, 0.000000
1.792000, 0.000001, 0.000000
1.793000, 0.000001, 0.000000
1.794000, 0.000001, 0.000000
1.795000, 0.000001, 0.000000
1.796000, 0.000001, 0.000000
1.797000, 0.000001, 0.000000
1.798000, 0.000001, 0.000000
1.799000, 0.000001, 0.000000
1.800000, 0.000001, 0.000000
1.801000, 0.000001, 0.000000
1.802000, 0.000001, 0.000000
1.803000, 0.000001, 0.000000
1.804000, 0.000001, 0.000000
1.805000, 0.000001, 0.000000
1.806000, 0.000001, 0.000000
1.807000, 0.000001, 0.000000
1.808000, 0.000001, 0.000000
1.809000, 0.000001, 0.000000
1.810000, 0.000001, 0.000000
1.811000, 0.000001, 0.000000
1.812000, 0.000001, 0.000000
1.813000, 0.000001, 0.000000
1.814000, 0.000001, 0.000000
1.815000, 0.000001, 0.000000
1.816000, 0.000001, 0.000000
1.817000, 0.000001, 0.000000
1.818000, 0.000001, 0.000000
1.819000, 0.000001, 0.000000
1.820000, 0.000001, 0.000000
1.821000, 0.000001, 0.000000
1.822000, 0.000001, 0.000000
1.823000, 0.000001, 0.000000
1.824000, 0.000001, 0.000000
1.825000, 0.000001, 0.000000
1.826000, 0.000001, 0.000000
1.827000, 0.000001, 0.000000
1.828000, 0.000001, 0.000000
1.829000, 0.000001, 0.000000
1.830000, 0.000001, 0.000000
1.831000, 0.000001, 0.000000
1.832000, 0.000001, 0.000000
1.833000, 0.000001, 0.000000
1.834000, 0.000001, 0.000000
1.835000, 0.000001, 0.000000
1.836000, 0.000001, 0.000000
1.837000, 0.000001, 0.000000
1.838000, 0.000001, 0.000000
1.839000, 0.000001, 0.000000
1.840000, 0.000001, 0.000000
1.841000, 0.000001, 0.000000
1.842000, 0.000001, 0.000000
1.843000, 0.000001, 0.000000
1.844000, 0.000001, 0.000000
1.845000, 0.000001, 0.000000
1.846000, 0.000001, 0.000000
1.847000, 0.000001, 0.000000
1.848000, 0.000001, 0.000000
1.849000, 0.000001, 0.000000
1.850000, 0.000001, 0.000000
1.851000, 0.000001, 0.000000
1.852000, 0.000001, 0.000000
1.853000, 0.000001, 0.000000
1.854000, 0.000001, 0.000000
1.855000, 0.000001, 0.000000
1.856000, 0.000001, 0.000000
1.857000, 0.000001, 0.000000
1.858000, 0.000001, 0.000000
1.859000, 0.000001, 0.000000
1.860000, 0.000001, 0.000000
1.861000, 0.000001, 0.000000
1.862000, 0.000001, 0.000000
1.863000, 0.000001, 0.000000
1.864000, 0.000001, 0.000000
1.865000, 0.000001, 0.000000
1.866000, 0.000001, 0.000000
1.867000, 0.000001, 0.000000
1.868000, 0.000001, 0.000000
1.869000, 0.000001, 0.000000
1.870000, 0.000001, 0.000000
1.871000, 0.000001, 0.000000
1.872000, 0.000001, 0.000000
1.873000, 0.000001, 0.000000
1.874000, 0.000001, 0.000000
1.875000, 0.000001, 0.000000
1.876000, 0.000001, 0.000000
1.877000, 0.000001, 0.000000
1.878000, 0.000001, 0.000000
1.879000, 0.000001, 0.000000
1.880000, 0.000001, 0.000000
1.881000, 0.000001, 0.000000
1.882000, 0.000001, 0.000000
1.883000, 0.000001, 0.000000
1.884000, 0.000001, 0.000000
1.885000, 0.000001, 0.000000
1.886000, 0.000001, 0.000000
1.887000, 0.000001, 0.000000
1.888000, 0.000001, 0.000000
1.889000, 0.000001, 0.000000
1.890000, 0.000001, 0.000000
1.891000, 0.000001, 0.000000
1.892000, 0.000001, 0.000000
1.893000, 0.000001, 0.000000
1.894000, 0.000001, 0.000000
1.895000, 0.000001, 0.000000
1.896000, 0.000001, 0.000000
1.897000, 0.000001, 0.000000
1.898000, 0.000001, 0.000000
1.899000, 0.000001, 0.000000
1.900000, 0.000001, 0.000000
1.901000, 0.000001, 0.000000
1.902000, 0.000001, 0.000000
1.903000, 0.000001, 0.000000
1.904000, 0.000001, 0.000000
1.905000, 0.000001, 0.000000
1.906000, 0.000001, 0.000000
1.907000, 0.000001, 0.000000
1.908000, 0.000001, 0.000000
1.909000, 0.000001, 0.000000
1.910000, 0.000001, 0.000000
1.911000, 0.000001, 0.000000
1.912000, 0.000001, 0.000000
1.913000, 0.000001, 0.000000
1.914000, 0.000001, 0.000000
1.915000, 0.000001, 0.000000
1.916000, 0.000001, 0.000000
1.917000, 0.000001, 0.000000
1.918000, 0.000001, 0.000000
1.919000, 0.000001, 0.000000
1.920000, 0.000001, 0.000000
1.921000, 0.000001, 0.000000
1.922000, 0.000001, 0.000000
1.923000, 0.000001, 0.000000
1.924000, 0.000001, 0.000000
1.925000, 0.000001, 0.000000
1.926000, 0.000001, 0.000000
1.927000, 0.000001, 0.000000
1.928000, 0.000001, 0.000000
1.929000, 0.000001, 0.000000
1.930000, 0.000001, 0.000000
1.931000, 0.000001, 0.000000
1.932000, 0.000001, 0.000000
1.933000, 0.000001, 0.000000
1.934000, 0.000001, 0.000000
1.935000, 0.000001, 0.000000
1.936000, 0.000001, 0.000000
1.937000, 0.000001, 0.000000
1.938000, 0.000001, 0.000000
1.939000, 0.000001, 0.000000
1.940000, 0.000001, 0.000000
1.941000, 0.000001, 0.000000
1.942000, 0.000001, 0.000000
1.943000, 0.000001, 0.000000
1.944000, 0.000001, 0.000000
1.945000, 0.000001, 0.000000
1.946000, 0.000001, 0.000000
1.947000, 0.000001, 0.000000
1.948000, 0.000001, 0.000000
1.949000, 0.000001, 0.000000
1.950000, 0.000001, 0.000000
1.951000, 0.000001, 0.000000
1.952000, 0.000001, 0.000000
1.953000, 0.000001, 0.000000
1.954000, 0.000001, 0.000000
1.955000, 0.000001, 0.000000
1.956000, 0.000001, 0.000000
1.957000, 0.000001, 0.000000
1.958000, 0.000001, 0.000000
1.959000, 0.000001, 0.000000
1.960000, 0.000001, 0.000000
1.961000, 0.000001, 0.000000
1.962000, 0.000001, 0.000000
1.963000, 0.000001, 0.000000
1.964000, 0.000001, 0.000000
1.965000, 0.000001, 0.000000
1.966000, 0.000001, 0.000000
1.967000, 0.000001, 0.000000
1.968000, 0.000001, 0.000000
1.969000, 0.000001, 0.000000
1.970000, 0.000001, 0.000000
1.971000, 0.000001, 0.000000
1.972000, 0.000001, 0.000000
1.973000, 0.000001, 0.000000
1.974000, 0.000001, 0.000000
1.975000, 0.000001, 0.000000
1.976000, 0.000001, 0.000000
1.977000, 0.000001, 0.000000
1.978000, 0.000001, 0.000000
1.979000, 0.000001, 0.000000
1.980000, 0.000001, 0.000000
1.981000, 0.000001, 0.000000
1.982000, 0.000001, 0.000000
1.983000, 0.000001, 0.000000
1.984000, 0.000001, 0.000000
1.985000, 0.000001, 0.000000
1.986000, 0.000001, 0.000000
1.987000, 0.000001, 0.000000
1.988000, 0.000001, 0.000000
1.989000, 0.000001, 0.000000
1.990000, 0.000001, 0.000000
1.991000, 0.000001, 0.000000
1.992000, 0.000001, 0.000000
1.993000, 0.000001, 0.000000
1.994000, 0.000001, 0.000000
1.995000, 0.000001, 0.000000
1.996000, 0.000001, 0.000000
1.997000, 0.000001, 0.000000
1.998000, 0.000001, 0.000000
1.999000, 0.000001, 0.000000
2.000000, 0.000001, 0.000000
2.001000, 1.500001, 0.000000
2.002000, 1.485894, -9.404482
2.003000, 1.463868, -17.818820
2.004000, 1.434843, -25.289247
2.005000, 1.399693, -31.863252
2.006000, 1.359241, -37.589159
2.007000, 1.314262, -42.515693
2.008000, 1.265483, -46.691568
2.009000, 1.213581, -50.165106
2.010000, 1.159187, -52.983931
2.011000, 1.102887, -55.194717
2.012000, 1.045220, -56.843001
2.013000, 0.986682, -57.973064
2.014000, 0.927727, -58.627851
2.015000, 0.868767, -58.848925
2.016000, 0.810177, -58.676449
2.017000, 0.752292, -58.149163
2.018000, 0.695410, -57.304372
2.019000, 0.639795, -56.177911
2.020000, 0.585678, -54.804110
2.021000, 0.533256, -53.215739
2.022000, 0.482698, -51.443955
2.023000, 0.434143, -49.518237
2.024000, 0.387702, -47.466331
2.025000, 0.343464, -45.314198
2.026000, 0.301492, -43.085986
2.027000, 0.261829, -40.804002
2.028000, 0.224498, -38.488715
2.029000, 0.189504, -36.158774
2.030000, 0.156837, -33.831040
2.031000, 0.126472, -31.520633
2.032000, 0.098371, -29.240999
2.033000, 0.072485, -27.003982
2.034000, 0.048757, -24.819902
2.035000, 0.027121, -22.697647
2.036000, 0.007503, -20.644757
2.037000, -0.010176, -18.667521
2.038000, -0.025999, -16.771066
2.039000, -0.040053, -14.959448
2.040000, -0.052427, -13.235738
2.041000, -0.063212, -11.602111
2.042000, -0.070796, -10.059926
2.043000, -0.070796, -8.620738
2.044000, -0.070796, -7.323060
2.045000, -0.070796, -6.152969
2.046000, -0.070796, -5.097909
2.047000, -0.070796, -4.146562
2.048000, -0.070796, -3.288724
2.049000, -0.070796, -2.515194
2.050000, -0.070796, -1.817676
2.051000, -0.070796, -1.188693
2.052000, -0.070796, -0.621501
2.053000, -0.070651, -0.110023
2.054000, -0.070070, 0.350290
2.055000, -0.069103, 0.761682
2.056000, -0.067794, 1.126484
2.057000, -0.066187, 1.447090
2.058000, -0.064321, 1.725932
2.059000, -0.062236, 1.965463
2.060000, -0.059966, 2.168140
2.061000, -0.057546, 2.336406
2.062000, -0.055005, 2.472675
2.063000, -0.052372, 2.579322
2.064000, -0.049674, 2.658671
2.065000, -0.046934, 2.712985
2.066000, -0.044174, 2.744456
2.067000, -0.041413, 2.755202
2.068000, -0.038670, 2.747257
2.069000, -0.035960, 2.722569
2.070000, -0.033296, 2.682996
2.071000, -0.030693, 2.630300
2.072000, -0.028158, 2.566153
2.073000, -0.025703, 2.492125
2.074000, -0.023335, 2.409694
2.075000, -0.021059, 2.320241
2.076000, -0.018882, 2.225049
2.077000, -0.016806, 2.125312
2.078000, -0.014836, 2.022128
2.079000, -0.012972, 1.916507
2.080000, -0.011216, 1.809373
2.081000, -0.009569, 1.701565
2.082000, -0.008029, 1.593840
2.083000, -0.006595, 1.486879
2.084000, -0.005267, 1.381289
2.085000, -0.004041, 1.277607
2.086000, -0.002915, 1.176301
2.087000, -0.001887, 1.077779
2.088000, -0.000952, 0.982389
2.089000, -0.000108, 0.890422
2.090000, 0.000650, 0.802119
2.091000, 0.001326, 0.717673
2.092000, 0.001923, 0.637233
2.093000, 0.002445, 0.560907
2.094000, 0.002898, 0.488765
2.095000, 0.003285, 0.420843
2.096000, 0.003610, 0.357148
2.097000, 0.003878, 0.297658
2.098000, 0.004093, 0.242327
2.099000, 0.004258, 0.191086
2.100000, 0.004379, 0.143847
2.101000, 0.004457, 0.100506
2.102000, 0.004499, 0.060945
2.103000, 0.004506, 0.025033
2.104000, 0.004482, -0.007371
2.105000, 0.004431, -0.036416
2.106000, 0.004356, -0.062258
2.107000, 0.004259, -0.085057
2.108000, 0.004144, -0.104976
2.109000, 0.004014, -0.122179
2.110000, 0.003870, -0.136834
2.111000, 0.003714, -0.149105
2.112000, 0.003550, -0.159157
2.113000, 0.003379, -0.167150
2.114000, 0.003203, -0.173242
2.115000, 0.003023, -0.177588
2.116000, 0.002841, -0.180338
2.117000, 0.002659, -0.181636
2.118000, 0.002477, -0.181622
2.119000, 0.002297, -0.180429
2.120000, 0.002120, -0.178185
2.121000, 0.001947, -0.175012
2.122000, 0.001778, -0.171024
2.123000, 0.001614, -0.166330
2.124000, 0.001456, -0.161031
2.125000, 0.001303, -0.155224
2.126000, 0.001157, -0.148998
2.127000, 0.001018, -0.142435
2.128000, 0.000886, -0.135612
2.129000, 0.000761, -0.128599
2.130000, 0.000643, -0.121460
2.131000, 0.000532, -0.114255
2.132000, 0.000429, -0.107036
2.133000, 0.000333, -0.099852
2.134000, 0.000244, -0.092745
2.135000, 0.000161, -0.085752
2.136000, 0.000086, -0.078908
2.137000, 0.000017, -0.072242
2.138000, -0.000046, -0.065777
2.139000, -0.000102, -0.059536
2.140000, -0.000153, -0.053536
2.141000, -0.000198, -0.047791
2.142000, -0.000237, -0.042312
2.143000, -0.000272, -0.037108
2.144000, -0.000301, -0.032183
2.145000, -0.000327, -0.027542
2.146000, -0.000348, -0.023186
2.147000, -0.000365, -0.019113
2.148000, -0.000378, -0.015322
2.149000, -0.000388, -0.011808
2.150000, -0.000395, -0.008565
2.151000, -0.000399, -0.005588
2.152000, -0.000401, -0.002868
2.153000, -0.000400, -0.000397
2.154000, -0.000397, 0.001835
2.155000, -0.000392, 0.003837
2.156000, -0.000386, 0.005619
2.157000, -0.000378, 0.007193
2.158000, -0.000368, 0.008569
2.159000, -0.000358, 0.009758
2.160000, -0.000347, 0.010772
2.161000, -0.000335, 0.011621
2.162000, -0.000322, 0.012318
2.163000, -0.000309, 0.012872
2.164000, -0.000295, 0.013294
2.165000, -0.000282, 0.013596
2.166000, -0.000268, 0.013787
2.167000, -0.000254, 0.013876
2.168000, -0.000240, 0.013875
2.169000, -0.000226, 0.013791
2.170000, -0.000213, 0.013634
2.171000, -0.000199, 0.013412
2.172000, -0.000186, 0.013132
2.173000, -0.000174, 0.012803
2.174000, -0.000161, 0.012431
2.175000, -0.000150, 0.012023
2.176000, -0.000138, 0.011585
2.177000, -0.000127, 0.011123
2.178000, -0.000117, 0.010642
2.179000, -0.000107, 0.010147
2.180000, -0.000098, 0.009643
2.181000, -0.000089, 0.009133
2.182000, -0.000080, 0.008621
2.183000, -0.000073, 0.008111
2.184000, -0.000065, 0.007606
2.185000, -0.000058, 0.007108
2.186000, -0.000052, 0.006620
2.187000, -0.000046, 0.006144
2.188000, -0.000041, 0.005681
2.189000, -0.000036, 0.005233
2.190000, -0.000031, 0.004801
2.191000, -0.000027, 0.004387
2.192000, -0.000023, 0.003990
2.193000, -0.000020, 0.003613
2.194000, -0.000017, 0.003254
2.195000, -0.000014, 0.002916
2.196000, -0.000011, 0.002596
2.197000, -0.000009, 0.002297
2.198000, -0.000007, 0.002016
2.199000, -0.000006, 0.001755
2.200000, -0.000004, 0.001513
2.201000, -0.000003, 0.001289
2.202000, -0.000002, 0.001083
2.203000, -0.000001, 0.000894
2.204000, -0.000001, 0.000722
2.205000, -0.000000, 0.000566
2.206000, 0.000000, 0.000426
2.207000, 0.000000, 0.000300
2.208000, 0.000001, 0.000188
2.209000, 0.000001, 0.000089
2.210000, 0.000001, 0.000003
2.211000, 0.000000, -0.000072
2.212000, 0.000000, -0.000136
2.213000, 0.000000, -0.000190
2.214000, -0.000000, -0.000234
2.215000, -0.000001, -0.000269
2.216000, -0.000001, -0.000297
2.217000, -0.000001, -0.000318
2.218000, -0.000001, -0.000331
2.219000, -0.000002, -0.000339
2.220000, -0.000002, -0.000341
2.221000, -0.000003, -0.000339
2.222000, -0.000003, -0.000332
2.223000, -0.000003, -0.000322
2.224000, -0.000003, -0.000308
2.225000, -0.000004, -0.000291
2.226000, -0.000004, -0.000273
2.227000, -0.000004, -0.000252
2.228000, -0.000004, -0.000229
2.229000, -0.000005, -0.000205
2.230000, -0.000005, -0.000181
2.231000, -0.000005, -0.000156
2.232000, -0.000005, -0.000130
2.233000, -0.000005, -0.000104
2.234000, -0.000005, -0.000078
2.235000, -0.000005, -0.000053
2.236000, -0.000005, -0.000028
2.237000, -0.000005, -0.000003
2.238000, -0.000005, 0.000020
2.239000, -0.000005, 0.000043
2.240000, -0.000005, 0.000065
2.241000, -0.000005, 0.000086
2.242000, -0.000005, 0.000106
2.243000, -0.000005, 0.000125
2.244000, -0.000005, 0.000142
2.245000, -0.000004, 0.000159
2.246000, -0.000004, 0.000174
2.247000, -0.000004, 0.000188
2.248000, -0.000004, 0.000201
2.249000, -0.000004, 0.000213
2.250000, -0.000003, 0.000224
2.251000, -0.000003, 0.000233
2.252000, -0.000003, 0.000241
2.253000, -0.000003, 0.000249
2.254000, -0.000002, 0.000255
2.255000, -0.000002, 0.000260
2.256000, -0.000002, 0.000264
2.257000, -0.000002, 0.000268
2.258000, -0.000001, 0.000270
2.259000, -0.000001, 0.000272
2.260000, -0.000001, 0.000273
2.261000, -0.000001, 0.000273
2.262000, -0.000000, 0.000273
2.263000, -0.000000, 0.000272
2.264000, 0.000000, 0.000270
2.265000, 0.000001, 0.000268
2.266000, 0.000001, 0.000266
2.267000, 0.000001, 0.000263
2.268000, 0.000001, 0.000260
2.269000, 0.000002, 0.000256
2.270000, 0.000002, 0.000252
2.271000, 0.000002, 0.000248
2.272000, 0.000002, 0.000243
2.273000, 0.000003, 0.000239
2.274000, 0.000003, 0.000234
2.275000, 0.000003, 0.000229
2.276000, 0.000003, 0.000224
2.277000, 0.000003, 0.000219
2.278000, 0.000004, 0.000214
2.279000, 0.000004, 0.000209
2.280000, 0.000004, 0.000204
2.281000, 0.000004, 0.000199
2.282000, 0.000004, 0.000194
2.283000, 0.000005, 0.000189
2.284000, 0.000005, 0.000184
2.285000, 0.000005, 0.000179
2.286000, 0.000005, 0.000174
2.287000, 0.000005, 0.000169
2.288000, 0.000005, 0.000165
2.289000, 0.000006, 0.000160
2.290000, 0.000006, 0.000156
2.291000, 0.000006, 0.000152
2.292000, 0.000006, 0.000147
2.293000, 0.000006, 0.000143
2.294000, 0.000006, 0.000140
2.295000, 0.000007, 0.000136
2.296000, 0.000007, 0.000132
2.297000, 0.000007, 0.000129
2.298000, 0.000007, 0.000125
2.299000, 0.000007, 0.000122
2.300000, 0.000007, 0.000119
2.301000, 0.000007, 0.000116
2.302000, 0.000007, 0.000113
2.303000, 0.000007, 0.000111
2.304000, 0.000008, 0.000108
2.305000, 0.000008, 0.000105
2.306000, 0.000008, 0.000103
2.307000, 0.000008, -0.000113
2.308000, 0.000006, -0.000872
2.309000, 0.000004, -0.002106
2.310000, -0.000001, -0.003746
2.311000, -0.000008, -0.005716
2.312000, -0.000017, -0.007942
2.313000, -0.000028, -0.010348
2.314000, -0.000042, -0.012858
2.315000, -0.000059, -0.015397
2.316000, -0.000078, -0.017893
2.317000, -0.000100, -0.020277
2.318000, -0.000123, -0.022482
2.319000, -0.000149, -0.024448
2.320000, -0.000176, -0.026119
2.321000, -0.000204, -0.027446
2.322000, -0.000233, -0.028386
2.323000, -0.000262, -0.028903
2.324000, -0.000291, -0.028971
2.325000, -0.000319, -0.028568
2.326000, -0.000346, -0.027682
2.327000, -0.000372, -0.026311
2.328000, -0.000396, -0.024458
2.329000, -0.000417, -0.022137
2.330000, -0.000435, -0.019367
2.331000, -0.000449, -0.016178
2.332000, -0.000460, -0.012603
2.333000, -0.000467, -0.008686
2.334000, -0.000469, -0.004474
2.335000, -0.000468, -0.000658
2.336000, -0.000463, 0.002767
2.337000, -0.000456, 0.005818
2.338000, -0.000446, 0.008514
2.339000, -0.000434, 0.010874
2.340000, -0.000420, 0.012917
2.341000, -0.000405, 0.014662
2.342000, -0.000388, 0.016129
2.343000, -0.000370, 0.017336
2.344000, -0.000351, 0.018303
2.345000, -0.000332, 0.019047
2.346000, -0.000312, 0.019587
2.347000, -0.000292, 0.019941
2.348000, -0.000271, 0.020124
2.349000, -0.000251, 0.020154
2.350000, -0.000231, 0.020045
2.351000, -0.000211, 0.019814
2.352000, -0.000192, 0.019473
2.353000, -0.000173, 0.019036
2.354000, -0.000155, 0.018516
2.355000, -0.000137, 0.017925
2.356000, -0.000121, 0.017274
2.357000, -0.000104, 0.016574
2.358000, -0.000089, 0.015833
2.359000, -0.000074, 0.015061
2.360000, -0.000060, 0.014266
2.361000, -0.000047, 0.013456
2.362000, -0.000035, 0.012637
2.363000, -0.000024, 0.011816
2.364000, -0.000013, 0.010998
2.365000, -0.000003, 0.010189
2.366000, 0.000006, 0.009392
2.367000, 0.000014, 0.008612
2.368000, 0.000021, 0.007852
2.369000, 0.000028, 0.007115
2.370000, 0.000034, 0.006403
2.371000, 0.000040, 0.005719
2.372000, 0.000044, 0.005064
2.373000, 0.000048, 0.004439
2.374000, 0.000052, 0.003846
2.375000, 0.000055, 0.003284
2.376000, 0.000058, 0.002756
2.377000, 0.000060, 0.002260
2.378000, 0.000061, 0.001796
2.379000, 0.000062, 0.001365
2.380000, 0.000063, 0.000966
2.381000, 0.000063, 0.000598
2.382000, 0.000064, 0.000261
2.383000, 0.000063, -0.000047
2.384000, 0.000063, -0.000326
2.385000, 0.000062, -0.000578
2.386000, 0.000061, -0.000803
2.387000, 0.000060, -0.001003
2.388000, 0.000059, -0.001179
2.389000, 0.000057, -0.001332
2.390000, 0.000056, -0.001464
2.391000, 0.000054, -0.001575
2.392000, 0.000053, -0.001668
2.393000, 0.000051, -0.001742
2.394000, 0.000049, -0.001801
2.395000, 0.000047, -0.001844
2.396000, 0.000045, -0.001874
2.397000, 0.000043, -0.001891
2.398000, 0.000041, -0.001896
2.399000, 0.000040, -0.001890
2.400000, 0.000038, -0.001875
2.401000, 0.000036, -0.001852
2.402000, 0.000034, -0.001822
2.403000, 0.000032, -0.001784
2.404000, 0.000031, -0.001741
2.405000, 0.000029, -0.001694
2.406000, 0.000027, -0.001642
2.407000, 0.000026, -0.001586
2.408000, 0.000024, -0.001528
2.409000, 0.000023, -0.001468
2.410000, 0.000021, -0.001406
2.411000, 0.000020, -0.001344
2.412000, 0.000019, -0.001280
2.413000, 0.000018, -0.001217
2.414000, 0.000017, -0.001153
2.415000, 0.000015, -0.001091
2.416000, 0.000014, -0.001029
2.417000, 0.000014, -0.000968
2.418000, 0.000013, -0.000909
2.419000, 0.000012, -0.000852
2.420000, 0.000011, -0.000796
2.421000, 0.000010, -0.000742
2.422000, 0.000010, -0.000691
2.423000, 0.000009, -0.000641
2.424000, 0.000008, -0.000594
2.425000, 0.000008, -0.000548
2.426000, 0.000007, -0.000506
2.427000, 0.000007, -0.000465
2.428000, 0.000007, -0.000427
2.429000, 0.000006, -0.000391
2.430000, 0.000006, -0.000358
2.431000, 0.000006, -0.000326
2.432000, 0.000005, -0.000297
2.433000, 0.000005, -0.000270
2.434000, 0.000005, -0.000245
2.435000, 0.000005, -0.000222
2.436000, 0.000004, -0.000201
2.437000, 0.000004, -0.000182
2.438000, 0.000004, -0.000164
2.439000, 0.000004, -0.000148
2.440000, 0.000004, -0.000134
2.441000, 0.000004, -0.000121
2.442000, 0.000004, -0.000110
2.443000, 0.000004, -0.000100
2.444000, 0.000003, -0.000091
2.445000, 0.000003, -0.000083
2.446000, 0.000003, -0.000076
2.447000, 0.000003, -0.000071
2.448000, 0.000003, -0.000066
2.449000, 0.000003, -0.000062
2.450000, 0.000003, -0.000058
2.451000, 0.000003, -0.000056
2.452000, 0.000003, -0.000054
2.453000, 0.000003, -0.000052
2.454000, 0.000003, -0.000051
2.455000, 0.000003, -0.000051
2.456000, 0.000003, -0.000050
2.457000, 0.000003, -0.000051
2.458000, 0.000003, -0.000051
2.459000, 0.000003, -0.000052
2.460000, 0.000003, -0.000052
2.461000, 0.000002, -0.000053
2.462000, 0.000002, -0.000054
2.463000, 0.000002, -0.000055
2.464000, 0.000002, -0.000057
2.465000, 0.000002, -0.000058
2.466000, 0.000002, -0.000059
2.467000, 0.000002, -0.000060
2.468000, 0.000002, -0.000061
2.469000, 0.000002, -0.000062
2.470000, 0.000002, -0.000064
2.471000, 0.000002, -0.000065
2.472000, 0.000002, -0.000065
2.473000, 0.000002, -0.000066
2.474000, 0.000002, -0.000067
2.475000, 0.000002, -0.000068
2.476000, 0.000002, -0.000068
2.477000, 0.000001, -0.000068
2.478000, 0.000001, -0.000069
2.479000, 0.000001, -0.000069
2.480000, 0.000001, -0.000069
2.481000, 0.000001, -0.000069
2.482000, 0.000001, -0.000069
2.483000, 0.000001, -0.000069
2.484000, 0.000001, -0.000068
2.485000, 0.000001, -0.000068
2.486000, 0.000001, -0.000067
2.487000, 0.000001, -0.000067
2.488000, 0.000001, -0.000066
2.489000, 0.000001, -0.000065
2.490000, 0.000001, -0.000064
2.491000, 0.000001, -0.000063
2.492000, 0.000000, -0.000062
2.493000, 0.000000, -0.000061
2.494000, 0.000000, -0.000060
2.495000, 0.000000, -0.000059
2.496000, 0.000000, -0.000058
2.497000, 0.000000, -0.000057
2.498000, 0.000000, -0.000056
2.499000, 0.000000, -0.000054
2.500000, -0.000000, -0.000053
2.501000, -0.000000, -0.000052
2.502000, -0.000000, -0.000050
2.503000, -0.000000, -0.000049
2.504000, -0.000000, -0.000048
2.505000, -0.000000, -0.000047
2.506000, -0.000000, -0.000045
2.507000, -0.000000, -0.000044
2.508000, -0.000000, -0.000043
2.509000, -0.000000, -0.000041
2.510000, -0.000000, -0.000040
2.511000, -0.000000, -0.000039
2.512000, -0.000001, -0.000037
2.513000, -0.000001, -0.000036
2.514000, -0.000001, -0.000035
2.515000, -0.000001, -0.000034
2.516000, -0.000001, -0.000033
2.517000, -0.000001, -0.000031
2.518000, -0.000001, -0.000030
2.519000, -0.000001, -0.000029
2.520000, -0.000001, -0.000028
2.521000, -0.000001, -0.000027
2.522000, -0.000001, -0.000026
2.523000, -0.000001, -0.000025
2.524000, -0.000001, -0.000024
2.525000, -0.000001, -0.000023
2.526000, -0.000001, -0.000022
2.527000, -0.000001, -0.000021
2.528000, -0.000001, -0.000020
2.529000, -0.000001, -0.000019
2.530000, -0.000001, -0.000019
2.531000, -0.000001, -0.000018
2.532000, -0.000001, -0.000017
2.533000, -0.000001, -0.000016
2.534000, -0.000001, -0.000016
2.535000, -0.000001, -0.000015
2.536000, -0.000001, -0.000014
2.537000, -0.000001, -0.000013
2.538000, -0.000001, -0.000013
2.539000, -0.000001, -0.000012
2.540000, -0.000001, -0.000011
2.541000, -0.000001, -0.000011
2.542000, -0.000001, -0.000010
2.543000, -0.000001, -0.000010
2.544000, -0.000001, -0.000009
2.545000, -0.000001, -0.000009
2.546000, -0.000001, -0.000008
2.547000, -0.000001, -0.000008
2.548000, -0.000001, -0.000007
2.549000, -0.000001, -0.000007
2.550000, -0.000001, -0.000006
2.551000, -0.000001, -0.000006
2.552000, -0.000001, -0.000005
2.553000, -0.000001, -0.000005
2.554000, -0.000001, -0.000004
2.555000, -0.000001, -0.000004
2.556000, -0.000001, -0.000003
2.557000, -0.000001, -0.000003
2.558000, -0.000001, -0.000003
2.559000, -0.000001, -0.000002
2.560000, -0.000001, -0.000002
2.561000, -0.000001, -0.000002
2.562000, -0.000001, -0.000001
2.563000, -0.000001, -0.000001
2.564000, -0.000001, -0.000001
2.565000, -0.000001, -0.000000
2.566000, -0.000001, 0.000000
2.567000, -0.000001, 0.000000
2.568000, -0.000001, 0.000001
2.569000, -0.000001, 0.000001
2.570000, -0.000001, 0.000001
2.571000, -0.000001, 0.000002
2.572000, -0.000001, 0.000002
2.573000, -0.000001, 0.000002
2.574000, -0.000001, 0.000002
2.575000, -0.000001, 0.000003
2.576000, -0.000001, 0.000003
2.577000, -0.000001, 0.000003
2.578000, -0.000001, 0.000004
2.579000, -0.000001, 0.000004
2.580000, -0.000001, 0.000004
2.581000, -0.000001, 0.000004
2.582000, -0.000001, 0.000005
2.583000, -0.000001, 0.000005
2.584000, -0.000001, 0.000005
2.585000, -0.000001, 0.000005
2.586000, -0.000001, 0.000005
2.587000, -0.000001, 0.000006
2.588000, -0.000001, 0.000006
2.589000, -0.000001, 0.000006
2.590000, -0.000001, 0.000006
2.591000, -0.000001, 0.000006
2.592000, -0.000001, 0.000007
2.593000, -0.000001, 0.000007
2.594000, -0.000001, 0.000007
2.595000, -0.000001, 0.000007
2.596000, -0.000001, 0.000007
2.597000, -0.000001, 0.000008
2.598000, -0.000001, 0.000008
2.599000, -0.000001, 0.000008
2.600000, -0.000001, 0.000008
2.601000, -0.000001, 0.000008
2.602000, -0.000001, 0.000008
2.603000, -0.000001, 0.000009
2.604000, -0.000001, 0.000009
2.605000, -0.000001, 0.000009
2.606000, -0.000001, 0.000009
2.607000, -0.000001, 0.000009
2.608000, -0.000001, 0.000009
2.609000, -0.000001, 0.000009
2.610000, -0.000001, 0.000010
2.611000, -0.000001, 0.000010
2.612000, -0.000001, 0.000010
2.613000, -0.000001, 0.000010
2.614000, -0.000001, 0.000010
2.615000, -0.000001, 0.000010
2.616000, -0.000001, 0.000010
2.617000, -0.000001, 0.000011
2.618000, -0.000001, 0.000011
2.619000, -0.000001, 0.000011
2.620000, -0.000001, 0.000011
2.621000, -0.000001, 0.000011
2.622000, -0.000001, 0.000011
2.623000, -0.000001, 0.000011
2.624000, -0.000001, 0.000011
2.625000, -0.000001, 0.000011
2.626000, -0.000001, 0.000011
2.627000, -0.000001, 0.000012
2.628000, -0.000001, 0.000012
2.629000, -0.000001, 0.000012
2.630000, -0.000001, 0.000012
2.631000, -0.000001, 0.000012
2.632000, -0.000001, 0.000012
2.633000, -0.000001, 0.000012
2.634000, -0.000001, 0.000012
2.635000, -0.000001, 0.000012
2.636000, -0.000001, 0.000012
2.637000, -0.000001, 0.000012
2.638000, -0.000001, 0.000012
2.639000, -0.000001, 0.000013
2.640000, -0.000001, 0.000013
2.641000, -0.000001, 0.000013
2.642000, -0.000001, 0.000013
2.643000, -0.000001, 0.000013
2.644000, -0.000001, 0.000013
2.645000, -0.000001, 0.000013
2.646000, -0.000001, 0.000013
2.647000, -0.000001, 0.000013
2.648000, -0.000001, 0.000013
2.649000, -0.000001, 0.000013
2.650000, -0.000001, 0.000013
2.651000, -0.000001, 0.000013
2.652000, -0.000001, 0.000013
2.653000, -0.000001, 0.000013
2.654000, -0.000000, 0.000013
2.655000, -0.000000, 0.000014
2.656000, -0.000000, 0.000014
2.657000, -0.000000, 0.000014
2.658000, -0.000000, 0.000014
2.659000, -0.000000, 0.000014
2.660000, -0.000000, 0.000014
2.661000, -0.000000, 0.000014
2.662000, -0.000000, 0.000014
2.663000, -0.000000, 0.000014
2.664000, -0.000000, 0.000014
2.665000, -0.000000, 0.000014
2.666000, -0.000000, 0.000014
2.667000, -0.000000, 0.000014
2.668000, -0.000000, 0.000014
2.669000, -0.000000, 0.000014
2.670000, -0.000000, 0.000014
2.671000, -0.000000, 0.000014
2.672000, -0.000000, 0.000014
2.673000, -0.000000, 0.000014
2.674000, -0.000000, 0.000014
2.675000, -0.000000, 0.000014
2.676000, -0.000000, 0.000014
2.677000, -0.000000, 0.000014
2.678000, -0.000000, 0.000014
2.679000, -0.000000, 0.000014
2.680000, -0.000000, 0.000014
2.681000, -0.000000, 0.000014
2.682000, -0.000000, 0.000014
2.683000, -0.000000, 0.000014
2.684000, -0.000000, 0.000014
2.685000, -0.000000, 0.000015
2.686000, -0.000000, 0.000015
2.687000, -0.000000, 0.000015
2.688000, -0.000000, 0.000015
2.689000, 0.000000, 0.000015
2.690000, 0.000000, 0.000015
2.691000, 0.000000, 0.000015
2.692000, 0.000000, 0.000015
2.693000, 0.000000, 0.000015
2.694000, 0.000000, 0.000015
2.695000, 0.000000, 0.000015
2.696000, 0.000000, 0.000015
2.697000, 0.000000, 0.000015
2.698000, 0.000000, 0.000015
2.699000, 0.000000, 0.000015
2.700000, 0.000000, 0.000015
2.701000, 0.000000, 0.000015
2.702000, 0.000000, 0.000015
2.703000, 0.000000, 0.000015
2.704000, 0.000000, 0.000015
2.705000, 0.000000, 0.000015
2.706000, 0.000000, 0.000015
2.707000, 0.000000, 0.000015
2.708000, 0.000000, 0.000015
2.709000, 0.000000, 0.000015
2.710000, 0.000000, 0.000015
2.711000, 0.000000, 0.000015
2.712000, 0.000000, 0.000015
2.713000, 0.000000, 0.000015
2.714000, 0.000000, 0.000015
2.715000, 0.000000, 0.000015
2.716000, 0.000000, 0.000015
2.717000, 0.000000, 0.000015
2.718000, 0.000000, 0.000015
2.719000, 0.000000, 0.000015
2.720000, 0.000000, 0.000015
2.721000, 0.000000, 0.000015
2.722000, 0.000000, 0.000015
2.723000, 0.000001, 0.000015
2.724000, 0.000001, 0.000015
2.725000, 0.000001, 0.000015
2.726000, 0.000001, 0.000015
2.727000, 0.000001, 0.000015
2.728000, 0.000001, 0.000015
2.729000, 0.000001, 0.000015
2.730000, 0.000001, 0.000015
2.731000, 0.000001, 0.000015
2.732000, 0.000001, 0.000015
2.733000, 0.000001, 0.000015
2.734000, 0.000001, 0.000015
2.735000, 0.000001, 0.000015
2.736000, 0.000001, 0.000015
2.737000, 0.000001, 0.000015
2.738000, 0.000001, 0.000015
2.739000, 0.000001, 0.000015
2.740000, 0.000001, 0.000015
2.741000, 0.000001, 0.000015
2.742000, 0.000001, 0.000015
2.743000, 0.000001, 0.000015
2.744000, 0.000001, 0.000015
2.745000, 0.000001, 0.000015
2.746000, 0.000001, 0.000015
2.747000, 0.000001, 0.000015
2.748000, 0.000001, 0.000015
2.749000, 0.000001, 0.000015
2.750000, 0.000001, 0.000015
2.751000, 0.000001, 0.000015
2.752000, 0.000001, 0.000015
2.753000, 0.000001, 0.000015
2.754000, 0.000001, 0.000015
2.755000, 0.000001, 0.000015
2.756000, 0.000001, 0.000015
2.757000, 0.000001, 0.000015
2.758000, 0.000001, 0.000015
2.759000, 0.000001, 0.000015
2.760000, 0.000001, 0.000015
2.761000, 0.000001, 0.000015
2.762000, 0.000001, 0.000015
2.763000, 0.000001, 0.000015
2.764000, 0.000001, 0.000015
2.765000, 0.000001, 0.000015
2.766000, 0.000001, 0.000015
2.767000, 0.000001, 0.000015
2.768000, 0.000001, 0.000015
2.769000, 0.000001, 0.000015
2.770000, 0.000001, 0.000015
2.771000, 0.000001, 0.000015
2.772000, 0.000001, 0.000015
2.773000, 0.000001, 0.000015
2.774000, 0.000001, 0.000015
2.775000, 0.000001, 0.000015
2.776000, 0.000001, 0.000015
2.777000, 0.000001, 0.000015
2.778000, 0.000001, 0.000015
2.779000, 0.000001, 0.000015
2.780000, 0.000001, 0.000015
2.781000, 0.000001, 0.000015
2.782000, 0.000001, 0.000015
2.783000, 0.000001, 0.000015
2.784000, 0.000001, 0.000015
2.785000, 0.000001, 0.000015
2.786000, 0.000001, 0.000015
2.787000, 0.000001, 0.000015
2.788000, 0.000001, 0.000015
2.789000, 0.000001, 0.000015
2.790000, 0.000002, 0.000015
2.791000, 0.000002, 0.000015
2.792000, 0.000002, 0.000015
2.793000, 0.000002, 0.000015
2.794000, 0.000002, 0.000015
2.795000, 0.000002, 0.000015
2.796000, 0.000002, 0.000015
2.797000, 0.000002, 0.000015
2.798000, 0.000002, 0.000015
2.799000, 0.000002, 0.000015
2.800000, 0.000002, 0.000015
2.801000, 0.000002, 0.000015
2.802000, 0.000002, 0.000015
2.803000, 0.000002, 0.000015
2.804000, 0.000002, 0.000015
2.805000, 0.000002, 0.000015
2.806000, 0.000002, 0.000015
2.807000, 0.000002, 0.000015
2.808000, 0.000002, 0.000015
2.809000, 0.000002, 0.000015
2.810000, 0.000002, 0.000015
2.811000, 0.000002, 0.000015
2.812000, 0.000002, 0.000015
2.813000, 0.000002, 0.000015
2.814000, 0.000002, 0.000015
2.815000, 0.000002, 0.000015
2.816000, 0.000002, 0.000015
2.817000, 0.000002, 0.000015
2.818000, 0.000002, 0.000014
2.819000, 0.000002, 0.000014
2.820000, 0.000002, 0.000014
2.821000, 0.000002, 0.000014
2.822000, 0.000002, 0.000014
2.823000, 0.000002, 0.000014
2.824000, 0.000002, 0.000014
2.825000, 0.000002, 0.000014
2.826000, 0.000002, 0.000014
2.827000, 0.000002, 0.000014
2.828000, 0.000002, 0.000014
2.829000, 0.000002, 0.000014
2.830000, 0.000002, 0.000014
2.831000, 0.000002, 0.000014
2.832000, 0.000002, 0.000014
2.833000, 0.000002, 0.000014
2.834000, 0.000002, 0.000014
2.835000, 0.000002, 0.000014
2.836000, 0.000002, 0.000014
2.837000, 0.000002, 0.000014
2.838000, 0.000002, 0.000014
2.839000, 0.000002, 0.000014
2.840000, 0.000002, 0.000014
2.841000, 0.000002, 0.000014
2.842000, 0.000002, 0.000014
2.843000, 0.000002, 0.000014
2.844000, 0.000002, 0.000014
2.845000, 0.000002, 0.000014
2.846000, 0.000002, 0.000014
2.847000, 0.000002, 0.000014
2.848000, 0.000002, 0.000014
2.849000, 0.000002, 0.000014
2.850000, 0.000002, 0.000014
2.851000, 0.000002, 0.000014
2.852000, 0.000002, 0.000014
2.853000, 0.000002, 0.000014
2.854000, 0.000002, 0.000014
2.855000, 0.000002, 0.000014
2.856000, 0.000002, 0.000014
2.857000, 0.000002, 0.000014
2.858000, 0.000002, 0.000014
2.859000, 0.000003, 0.000014
2.860000, 0.000003, 0.000014
2.861000, 0.000003, 0.000014
2.862000, 0.000003, 0.000014
2.863000, 0.000003, 0.000014
2.864000, 0.000003, 0.000014
2.865000, 0.000003, 0.000014
2.866000, 0.000003, 0.000014
2.867000, 0.000003, 0.000014
2.868000, 0.000003, 0.000014
2.869000, 0.000003, 0.000014
2.870000, 0.000003, 0.000014
2.871000, 0.000003, 0.000014
2.872000, 0.000003, 0.000014
2.873000, 0.000003, 0.000014
2.874000, 0.000003, 0.000014
2.875000, 0.000003, 0.000014
2.876000, 0.000003, 0.000014
2.877000, 0.000003, 0.000014
2.878000, 0.000003, 0.000014
2.879000, 0.000003, 0.000014
2.880000, 0.000003, 0.000014
2.881000, 0.000003, 0.000014
2.882000, 0.000003, 0.000014
2.883000, 0.000003, 0.000014
2.884000, 0.000003, 0.000014
2.885000, 0.000003, 0.000014
2.886000, 0.000003, 0.000014
2.887000, 0.000003, 0.000014
2.888000, 0.000003, 0.000014
2.889000, 0.000003, 0.000014
2.8900