time, theta__error, theta_dot_error
0.000000, -1.500001, -0.000390
0.001000, -1.492948, 4.701718
0.002000, -1.481787, 9.007545
0.003000, -1.466888, 12.935680
0.004000, -1.448599, 16.504493
0.005000, -1.427253, 19.732075
0.006000, -1.403165, 22.636180
0.007000, -1.376631, 25.234176
0.008000, -1.347934, 27.542994
0.009000, -1.317337, 29.579096
0.010000, -1.285089, 31.358439
0.011000, -1.251423, 32.896452
0.012000, -1.216560, 34.208024
0.013000, -1.180702, 35.307490
0.014000, -1.144043, 36.208629
0.015000, -1.106760, 36.924668
0.016000, -1.069020, 37.468288
0.017000, -1.030977, 37.851637
0.018000, -0.992773, 38.086336
0.019000, -0.954541, 38.183502
0.020000, -0.916402, 38.153759
0.021000, -0.878468, 38.007255
0.022000, -0.840841, 37.753677
0.023000, -0.803615, 37.402270
0.024000, -0.766873, 36.961846
0.025000, -0.730693, 36.440799
0.026000, -0.695143, 35.847121
0.027000, -0.660284, 35.188406
0.028000, -0.626170, 34.471865
0.029000, -0.592849, 33.704334
0.030000, -0.560363, 32.892281
0.031000, -0.528747, 32.041816
0.032000, -0.498029, 31.158700
0.033000, -0.468236, 30.248349
0.034000, -0.439387, 29.315845
0.035000, -0.411496, 28.365944
0.036000, -0.384574, 27.403083
0.037000, -0.358629, 26.431393
0.038000, -0.333662, 25.454703
0.039000, -0.309675, 24.476553
0.040000, -0.286663, 23.500203
0.041000, -0.264620, 22.528647
0.042000, -0.243537, 21.564618
0.043000, -0.223404, 20.610604
0.044000, -0.204206, 19.668854
0.045000, -0.185928, 18.741396
0.046000, -0.168554, 17.830044
0.047000, -0.152064, 16.936408
0.048000, -0.136439, 16.061910
0.049000, -0.121659, 15.207789
0.050000, -0.107700, 14.375118
0.051000, -0.094540, 13.564808
0.052000, -0.082156, 12.777624
0.053000, -0.070524, 12.014190
0.054000, -0.059618, 11.275004
0.055000, -0.049415, 10.560442
0.056000, -0.039889, 9.870769
0.057000, -0.031015, 9.206147
0.058000, -0.022768, 8.566645
0.059000, -0.015123, 7.952244
0.060000, -0.008055, 7.362845
0.061000, -0.001539, 6.798280
0.062000, 0.004449, 6.258310
0.063000, 0.009934, 5.742641
0.064000, 0.014939, 5.250923
0.065000, 0.019488, 4.782758
0.066000, 0.023603, 4.337707
0.067000, 0.027307, 3.915291
0.068000, 0.030622, 3.515000
0.069000, 0.033569, 3.136295
0.070000, 0.036168, 2.778610
0.071000, 0.038441, 2.441363
0.072000, 0.040406, 2.123950
0.073000, 0.042083, 1.825756
0.074000, 0.043489, 1.546155
0.075000, 0.044643, 1.284514
0.076000, 0.045561, 1.040192
0.077000, 0.046260, 0.812548
0.078000, 0.046755, 0.600940
0.079000, 0.047062, 0.404727
0.080000, 0.047194, 0.223273
0.081000, 0.047166, 0.055945
0.082000, 0.046992, -0.097881
0.083000, 0.046682, -0.238822
0.084000, 0.046251, -0.367485
0.085000, 0.045708, -0.484465
0.086000, 0.045064, -0.590347
0.087000, 0.044331, -0.685703
0.088000, 0.043517, -0.771092
0.089000, 0.042632, -0.847058
0.090000, 0.041684, -0.914131
0.091000, 0.040682, -0.972824
0.092000, 0.039633, -1.023638
0.093000, 0.038544, -1.067056
0.094000, 0.037423, -1.103544
0.095000, 0.036274, -1.133554
0.096000, 0.035105, -1.157519
0.097000, 0.033920, -1.175860
0.098000, 0.032724, -1.188976
0.099000, 0.031523, -1.197254
0.100000, 0.030320, -1.201063
0.101000, 0.029119, -1.200757
0.102000, 0.027924, -1.196672
0.103000, 0.026739, -1.189131
0.104000, 0.025566, -1.178440
0.105000, 0.024408, -1.164890
0.106000, 0.023267, -1.148759
0.107000, 0.022146, -1.130307
0.108000, 0.021047, -1.109784
0.109000, 0.019970, -1.087424
0.110000, 0.018919, -1.063448
0.111000, 0.017894, -1.038063
0.112000, 0.016895, -1.011466
0.113000, 0.015925, -0.983840
0.114000, 0.014984, -0.955356
0.115000, 0.014073, -0.926175
0.116000, 0.013191, -0.896446
0.117000, 0.012340, -0.866308
0.118000, 0.011519, -0.835891
0.119000, 0.010729, -0.805312
0.120000, 0.009970, -0.774683
0.121000, 0.009241, -0.744104
0.122000, 0.008542, -0.713669
0.123000, 0.007874, -0.683461
0.124000, 0.007236, -0.653559
0.125000, 0.006626, -0.624031
0.126000, 0.006046, -0.594940
0.127000, 0.005494, -0.566344
0.128000, 0.004970, -0.538292
0.129000, 0.004472, -0.510828
0.130000, 0.004002, -0.483992
0.131000, 0.003557, -0.457817
0.132000, 0.003138, -0.432332
0.133000, 0.002742, -0.407561
0.134000, 0.002371, -0.383525
0.135000, 0.002022, -0.360239
0.136000, 0.001696, -0.337716
0.137000, 0.001391, -0.315965
0.138000, 0.001106, -0.294991
0.139000, 0.000842, -0.274798
0.140000, 0.000596, -0.255386
0.141000, 0.000368, -0.236752
0.142000, 0.000158, -0.218892
0.143000, -0.000035, -0.201798
0.144000, -0.000212, -0.185464
0.145000, -0.000374, -0.169877
0.146000, -0.000522, -0.155027
0.147000, -0.000656, -0.140900
0.148000, -0.000776, -0.127482
0.149000, -0.000885, -0.114757
0.150000, -0.000981, -0.102710
0.151000, -0.001067, -0.091322
0.152000, -0.001142, -0.080576
0.153000, -0.001208, -0.070454
0.154000, -0.001264, -0.060936
0.155000, -0.001311, -0.052004
0.156000, -0.001351, -0.043637
0.157000, -0.001383, -0.035817
0.158000, -0.001408, -0.028523
0.159000, -0.001426, -0.021734
0.160000, -0.001438, -0.015433
0.161000, -0.001445, -0.009598
0.162000, -0.001446, -0.004209
0.163000, -0.001443, 0.000752
0.164000, -0.001436, 0.005304
0.165000, -0.001424, 0.009468
0.166000, -0.001409, 0.013260
0.167000, -0.001391, 0.016701
0.168000, -0.001369, 0.019807
0.169000, -0.001345, 0.022596
0.170000, -0.001319, 0.025085
0.171000, -0.001290, 0.027291
0.172000, -0.001260, 0.029230
0.173000, -0.001228, 0.030918
0.174000, -0.001195, 0.032370
0.175000, -0.001161, 0.033600
0.176000, -0.001126, 0.034622
0.177000, -0.001090, 0.035452
0.178000, -0.001054, 0.036101
0.179000, -0.001017, 0.036582
0.180000, -0.000980, 0.036908
0.181000, -0.000943, 0.037090
0.182000, -0.000906, 0.037139
0.183000, -0.000868, 0.037067
0.184000, -0.000832, 0.036883
0.185000, -0.000795, 0.036597
0.186000, -0.000759, 0.036218
0.187000, -0.000724, 0.035755
0.188000, -0.000689, 0.035216
0.189000, -0.000654, 0.034610
0.190000, -0.000621, 0.033943
0.191000, -0.000588, 0.033224
0.192000, -0.000556, 0.032457
0.193000, -0.000525, 0.031650
0.194000, -0.000494, 0.030809
0.195000, -0.000465, 0.029939
0.196000, -0.000436, 0.029045
0.197000, -0.000408, 0.028131
0.198000, -0.000382, 0.027203
0.199000, -0.000356, 0.026265
0.200000, -0.000331, 0.025320
0.201000, -0.000307, 0.024372
0.202000, -0.000284, 0.023423
0.203000, -0.000262, 0.022478
0.204000, -0.000241, 0.021539
0.205000, -0.000221, 0.020608
0.206000, -0.000202, 0.019688
0.207000, -0.000183, 0.018781
0.208000, -0.000166, 0.017888
0.209000, -0.000149, 0.017011
0.210000, -0.000134, 0.016152
0.211000, -0.000119, 0.015312
0.212000, -0.000105, 0.014491
0.213000, -0.000091, 0.013692
0.214000, -0.000079, 0.012915
0.215000, -0.000067, 0.012160
0.216000, -0.000056, 0.011428
0.217000, -0.000046, 0.010719
0.218000, -0.000036, 0.010034
0.219000, -0.000027, 0.009374
0.220000, -0.000019, 0.008737
0.221000, -0.000011, 0.008125
0.222000, -0.000004, 0.007537
0.223000, 0.000003, 0.006973
0.224000, 0.000009, 0.006432
0.225000, 0.000015, 0.005916
0.226000, 0.000020, 0.005423
0.227000, 0.000025, 0.004952
0.228000, 0.000029, 0.004505
0.229000, 0.000033, 0.004079
0.230000, 0.000037, 0.003676
0.231000, 0.000040, 0.003293
0.232000, 0.000042, 0.002931
0.233000, 0.000045, 0.002590
0.234000, 0.000047, 0.002267
0.235000, 0.000049, 0.001964
0.236000, 0.000050, 0.001680
0.237000, 0.000052, 0.001413
0.238000, 0.000053, 0.001163
0.239000, 0.000053, 0.000930
0.240000, 0.000054, 0.000713
0.241000, 0.000054, 0.000511
0.242000, 0.000055, 0.000324
0.243000, 0.000055, 0.000152
0.244000, 0.000055, -0.000008
0.245000, 0.000054, -0.000154
0.246000, 0.000054, -0.000288
0.247000, 0.000054, -0.000411
0.248000, 0.000053, -0.000522
0.249000, 0.000052, -0.000622
0.250000, 0.000052, -0.000713
0.251000, 0.000051, -0.000794
0.252000, 0.000050, -0.000866
0.253000, 0.000049, -0.000929
0.254000, 0.000048, -0.000984
0.255000, 0.000047, -0.001032
0.256000, 0.000046, -0.001073
0.257000, 0.000045, -0.001107
0.258000, 0.000043, -0.001135
0.259000, 0.000042, -0.001158
0.260000, 0.000041, -0.001174
0.261000, 0.000040, -0.001186
0.262000, 0.000039, -0.001193
0.263000, 0.000037, -0.001196
0.264000, 0.000036, -0.001196
0.265000, 0.000035, -0.001191
0.266000, 0.000034, -0.001183
0.267000, 0.000033, -0.001172
0.268000, 0.000032, -0.001159
0.269000, 0.000030, -0.001143
0.270000, 0.000029, -0.001124
0.271000, 0.000028, -0.001104
0.272000, 0.000027, -0.001082
0.273000, 0.000026, -0.001059
0.274000, 0.000025, -0.001034
0.275000, 0.000024, -0.001008
0.276000, 0.000023, -0.000981
0.277000, 0.000022, -0.000953
0.278000, 0.000021, -0.000925
0.279000, 0.000020, -0.000896
0.280000, 0.000020, -0.000867
0.281000, 0.000019, -0.000837
0.282000, 0.000018, -0.000808
0.283000, 0.000017, -0.000778
0.284000, 0.000016, -0.000748
0.285000, 0.000016, -0.000719
0.286000, 0.000015, -0.000689
0.287000, 0.000014, -0.000660
0.288000, 0.000014, -0.000632
0.289000, 0.000013, -0.000603
0.290000, 0.000013, -0.000576
0.291000, 0.000012, -0.000549
0.292000, 0.000012, -0.000522
0.293000, 0.000011, -0.000496
0.294000, 0.000011, -0.000471
0.295000, 0.000010, -0.000446
0.296000, 0.000010, -0.000422
0.297000, 0.000009, -0.000399
0.298000, 0.000009, -0.000376
0.299000, 0.000009, -0.000354
0.300000, 0.000008, -0.000333
0.301000, 0.000008, -0.000313
0.302000, 0.000008, -0.000293
0.303000, 0.000008, -0.000274
0.304000, 0.000007, -0.000256
0.305000, 0.000007, -0.000239
0.306000, 0.000007, -0.000222
0.307000, 0.000007, -0.000206
0.308000, 0.000006, -0.000191
0.309000, 0.000006, -0.000177
0.310000, 0.000006, -0.000163
0.311000, 0.000006, -0.000150
0.312000, 0.000006, -0.000138
0.313000, 0.000006, -0.000126
0.314000, 0.000006, -0.000115
0.315000, 0.000006, -0.000104
0.316000, 0.000005, -0.000094
0.317000, 0.000005, -0.000085
0.318000, 0.000005, -0.000076
0.319000, 0.000005, -0.000068
0.320000, 0.000005, -0.000060
0.321000, 0.000005, -0.000053
0.322000, 0.000005, -0.000047
0.323000, 0.000005, -0.000040
0.324000, 0.000005, -0.000035
0.325000, 0.000005, -0.000029
0.326000, 0.000005, -0.000024
0.327000, 0.000005, -0.000020
0.328000, 0.000005, -0.000016
0.329000, 0.000005, -0.000012
0.330000, 0.000005, -0.000008
0.331000, 0.000005, -0.000005
0.332000, 0.000005, -0.000002
0.333000, 0.000005, 0.000000
0.334000, 0.000005, 0.000002
0.335000, 0.000005, 0.000004
0.336000, 0.000005, 0.000006
0.337000, 0.000005, 0.000008
0.338000, 0.000005, 0.000009
0.339000, 0.000005, 0.000010
0.340000, 0.000005, 0.000011
0.341000, 0.000005, 0.000012
0.342000, 0.000005, 0.000013
0.343000, 0.000005, 0.000013
0.344000, 0.000005, 0.000013
0.345000, 0.000005, 0.000014
0.346000, 0.000005, 0.000014
0.347000, 0.000005, 0.000014
0.348000, 0.000005, 0.000013
0.349000, 0.000005, 0.000013
0.350000, 0.000005, 0.000013
0.351000, 0.000005, 0.000013
0.352000, 0.000005, 0.000012
0.353000, 0.000005, 0.000012
0.354000, 0.000005, 0.000011
0.355000, 0.000005, 0.000010
0.356000, 0.000005, 0.000010
0.357000, 0.000005, 0.000009
0.358000, 0.000005, 0.000008
0.359000, 0.000005, 0.000008
0.360000, 0.000005, 0.000007
0.361000, 0.000005, 0.000006
0.362000, 0.000005, 0.000005
0.363000, 0.000005, 0.000005
0.364000, 0.000005, 0.000004
0.365000, 0.000005, 0.000003
0.366000, 0.000005, 0.000002
0.367000, 0.000005, 0.000002
0.368000, 0.000005, 0.000001
0.369000, 0.000005, -0.000000
0.370000, 0.000005, -0.000001
0.371000, 0.000005, -0.000002
0.372000, 0.000005, -0.000002
0.373000, 0.000005, -0.000003
0.374000, 0.000005, -0.000004
0.375000, 0.000005, -0.000004
0.376000, 0.000005, -0.000005
0.377000, 0.000005, -0.000006
0.378000, 0.000005, -0.000006
0.379000, 0.000005, -0.000007
0.380000, 0.000005, -0.000007
0.381000, 0.000005, -0.000008
0.382000, 0.000005, -0.000008
0.383000, 0.000005, -0.000009
0.384000, 0.000005, -0.000009
0.385000, 0.000005, -0.000010
0.386000, 0.000005, -0.000010
0.387000, 0.000005, -0.000011
0.388000, 0.000005, -0.000011
0.389000, 0.000005, -0.000011
0.390000, 0.000005, -0.000012
0.391000, 0.000005, -0.000012
0.392000, 0.000005, -0.000012
0.393000, 0.000005, -0.000013
0.394000, 0.000005, -0.000013
0.395000, 0.000005, -0.000013
0.396000, 0.000005, -0.000014
0.397000, 0.000005, -0.000014
0.398000, 0.000005, -0.000014
0.399000, 0.000005, -0.000014
0.400000, 0.000005, -0.000014
0.401000, 0.000005, -0.000014
0.402000, 0.000005, -0.000015
0.403000, 0.000005, -0.000015
0.404000, 0.000005, -0.000015
0.405000, 0.000005, -0.000015
0.406000, 0.000005, -0.000015
0.407000, 0.000005, -0.000015
0.408000, 0.000005, -0.000015
0.409000, 0.000005, -0.000015
0.410000, 0.000005, -0.000015
0.411000, 0.000005, -0.000015
0.412000, 0.000005, -0.000015
0.413000, 0.000005, -0.000015
0.414000, 0.000005, -0.000015
0.415000, 0.000005, -0.000015
0.416000, 0.000005, -0.000015
0.417000, 0.000005, -0.000015
0.418000, 0.000005, -0.000015
0.419000, 0.000005, -0.000015
0.420000, 0.000005, -0.000015
0.421000, 0.000005, -0.000015
0.422000, 0.000005, -0.000015
0.423000, 0.000005, -0.000015
0.424000, 0.000005, -0.000015
0.425000, 0.000005, -0.000015
0.426000, 0.000005, -0.000015
0.427000, 0.000005, -0.000015
0.428000, 0.000005, -0.000014
0.429000, 0.000005, -0.000014
0.430000, 0.000004, -0.000014
0.431000, 0.000004, -0.000014
0.432000, 0.000004, -0.000014
0.433000, 0.000004, -0.000014
0.434000, 0.000004, -0.000014
0.435000, 0.000004, -0.000014
0.436000, 0.000004, -0.000014
0.437000, 0.000004, -0.000014
0.438000, 0.000004, -0.000014
0.439000, 0.000004, -0.000013
0.440000, 0.000004, -0.000013
0.441000, 0.000004, -0.000013
0.442000, 0.000004, -0.000013
0.443000, 0.000004, -0.000013
0.444000, 0.000004, -0.000013
0.445000, 0.000004, -0.000013
0.446000, 0.000004, -0.000013
0.447000, 0.000004, -0.000013
0.448000, 0.000004, -0.000013
0.449000, 0.000004, -0.000013
0.450000, 0.000004, -0.000012
0.451000, 0.000004, -0.000012
0.452000, 0.000004, -0.000012
0.453000, 0.000004, -0.000012
0.454000, 0.000004, -0.000012
0.455000, 0.000004, -0.000012
0.456000, 0.000004, -0.000012
0.457000, 0.000004, -0.000012
0.458000, 0.000004, -0.000012
0.459000, 0.000004, -0.000012
0.460000, 0.000004, -0.000012
0.461000, 0.000004, -0.000012
0.462000, 0.000004, -0.000011
0.463000, 0.000004, -0.000011
0.464000, 0.000004, -0.000011
0.465000, 0.000004, -0.000011
0.466000, 0.000004, -0.000011
0.467000, 0.000004, -0.000011
0.468000, 0.000004, -0.000011
0.469000, 0.000004, -0.000011
0.470000, 0.000004, -0.000011
0.471000, 0.000004, -0.000011
0.472000, 0.000004, -0.000011
0.473000, 0.000004, -0.000011
0.474000, 0.000004, -0.000011
0.475000, 0.000004, -0.000011
0.476000, 0.000004, -0.000010
0.477000, 0.000004, -0.000010
0.478000, 0.000004, -0.000010
0.479000, 0.000004, -0.000010
0.480000, 0.000004, -0.000010
0.481000, 0.000004, -0.000010
0.482000, 0.000004, -0.000010
0.483000, 0.000004, -0.000010
0.484000, 0.000004, -0.000010
0.485000, 0.000004, -0.000010
0.486000, 0.000004, -0.000010
0.487000, 0.000004, -0.000010
0.488000, 0.000004, -0.000010
0.489000, 0.000004, -0.000010
0.490000, 0.000004, -0.000010
0.491000, 0.000004, -0.000010
0.492000, 0.000004, -0.000010
0.493000, 0.000004, -0.000010
0.494000, 0.000004, -0.000010
0.495000, 0.000004, -0.000009
0.496000, 0.000004, -0.000009
0.497000, 0.000004, -0.000009
0.498000, 0.000004, -0.000009
0.499000, 0.000004, -0.000009
0.500000, 0.000004, -0.000009
0.501000, 0.000004, -0.000009
0.502000, 0.000004, -0.000009
0.503000, 0.000004, -0.000009
0.504000, 0.000004, -0.000009
0.505000, 0.000004, -0.000009
0.506000, 0.000004, -0.000009
0.507000, 0.000004, -0.000009
0.508000, 0.000004, -0.000009
0.509000, 0.000004, -0.000009
0.510000, 0.000004, -0.000009
0.511000, 0.000004, -0.000009
0.512000, 0.000004, -0.000009
0.513000, 0.000004, -0.000009
0.514000, 0.000004, -0.000009
0.515000, 0.000004, -0.000009
0.516000, 0.000004, -0.000009
0.517000, 0.000004, -0.000009
0.518000, 0.000004, -0.000008
0.519000, 0.000004, -0.000008
0.520000, 0.000004, -0.000008
0.521000, 0.000004, -0.000008
0.522000, 0.000004, -0.000008
0.523000, 0.000004, -0.000008
0.524000, 0.000003, -0.000008
0.525000, 0.000003, -0.000008
0.526000, 0.000003, -0.000008
0.527000, 0.000003, -0.000008
0.528000, 0.000003, -0.000008
0.529000, 0.000003, -0.000008
0.530000, 0.000003, -0.000008
0.531000, 0.000003, -0.000008
0.532000, 0.000003, -0.000008
0.533000, 0.000003, -0.000008
0.534000, 0.000003, -0.000008
0.535000, 0.000003, -0.000008
0.536000, 0.000003, -0.000008
0.537000, 0.000003, -0.000008
0.538000, 0.000003, -0.000008
0.539000, 0.000003, -0.000008
0.540000, 0.000003, -0.000008
0.541000, 0.000003, -0.000008
0.542000, 0.000003, -0.000008
0.543000, 0.000003, -0.000008
0.544000, 0.000003, -0.000008
0.545000, 0.000003, -0.000008
0.546000, 0.000003, -0.000008
0.547000, 0.000003, -0.000007
0.548000, 0.000003, -0.000007
0.549000, 0.000003, -0.000007
0.550000, 0.000003, -0.000007
0.551000, 0.000003, -0.000007
0.552000, 0.000003, -0.000007
0.553000, 0.000003, -0.000007
0.554000, 0.000003, -0.000007
0.555000, 0.000003, -0.000007
0.556000, 0.000003, -0.000007
0.557000, 0.000003, -0.000007
0.558000, 0.000003, -0.000007
0.559000, 0.000003, -0.000007
0.560000, 0.000003, -0.000007
0.561000, 0.000003, -0.000007
0.562000, 0.000003, -0.000007
0.563000, 0.000003, -0.000007
0.564000, 0.000003, -0.000007
0.565000, 0.000003, -0.000007
0.566000, 0.000003, -0.000007
0.567000, 0.000003, -0.000007
0.568000, 0.000003, -0.000007
0.569000, 0.000003, -0.000007
0.570000, 0.000003, -0.000007
0.571000, 0.000003, -0.000007
0.572000, 0.000003, -0.000007
0.573000, 0.000003, -0.000007
0.574000, 0.000003, -0.000007
0.575000, 0.000003, -0.000007
0.576000, 0.000003, -0.000007
0.577000, 0.000003, -0.000007
0.578000, 0.000003, -0.000007
0.579000, 0.000003, -0.000007
0.580000, 0.000003, -0.000007
0.581000, 0.000003, -0.000007
0.582000, 0.000003, -0.000006
0.583000, 0.000003, -0.000006
0.584000, 0.000003, -0.000006
0.585000, 0.000003, -0.000006
0.586000, 0.000003, -0.000006
0.587000, 0.000003, -0.000006
0.588000, 0.000003, -0.000006
0.589000, 0.000003, -0.000006
0.590000, 0.000003, -0.000006
0.591000, 0.000003, -0.000006
0.592000, 0.000003, -0.000006
0.593000, 0.000003, -0.000006
0.594000, 0.000003, -0.000006
0.595000, 0.000003, -0.000006
0.596000, 0.000003, -0.000006
0.597000, 0.000003, -0.000006
0.598000, 0.000003, -0.000006
0.599000, 0.000003, -0.000006
0.600000, 0.000003, -0.000006
0.601000, 0.000003, -0.000006
0.602000, 0.000003, -0.000006
0.603000, 0.000003, -0.000006
0.604000, 0.000003, -0.000006
0.605000, 0.000003, -0.000006
0.606000, 0.000003, -0.000006
0.607000, 0.000003, -0.000006
0.608000, 0.000003, -0.000006
0.609000, 0.000003, -0.000006
0.610000, 0.000003, -0.000006
0.611000, 0.000003, -0.000006
0.612000, 0.000003, -0.000006
0.613000, 0.000003, -0.000006
0.614000, 0.000003, -0.000006
0.615000, 0.000003, -0.000006
0.616000, 0.000003, -0.000006
0.617000, 0.000003, -0.000006
0.618000, 0.000003, -0.000006
0.619000, 0.000003, -0.000006
0.620000, 0.000003, -0.000006
0.621000, 0.000003, -0.000006
0.622000, 0.000003, -0.000006
0.623000, 0.000003, -0.000006
0.624000, 0.000003, -0.000006
0.625000, 0.000003, -0.000006
0.626000, 0.000003, -0.000005
0.627000, 0.000003, -0.000005
0.628000, 0.000003, -0.000005
0.629000, 0.000003, -0.000005
0.630000, 0.000003, -0.000005
0.631000, 0.000003, -0.000005
0.632000, 0.000003, -0.000005
0.633000, 0.000003, -0.000005
0.634000, 0.000003, -0.000005
0.635000, 0.000003, -0.000005
0.636000, 0.000003, -0.000005
0.637000, 0.000003, -0.000005
0.638000, 0.000003, -0.000005
0.639000, 0.000003, -0.000005
0.640000, 0.000003, -0.000005
0.641000, 0.000003, -0.000005
0.642000, 0.000003, -0.000005
0.643000, 0.000003, -0.000005
0.644000, 0.000003, -0.000005
0.645000, 0.000003, -0.000005
0.646000, 0.000003, -0.000005
0.647000, 0.000003, -0.000005
0.648000, 0.000003, -0.000005
0.649000, 0.000003, -0.000005
0.650000, 0.000003, -0.000005
0.651000, 0.000003, -0.000005
0.652000, 0.000003, -0.000005
0.653000, 0.000003, -0.000005
0.654000, 0.000003, -0.000005
0.655000, 0.000003, -0.000005
0.656000, 0.000003, -0.000005
0.657000, 0.000003, -0.000005
0.658000, 0.000003, -0.000005
0.659000, 0.000003, -0.000005
0.660000, 0.000003, -0.000005
0.661000, 0.000003, -0.000005
0.662000, 0.000003, -0.000005
0.663000, 0.000003, -0.000005
0.664000, 0.000003, -0.000005
0.665000, 0.000003, -0.000005
0.666000, 0.000003, -0.000005
0.667000, 0.000003, -0.000005
0.668000, 0.000003, -0.000005
0.669000, 0.000003, -0.000005
0.670000, 0.000003, -0.000005
0.671000, 0.000003, -0.000005
0.672000, 0.000003, -0.000005
0.673000, 0.000003, -0.000005
0.674000, 0.000003, -0.000005
0.675000, 0.000003, -0.000005
0.676000, 0.000003, -0.000005
0.677000, 0.000003, -0.000005
0.678000, 0.000003, -0.000005
0.679000, 0.000003, -0.000005
0.680000, 0.000003, -0.000005
0.681000, 0.000003, -0.000005
0.682000, 0.000003, -0.000005
0.683000, 0.000003, -0.000004
0.684000, 0.000003, -0.000004
0.685000, 0.000003, -0.000004
0.686000, 0.000003, -0.000004
0.687000, 0.000003, -0.000004
0.688000, 0.000003, -0.000004
0.689000, 0.000003, -0.000004
0.690000, 0.000002, -0.000004
0.691000, 0.000002, -0.000004
0.692000, 0.000002, -0.000004
0.693000, 0.000002, -0.000004
0.694000, 0.000002, -0.000004
0.695000, 0.000002, -0.000004
0.696000, 0.000002, -0.000004
0.697000, 0.000002, -0.000004
0.698000, 0.000002, -0.000004
0.699000, 0.000002, -0.000004
0.700000, 0.000002, -0.000004
0.701000, 0.000002, -0.000004
0.702000, 0.000002, -0.000004
0.703000, 0.000002, -0.000004
0.704000, 0.000002, -0.000004
0.705000, 0.000002, -0.000004
0.706000, 0.000002, -0.000004
0.707000, 0.000002, -0.000004
0.708000, 0.000002, -0.000004
0.709000, 0.000002, -0.000004
0.710000, 0.000002, -0.000004
0.711000, 0.000002, -0.000004
0.712000, 0.000002, -0.000004
0.713000, 0.000002, -0.000004
0.714000, 0.000002, -0.000004
0.715000, 0.000002, -0.000004
0.716000, 0.000002, -0.000004
0.717000, 0.000002, -0.000004
0.718000, 0.000002, -0.000004
0.719000, 0.000002, -0.000004
0.720000, 0.000002, -0.000004
0.721000, 0.000002, -0.000004
0.722000, 0.000002, -0.000004
0.723000, 0.000002, -0.000004
0.724000, 0.000002, -0.000004
0.725000, 0.000002, -0.000004
0.726000, 0.000002, -0.000004
0.727000, 0.000002, -0.000004
0.728000, 0.000002, -0.000004
0.729000, 0.000002, -0.000004
0.730000, 0.000002, -0.000004
0.731000, 0.000002, -0.000004
0.732000, 0.000002, -0.000004
0.733000, 0.000002, -0.000004
0.734000, 0.000002, -0.000004
0.735000, 0.000002, -0.000004
0.736000, 0.000002, -0.000004
0.737000, 0.000002, -0.000004
0.738000, 0.000002, -0.000004
0.739000, 0.000002, -0.000004
0.740000, 0.000002, -0.000004
0.741000, 0.000002, -0.000004
0.742000, 0.000002, -0.000004
0.743000, 0.000002, -0.000004
0.744000, 0.000002, -0.000004
0.745000, 0.000002, -0.000004
0.746000, 0.000002, -0.000004
0.747000, 0.000002, -0.000004
0.748000, 0.000002, -0.000004
0.749000, 0.000002, -0.000004
0.750000, 0.000002, -0.000004
0.751000, 0.000002, -0.000004
0.752000, 0.000002, -0.000004
0.753000, 0.000002, -0.000004
0.754000, 0.000002, -0.000004
0.755000, 0.000002, -0.000004
0.756000, 0.000002, -0.000004
0.757000, 0.000002, -0.000004
0.758000, 0.000002, -0.000004
0.759000, 0.000002, -0.000004
0.760000, 0.000002, -0.000004
0.761000, 0.000002, -0.000004
0.762000, 0.000002, -0.000004
0.763000, 0.000002, -0.000003
0.764000, 0.000002, -0.000003
0.765000, 0.000002, -0.000003
0.766000, 0.000002, -0.000003
0.767000, 0.000002, -0.000003
0.768000, 0.000002, -0.000003
0.769000, 0.000002, -0.000003
0.770000, 0.000002, -0.000003
0.771000, 0.000002, -0.000003
0.772000, 0.000002, -0.000003
0.773000, 0.000002, -0.000003
0.774000, 0.000002, -0.000003
0.775000, 0.000002, -0.000003
0.776000, 0.000002, -0.000003
0.777000, 0.000002, -0.000003
0.778000, 0.000002, -0.000003
0.779000, 0.000002, -0.000003
0.780000, 0.000002, -0.000003
0.781000, 0.000002, -0.000003
0.782000, 0.000002, -0.000003
0.783000, 0.000002, -0.000003
0.784000, 0.000002, -0.000003
0.785000, 0.000002, -0.000003
0.786000, 0.000002, -0.000003
0.787000, 0.000002, -0.000003
0.788000, 0.000002, -0.000003
0.789000, 0.000002, -0.000003
0.790000, 0.000002, -0.000003
0.791000, 0.000002, -0.000003
0.792000, 0.000002, -0.000003
0.793000, 0.000002, -0.000003
0.794000, 0.000002, -0.000003
0.795000, 0.000002, -0.000003
0.796000, 0.000002, -0.000003
0.797000, 0.000002, -0.000003
0.798000, 0.000002, -0.000003
0.799000, 0.000002, -0.000003
0.800000, 0.000002, -0.000003
0.801000, 0.000002, -0.000003
0.802000, 0.000002, -0.000003
0.803000, 0.000002, -0.000003
0.804000, 0.000002, -0.000003
0.805000, 0.000002, -0.000003
0.806000, 0.000002, -0.000003
0.807000, 0.000002, -0.000003
0.808000, 0.000002, -0.000003
0.809000, 0.000002, -0.000003
0.810000, 0.000002, -0.000003
0.811000, 0.000002, -0.000003
0.812000, 0.000002, -0.000003
0.813000, 0.000002, -0.000003
0.814000, 0.000002, -0.000003
0.815000, 0.000002, -0.000003
0.816000, 0.000002, -0.000003
0.817000, 0.000002, -0.000003
0.818000, 0.000002, -0.000003
0.819000, 0.000002, -0.000003
0.820000, 0.000002, -0.000003
0.821000, 0.000002, -0.000003
0.822000, 0.000002, -0.000003
0.823000, 0.000002, -0.000003
0.824000, 0.000002, -0.000003
0.825000, 0.000002, -0.000003
0.826000, 0.000002, -0.000003
0.827000, 0.000002, -0.000003
0.828000, 0.000002, -0.000003
0.829000, 0.000002, -0.000003
0.830000, 0.000002, -0.000003
0.831000, 0.000002, -0.000003
0.832000, 0.000002, -0.000003
0.833000, 0.000002, -0.000003
0.834000, 0.000002, -0.000003
0.835000, 0.000002, -0.000003
0.836000, 0.000002, -0.000003
0.837000, 0.000002, -0.000003
0.838000, 0.000002, -0.000003
0.839000, 0.000002, -0.000003
0.840000, 0.000002, -0.000003
0.841000, 0.000002, -0.000003
0.842000, 0.000002, -0.000003
0.843000, 0.000002, -0.000003
0.844000, 0.000002, -0.000003
0.845000, 0.000002, -0.000003
0.846000, 0.000002, -0.000003
0.847000, 0.000002, -0.000003
0.848000, 0.000002, -0.000003
0.849000, 0.000002, -0.000003
0.850000, 0.000002, -0.000003
0.851000, 0.000002, -0.000003
0.852000, 0.000002, -0.000003
0.853000, 0.000002, -0.000003
0.854000, 0.000002, -0.000003
0.855000, 0.000002, -0.000003
0.856000, 0.000002, -0.000003
0.857000, 0.000002, -0.000003
0.858000, 0.000002, -0.000003
0.859000, 0.000002, -0.000003
0.860000, 0.000002, -0.000003
0.861000, 0.000002, -0.000003
0.862000, 0.000002, -0.000003
0.863000, 0.000002, -0.000003
0.864000, 0.000002, -0.000003
0.865000, 0.000002, -0.000003
0.866000, 0.000002, -0.000003
0.867000, 0.000002, -0.000003
0.868000, 0.000002, -0.000003
0.869000, 0.000002, -0.000003
0.870000, 0.000002, -0.000003
0.871000, 0.000002, -0.000003
0.872000, 0.000002, -0.000003
0.873000, 0.000002, -0.000003
0.874000, 0.000002, -0.000003
0.875000, 0.000002, -0.000003
0.876000, 0.000002, -0.000003
0.877000, 0.000002, -0.000003
0.878000, 0.000002, -0.000003
0.879000, 0.000002, -0.000003
0.880000, 0.000002, -0.000003
0.881000, 0.000002, -0.000003
0.882000, 0.000002, -0.000003
0.883000, 0.000002, -0.000003
0.884000, 0.000002, -0.000003
0.885000, 0.000002, -0.000003
0.886000, 0.000002, -0.000003
0.887000, 0.000002, -0.000003
0.888000, 0.000002, -0.000003
0.889000, 0.000002, -0.000003
0.890000, 0.000002, -0.000003
0.891000, 0.000002, -0.000003
0.892000, 0.000002, -0.000002
0.893000, 0.000002, -0.000002
0.894000, 0.000002, -0.000002
0.895000, 0.000002, -0.000002
0.896000, 0.000002, -0.000002
0.897000, 0.000002, -0.000002
0.898000, 0.000002, -0.000002
0.899000, 0.000002, -0.000002
0.900000, 0.000002, -0.000002
0.901000, 0.000002, -0.000002
0.902000, 0.000002, -0.000002
0.903000, 0.000002, -0.000002
0.904000, 0.000002, -0.000002
0.905000, 0.000002, -0.000002
0.906000, 0.000002, -0.000002
0.907000, 0.000002, -0.000002
0.908000, 0.000002, -0.000002
0.909000, 0.000002, -0.000002
0.910000, 0.000002, -0.000002
0.911000, 0.000002, -0.000002
0.912000, 0.000002, -0.000002
0.913000, 0.000002, -0.000002
0.914000, 0.000002, -0.000002
0.915000, 0.000002, -0.000002
0.916000, 0.000002, -0.000002
0.917000, 0.000002, -0.000002
0.918000, 0.000002, -0.000002
0.919000, 0.000002, -0.000002
0.920000, 0.000002, -0.000002
0.921000, 0.000002, -0.000002
0.922000, 0.000002, -0.000002
0.923000, 0.000002, -0.000002
0.924000, 0.000002, -0.000002
0.925000, 0.000002, -0.000002
0.926000, 0.000002, -0.000002
0.927000, 0.000002, -0.000002
0.928000, 0.000002, -0.000002
0.929000, 0.000002, -0.000002
0.930000, 0.000002, -0.000002
0.931000, 0.000002, -0.000002
0.932000, 0.000002, -0.000002
0.933000, 0.000002, -0.000002
0.934000, 0.000002, -0.000002
0.935000, 0.000002, -0.000002
0.936000, 0.000002, -0.000002
0.937000, 0.000002, -0.000002
0.938000, 0.000002, -0.000002
0.939000, 0.000002, -0.000002
0.940000, 0.000002, -0.000002
0.941000, 0.000002, -0.000002
0.942000, 0.000002, -0.000002
0.943000, 0.000002, -0.000002
0.944000, 0.000002, -0.000002
0.945000, 0.000002, -0.000002
0.946000, 0.000002, -0.000002
0.947000, 0.000002, -0.000002
0.948000, 0.000002, -0.000002
0.949000, 0.000002, -0.000002
0.950000, 0.000002, -0.000002
0.951000, 0.000002, -0.000002
0.952000, 0.000002, -0.000002
0.953000, 0.000002, -0.000002
0.954000, 0.000002, -0.000002
0.955000, 0.000002, -0.000002
0.956000, 0.000002, -0.000002
0.957000, 0.000002, -0.000002
0.958000, 0.000002, -0.000002
0.959000, 0.000002, -0.000002
0.960000, 0.000002, -0.000002
0.961000, 0.000002, -0.000002
0.962000, 0.000002, -0.000002
0.963000, 0.000002, -0.000002
0.964000, 0.000002, -0.000002
0.965000, 0.000002, -0.000002
0.966000, 0.000002, -0.000002
0.967000, 0.000002, -0.000002
0.968000, 0.000002, -0.000002
0.969000, 0.000002, -0.000002
0.970000, 0.000002, -0.000002
0.971000, 0.000002, -0.000002
0.972000, 0.000002, -0.000002
0.973000, 0.000002, -0.000002
0.974000, 0.000002, -0.000002
0.975000, 0.000002, -0.000002
0.976000, 0.000002, -0.000002
0.977000, 0.000002, -0.000002
0.978000, 0.000002, -0.000002
0.979000, 0.000002, -0.000002
0.980000, 0.000002, -0.000002
0.981000, 0.000002, -0.000002
0.982000, 0.000002, -0.000002
0.983000, 0.000002, -0.000002
0.984000, 0.000002, -0.000002
0.985000, 0.000002, -0.000002
0.986000, 0.000002, -0.000002
0.987000, 0.000002, -0.000002
0.988000, 0.000002, -0.000002
0.989000, 0.000002, -0.000002
0.990000, 0.000002, -0.000002
0.991000, 0.000002, -0.000002
0.992000, 0.000002, -0.000002
0.993000, 0.000002, -0.000002
0.994000, 0.000002, -0.000002
0.995000, 0.000002, -0.000002
0.996000, 0.000002, -0.000002
0.997000, 0.000002, -0.000002
0.998000, 0.000002, -0.000002
0.999000, 0.000002, -0.000002
1.000000, 1.500002, -0.000002
1.001000, 1.492874, -4.751667
1.002000, 1.481600, -9.099754
1.003000, 1.466555, -13.063395
1.004000, 1.448095, -16.661367
1.005000, 1.426557, -19.912056
1.006000, 1.402263, -22.833441
1.007000, 1.375515, -25.443073
1.008000, 1.346600, -27.758067
1.009000, 1.315786, -29.795090
1.010000, 1.283328, -31.570356
1.011000, 1.249464, -33.099614
1.012000, 1.214416, -34.398144
1.013000, 1.178394, -35.480745
1.014000, 1.141592, -36.361727
1.015000, 1.104191, -37.054904
1.016000, 1.066358, -37.573583
1.017000, 1.028249, -37.930557
1.018000, 0.990007, -38.138102
1.019000, 0.951764, -38.207970
1.020000, 0.913641, -38.151385
1.021000, 0.875748, -37.979049
1.022000, 0.838186, -37.701142
1.023000, 0.801045, -37.327324
1.024000, 0.764409, -36.866751
1.025000, 0.728350, -36.328078
1.026000, 0.692935, -35.719472
1.027000, 0.658222, -35.048632
1.028000, 0.624262, -34.322794
1.029000, 0.591100, -33.548757
1.030000, 0.558775, -32.732893
1.031000, 0.527320, -31.881169
1.032000, 0.496762, -30.999160
1.033000, 0.467123, -30.092068
1.034000, 0.438422, -29.164741
1.035000, 0.410672, -28.221687
1.036000, 0.383882, -27.267091
1.037000, 0.358059, -26.304830
1.038000, 0.333203, -25.338489
1.039000, 0.309315, -24.371375
1.040000, 0.286391, -23.406528
1.041000, 0.264424, -22.446741
1.042000, 0.243406, -21.494563
1.043000, 0.223325, -20.552318
1.044000, 0.204168, -19.622116
1.045000, 0.185920, -18.705860
1.046000, 0.168565, -17.805261
1.047000, 0.152085, -16.921846
1.048000, 0.136460, -16.056968
1.049000, 0.121671, -15.211816
1.050000, 0.107696, -14.387426
1.051000, 0.094513, -13.584685
1.052000, 0.082098, -12.804345
1.053000, 0.070430, -12.047030
1.054000, 0.059484, -11.313241
1.055000, 0.049235, -10.603369
1.056000, 0.039660, -9.917698
1.057000, 0.030735, -9.256415
1.058000, 0.022433, -8.619616
1.059000, 0.014732, -8.007315
1.060000, 0.007607, -7.419447
1.061000, 0.001033, -6.855875
1.062000, -0.005014, -6.316400
1.063000, -0.010557, -5.800761
1.064000, -0.015620, -5.308646
1.065000, -0.020225, -4.839694
1.066000, -0.024395, -4.393499
1.067000, -0.028153, -3.969618
1.068000, -0.031519, -3.567574
1.069000, -0.034516, -3.186859
1.070000, -0.037163, -2.826939
1.071000, -0.039480, -2.487260
1.072000, -0.041488, -2.167248
1.073000, -0.043203, -1.866314
1.074000, -0.044646, -1.583856
1.075000, -0.045833, -1.319264
1.076000, -0.046781, -1.071920
1.077000, -0.047507, -0.841204
1.078000, -0.048026, -0.626493
1.079000, -0.048354, -0.427163
1.080000, -0.048504, -0.242595
1.081000, -0.048491, -0.072171
1.082000, -0.048328, 0.084719
1.083000, -0.048027, 0.228679
1.084000, -0.047601, 0.360304
1.085000, -0.047061, 0.480180
1.086000, -0.046418, 0.588882
1.087000, -0.045682, 0.686974
1.088000, -0.044863, 0.775007
1.089000, -0.043970, 0.853518
1.090000, -0.043012, 0.923032
1.091000, -0.041997, 0.984058
1.092000, -0.040934, 1.037092
1.093000, -0.039828, 1.082614
1.094000, -0.038688, 1.121088
1.095000, -0.037519, 1.152963
1.096000, -0.036328, 1.178673
1.097000, -0.035119, 1.198636
1.098000, -0.033899, 1.213252
1.099000, -0.032671, 1.222909
1.100000, -0.031440, 1.227976
1.101000, -0.030211, 1.228807
1.102000, -0.028987, 1.225743
1.103000, -0.027771, 1.219107
1.104000, -0.026567, 1.209208
1.105000, -0.025377, 1.196340
1.106000, -0.024204, 1.180783
1.107000, -0.023050, 1.162802
1.108000, -0.021918, 1.142649
1.109000, -0.020808, 1.120561
1.110000, -0.019723, 1.096765
1.111000, -0.018664, 1.071470
1.112000, -0.017633, 1.044878
1.113000, -0.016629, 1.017176
1.114000, -0.015655, 0.988539
1.115000, -0.014711, 0.959133
1.116000, -0.013797, 0.929110
1.117000, -0.012913, 0.898614
1.118000, -0.012061, 0.867779
1.119000, -0.011240, 0.836727
1.120000, -0.010450, 0.805572
1.121000, -0.009691, 0.774421
1.122000, -0.008963, 0.743370
1.123000, -0.008266, 0.712507
1.124000, -0.007599, 0.681913
1.125000, -0.006963, 0.651662
1.126000, -0.006356, 0.621821
1.127000, -0.005778, 0.592449
1.128000, -0.005229, 0.563601
1.129000, -0.004708, 0.535323
1.130000, -0.004214, 0.507657
1.131000, -0.003747, 0.480642
1.132000, -0.003306, 0.454307
1.133000, -0.002890, 0.428681
1.134000, -0.002499, 0.403786
1.135000, -0.002131, 0.379641
1.136000, -0.001786, 0.356260
1.137000, -0.001464, 0.333654
1.138000, -0.001163, 0.311832
1.139000, -0.000883, 0.290798
1.140000, -0.000622, 0.270555
1.141000, -0.000381, 0.251101
1.142000, -0.000158, 0.232433
1.143000, 0.000048, 0.214547
1.144000, 0.000237, 0.197435
1.145000, 0.000409, 0.181087
1.146000, 0.000567, 0.165493
1.147000, 0.000710, 0.150642
1.148000, 0.000840, 0.136518
1.149000, 0.000956, 0.123108
1.150000, 0.001060, 0.110396
1.151000, 0.001153, 0.098365
1.152000, 0.001234, 0.086998
1.153000, 0.001305, 0.076276
1.154000, 0.001366, 0.066181
1.155000, 0.001418, 0.056694
1.156000, 0.001461, 0.047795
1.157000, 0.001497, 0.039465
1.158000, 0.001524, 0.031684
1.159000, 0.001545, 0.024431
1.160000, 0.001560, 0.017687
1.161000, 0.001568, 0.011432
1.162000, 0.001571, 0.005645
1.163000, 0.001568, 0.000308
1.164000, 0.001561, -0.004600
1.165000, 0.001550, -0.009098
1.166000, 0.001535, -0.013206
1.167000, 0.001516, -0.016940
1.168000, 0.001494, -0.020321
1.169000, 0.001469, -0.023366
1.170000, 0.001441, -0.026093
1.171000, 0.001412, -0.028519
1.172000, 0.001380, -0.030660
1.173000, 0.001346, -0.032533
1.174000, 0.001311, -0.034154
1.175000, 0.001275, -0.035537
1.176000, 0.001238, -0.036699
1.177000, 0.001200, -0.037652
1.178000, 0.001161, -0.038412
1.179000, 0.001122, -0.038990
1.180000, 0.001082, -0.039400
1.181000, 0.001042, -0.039655
1.182000, 0.001003, -0.039766
1.183000, 0.000963, -0.039743
1.184000, 0.000923, -0.039599
1.185000, 0.000884, -0.039343
1.186000, 0.000845, -0.038985
1.187000, 0.000807, -0.038535
1.188000, 0.000769, -0.038001
1.189000, 0.000732, -0.037391
1.190000, 0.000696, -0.036715
1.191000, 0.000660, -0.035978
1.192000, 0.000625, -0.035189
1.193000, 0.000591, -0.034354
1.194000, 0.000558, -0.033479
1.195000, 0.000526, -0.032571
1.196000, 0.000495, -0.031634
1.197000, 0.000465, -0.030674
1.198000, 0.000436, -0.029696
1.199000, 0.000408, -0.028705
1.200000, 0.000380, -0.027704
1.201000, 0.000354, -0.026697
1.202000, 0.000329, -0.025689
1.203000, 0.000305, -0.024681
1.204000, 0.000282, -0.023678
1.205000, 0.000259, -0.022683
1.206000, 0.000238, -0.021697
1.207000, 0.000218, -0.020722
1.208000, 0.000199, -0.019762
1.209000, 0.000180, -0.018818
1.210000, 0.000163, -0.017891
1.211000, 0.000146, -0.016983
1.212000, 0.000131, -0.016096
1.213000, 0.000116, -0.015230
1.214000, 0.000102, -0.014386
1.215000, 0.000089, -0.013566
1.216000, 0.000076, -0.012769
1.217000, 0.000065, -0.011997
1.218000, 0.000054, -0.011250
1.219000, 0.000044, -0.010528
1.220000, 0.000034, -0.009831
1.221000, 0.000025, -0.009160
1.222000, 0.000017, -0.008515
1.223000, 0.000010, -0.007895
1.224000, 0.000003, -0.007300
1.225000, -0.000004, -0.006731
1.226000, -0.000010, -0.006186
1.227000, -0.000015, -0.005667
1.228000, -0.000020, -0.005171
1.229000, -0.000024, -0.004700
1.230000, -0.000028, -0.004251
1.231000, -0.000032, -0.003826
1.232000, -0.000035, -0.003423
1.233000, -0.000038, -0.003042
1.234000, -0.000041, -0.002682
1.235000, -0.000043, -0.002343
1.236000, -0.000045, -0.002023
1.237000, -0.000046, -0.001724
1.238000, -0.000048, -0.001443
1.239000, -0.000049, -0.001180
1.240000, -0.000049, -0.000935
1.241000, -0.000050, -0.000706
1.242000, -0.000050, -0.000494
1.243000, -0.000051, -0.000297
1.244000, -0.000051, -0.000116
1.245000, -0.000051, 0.000052
1.246000, -0.000050, 0.000206
1.247000, -0.000050, 0.000346
1.248000, -0.000049, 0.000475
1.249000, -0.000049, 0.000591
1.250000, -0.000048, 0.000696
1.251000, -0.000047, 0.000791
1.252000, -0.000046, 0.000875
1.253000, -0.000045, 0.000950
1.254000, -0.000044, 0.001016
1.255000, -0.000043, 0.001074
1.256000, -0.000042, 0.001123
1.257000, -0.000041, 0.001165
1.258000, -0.000039, 0.001200
1.259000, -0.000038, 0.001229
1.260000, -0.000037, 0.001251
1.261000, -0.000036, 0.001268
1.262000, -0.000034, 0.001279
1.263000, -0.000033, 0.001286
1.264000, -0.000032, 0.001288
1.265000, -0.000031, 0.001285
1.266000, -0.000029, 0.001279
1.267000, -0.000028, 0.001270
1.268000, -0.000027, 0.001257
1.269000, -0.000025, 0.001241
1.270000, -0.000024, 0.001223
1.271000, -0.000023, 0.001203
1.272000, -0.000022, 0.001180
1.273000, -0.000021, 0.001155
1.274000, -0.000020, 0.001129
1.275000, -0.000019, 0.001102
1.276000, -0.000018, 0.001073
1.277000, -0.000016, 0.001043
1.278000, -0.000015, 0.001013
1.279000, -0.000015, 0.000981
1.280000, -0.000014, 0.000950
1.281000, -0.000013, 0.000917
1.282000, -0.000012, 0.000885
1.283000, -0.000011, 0.000852
1.284000, -0.000010, 0.000820
1.285000, -0.000009, 0.000787
1.286000, -0.000009, 0.000755
1.287000, -0.000008, 0.000723
1.288000, -0.000007, 0.000691
1.289000, -0.000007, 0.000660
1.290000, -0.000006, 0.000629
1.291000, -0.000005, 0.000598
1.292000, -0.000005, 0.000569
1.293000, -0.000004, 0.000539
1.294000, -0.000004, 0.000511
1.295000, -0.000003, 0.000483
1.296000, -0.000003, 0.000456
1.297000, -0.000003, 0.000430
1.298000, -0.000002, 0.000404
1.299000, -0.000002, 0.000380
1.300000, -0.000001, 0.000356
1.301000, -0.000001, 0.000333
1.302000, -0.000001, 0.000311
1.303000, -0.000001, 0.000289
1.304000, -0.000000, 0.000269
1.305000, -0.000000, 0.000249
1.306000, 0.000000, 0.000230
1.307000, 0.000000, 0.000212
1.308000, 0.000001, 0.000194
1.309000, 0.000001, 0.000178
1.310000, 0.000001, 0.000162
1.311000, 0.000001, 0.000147
1.312000, 0.000001, 0.000133
1.313000, 0.000001, 0.000119
1.314000, 0.000001, 0.000107
1.315000, 0.000001, 0.000095
1.316000, 0.000002, 0.000083
1.317000, 0.000002, 0.000072
1.318000, 0.000002, 0.000062
1.319000, 0.000002, 0.000053
1.320000, 0.000002, 0.000044
1.321000, 0.000002, 0.000036
1.322000, 0.000002, 0.000028
1.323000, 0.000002, 0.000021
1.324000, 0.000002, 0.000014
1.325000, 0.000002, 0.000008
1.326000, 0.000002, 0.000002
1.327000, 0.000002, -0.000003
1.328000, 0.000002, -0.000008
1.329000, 0.000002, -0.000012
1.330000, 0.000002, -0.000016
1.331000, 0.000002, -0.000020
1.332000, 0.000002, -0.000023
1.333000, 0.000002, -0.000026
1.334000, 0.000002, -0.000029
1.335000, 0.000002, -0.000031
1.336000, 0.000002, -0.000033
1.337000, 0.000002, -0.000035
1.338000, 0.000002, -0.000036
1.339000, 0.000002, -0.000038
1.340000, 0.000001, -0.000039
1.341000, 0.000001, -0.000040
1.342000, 0.000001, -0.000040
1.343000, 0.000001, -0.000041
1.344000, 0.000001, -0.000041
1.345000, 0.000001, -0.000041
1.346000, 0.000001, -0.000041
1.347000, 0.000001, -0.000041
1.348000, 0.000001, -0.000041
1.349000, 0.000001, -0.000041
1.350000, 0.000001, -0.000040
1.351000, 0.000001, -0.000040
1.352000, 0.000001, -0.000039
1.353000, 0.000001, -0.000038
1.354000, 0.000001, -0.000038
1.355000, 0.000001, -0.000037
1.356000, 0.000001, -0.000036
1.357000, 0.000001, -0.000035
1.358000, 0.000001, -0.000034
1.359000, 0.000001, -0.000033
1.360000, 0.000001, -0.000032
1.361000, 0.000001, -0.000031
1.362000, 0.000001, -0.000030
1.363000, 0.000001, -0.000029
1.364000, 0.000001, -0.000028
1.365000, 0.000001, -0.000027
1.366000, 0.000001, -0.000026
1.367000, 0.000001, -0.000025
1.368000, 0.000000, -0.000024
1.369000, 0.000000, -0.000023
1.370000, 0.000000, -0.000022
1.371000, 0.000000, -0.000021
1.372000, 0.000000, -0.000020
1.373000, 0.000000, -0.000019
1.374000, 0.000000, -0.000018
1.375000, 0.000000, -0.000017
1.376000, 0.000000, -0.000016
1.377000, 0.000000, -0.000015
1.378000, 0.000000, -0.000014
1.379000, 0.000000, -0.000014
1.380000, 0.000000, -0.000013
1.381000, 0.000000, -0.000012
1.382000, 0.000000, -0.000011
1.383000, 0.000000, -0.000010
1.384000, 0.000000, -0.000010
1.385000, 0.000000, -0.000009
1.386000, 0.000000, -0.000008
1.387000, 0.000000, -0.000008
1.388000, 0.000000, -0.000007
1.389000, 0.000000, -0.000007
1.390000, 0.000000, -0.000006
1.391000, 0.000000, -0.000006
1.392000, 0.000000, -0.000005
1.393000, 0.000000, -0.000005
1.394000, 0.000000, -0.000004
1.395000, 0.000000, -0.000004
1.396000, 0.000000, -0.000003
1.397000, 0.000000, -0.000003
1.398000, 0.000000, -0.000003
1.399000, 0.000000, -0.000002
1.400000, 0.000000, -0.000002
1.401000, 0.000000, -0.000002
1.402000, 0.000000, -0.000001
1.403000, 0.000000, -0.000001
1.404000, 0.000000, -0.000001
1.405000, 0.000000, -0.000001
1.406000, 0.000000, -0.000000
1.407000, 0.000000, -0.000000
1.408000, 0.000000, -0.000000
1.409000, 0.000000, 0.000000
1.410000, 0.000000, 0.000000
1.411000, 0.000000, 0.000000
1.412000, 0.000000, 0.000000
1.413000, 0.000000, 0.000001
1.414000, 0.000000, 0.000001
1.415000, 0.000000, 0.000001
1.416000, 0.000000, 0.000001
1.417000, 0.000000, 0.000001
1.418000, 0.000000, 0.000001
1.419000, 0.000000, 0.000001
1.420000, 0.000000, 0.000001
1.421000, 0.000000, 0.000001
1.422000, 0.000000, 0.000001
1.423000, 0.000000, 0.000001
1.424000, 0.000000, 0.000001
1.425000, 0.000000, 0.000001
1.426000, 0.000000, 0.000001
1.427000, 0.000000, 0.000001
1.428000, 0.000000, 0.000001
1.429000, 0.000000, 0.000001
1.430000, 0.000000, 0.000001
1.431000, 0.000000, 0.000001
1.432000, 0.000000, 0.000001
1.433000, 0.000000, 0.000001
1.434000, 0.000000, 0.000001
1.435000, 0.000000, 0.000001
1.436000, 0.000000, 0.000001
1.437000, 0.000000, 0.000001
1.438000, 0.000000, 0.000001
1.439000, 0.000000, 0.000001
1.440000, 0.000000, 0.000001
1.441000, 0.000000, 0.000001
1.442000, 0.000000, 0.000001
1.443000, 0.000000, 0.000001
1.444000, 0.000000, 0.000001
1.445000, 0.000000, 0.000001
1.446000, 0.000000, 0.000001
1.447000, 0.000000, 0.000001
1.448000, 0.000000, 0.000001
1.449000, 0.000000, 0.000001
1.450000, 0.000000, 0.000001
1.451000, 0.000000, 0.000001
1.452000, 0.000000, 0.000001
1.453000, 0.000000, 0.000000
1.454000, 0.000000, 0.000000
1.455000, 0.000000, 0.000000
1.456000, 0.000000, 0.000000
1.457000, 0.000000, 0.000000
1.458000, 0.000000, 0.000000
1.459000, 0.000000, 0.000000
1.460000, 0.000000, 0.000000
1.461000, 0.000000, 0.000000
1.462000, 0.000000, 0.000000
1.463000, 0.000000, 0.000000
1.464000, 0.000000, 0.000000
1.465000, 0.000000, 0.000000
1.466000, 0.000000, 0.000000
1.467000, 0.000000, 0.000000
1.468000, 0.000000, 0.000000
1.469000, 0.000000, 0.000000
1.470000, 0.000000, 0.000000
1.471000, 0.000000, -0.000000
1.472000, 0.000000, -0.000000
1.473000, 0.000000, -0.000000
1.474000, 0.000000, -0.000000
1.475000, 0.000000, -0.000000
1.476000, 0.000000, -0.000000
1.477000, 0.000000, -0.000000
1.478000, 0.000000, -0.000000
1.479000, 0.000000, -0.000000
1.480000, 0.000000, -0.000000
1.481000, 0.000000, -0.000000
1.482000, 0.000000, -0.000000
1.483000, 0.000000, -0.000000
1.484000, 0.000000, -0.000000
1.485000, 0.000000, -0.000000
1.486000, 0.000000, -0.000000
1.487000, 0.000000, -0.000000
1.488000, 0.000000, -0.000000
1.489000, 0.000000, -0.000000
1.490000, 0.000000, -0.000000
1.491000, 0.000000, -0.000000
1.492000, 0.000000, -0.000000
1.493000, 0.000000, -0.000000
1.494000, 0.000000, -0.000000
1.495000, 0.000000, -0.000000
1.496000, 0.000000, -0.000000
1.497000, 0.000000, -0.000000
1.498000, 0.000000, -0.000000
1.499000, 0.000000, -0.000000
1.500000, 0.000000, -0.000000
1.501000, 0.000000, -0.000000
1.502000, 0.000000, -0.000000
1.503000, 0.000000, -0.000000
1.504000, 0.000000, -0.000000
1.505000, 0.000000, -0.000000
1.506000, 0.000000, -0.000000
1.507000, 0.000000, -0.000000
1.508000, 0.000000, -0.000000
1.509000, 0.000000, -0.000000
1.510000, 0.000000, -0.000000
1.511000, 0.000000, -0.000000
1.512000, 0.000000, -0.000000
1.513000, 0.000000, -0.000000
1.514000, 0.000000, -0.000000
1.515000, 0.000000, -0.000000
1.516000, 0.000000, -0.000000
1.517000, 0.000000, -0.000000
1.518000, 0.000000, -0.000000
1.519000, 0.000000, -0.000000
1.520000, 0.000000, -0.000000
1.521000, 0.000000, -0.000000
1.522000, 0.000000, -0.000000
1.523000, 0.000000, -0.000000
1.524000, 0.000000, -0.000000
1.525000, 0.000000, -0.000000
1.526000, 0.000000, -0.000000
1.527000, 0.000000, -0.000000
1.528000, 0.000000, -0.000000
1.529000, 0.000000, -0.000000
1.530000, 0.000000, -0.000000
1.531000, 0.000000, -0.000000
1.532000, 0.000000, -0.000000
1.533000, 0.000000, -0.000000
1.534000, 0.000000, -0.000000
1.535000, 0.000000, -0.000000
1.536000, 0.000000, -0.000000
1.537000, 0.000000, -0.000000
1.538000, 0.000000, -0.000000
1.539000, 0.000000, -0.000000
1.540000, 0.000000, -0.000000
1.541000, 0.000000, -0.000000
1.542000, 0.000000, -0.000000
1.543000, 0.000000, -0.000000
1.544000, 0.000000, -0.000000
1.545000, 0.000000, -0.000000
1.546000, 0.000000, -0.000000
1.547000, 0.000000, -0.000000
1.548000, 0.000000, -0.000000
1.549000, 0.000000, -0.000000
1.550000, 0.000000, -0.000000
1.551000, 0.000000, -0.000000
1.552000, 0.000000, -0.000000
1.553000, 0.000000, -0.000000
1.554000, 0.000000, -0.000000
1.555000, 0.000000, -0.000000
1.556000, 0.000000, -0.000000
1.557000, 0.000000, -0.000000
1.558000, 0.000000, -0.000000
1.559000, 0.000000, -0.000000
1.560000, 0.000000, -0.000000
1.561000, 0.000000, -0.000000
1.562000, 0.000000, -0.000000
1.563000, 0.000000, -0.000000
1.564000, 0.000000, -0.000000
1.565000, 0.000000, -0.000000
1.566000, 0.000000, -0.000000
1.567000, 0.000000, -0.000000
1.568000, 0.000000, -0.000000
1.569000, 0.000000, -0.000000
1.570000, 0.000000, -0.000000
1.571000, 0.000000, -0.000000
1.572000, 0.000000, -0.000000
1.573000, 0.000000, -0.000000
1.574000, 0.000000, -0.000000
1.575000, 0.000000, -0.000000
1.576000, 0.000000, -0.000000
1.577000, 0.000000, -0.000000
1.578000, 0.000000, -0.000000
1.579000, 0.000000, -0.000000
1.580000, 0.000000, -0.000000
1.581000, 0.000000, -0.000000
1.582000, 0.000000, -0.000000
1.583000, 0.000000, -0.000000
1.584000, 0.000000, -0.000000
1.585000, 0.000000, -0.000000
1.586000, 0.000000, -0.000000
1.587000, 0.000000, -0.000000
1.588000, 0.000000, -0.000000
1.589000, 0.000000, -0.000000
1.590000, 0.000000, -0.000000
1.591000, 0.000000, -0.000000
1.592000, 0.000000, -0.000000
1.593000, 0.000000, -0.000000
1.594000, 0.000000, -0.000000
1.595000, 0.000000, -0.000000
1.596000, 0.000000, -0.000000
1.597000, 0.000000, -0.000000
1.598000, 0.000000, -0.000000
1.599000, 0.000000, -0.000000
1.600000, 0.000000, -0.000000
1.601000, 0.000000, -0.000000
1.602000, 0.000000, -0.000000
1.603000, 0.000000, -0.000000
1.604000, 0.000000, -0.000000
1.605000, 0.000000, -0.000000
1.606000, 0.000000, -0.000000
1.607000, 0.000000, -0.000000
1.608000, 0.000000, -0.000000
1.609000, 0.000000, -0.000000
1.610000, 0.000000, -0.000000
1.611000, 0.000000, -0.000000
1.612000, 0.000000, -0.000000
1.613000, 0.000000, -0.000000
1.614000, 0.000000, -0.000000
1.615000, 0.000000, -0.000000
1.616000, 0.000000, -0.000000
1.617000, 0.000000, -0.000000
1.618000, 0.000000, -0.000000
1.619000, 0.000000, -0.000000
1.620000, 0.000000, -0.000000
1.621000, 0.000000, -0.000000
1.622000, 0.000000, -0.000000
1.623000, 0.000000, -0.000000
1.624000, 0.000000, -0.000000
1.625000, 0.000000, -0.000000
1.626000, 0.000000, -0.000000
1.627000, 0.000000, -0.000000
1.628000, 0.000000, -0.000000
1.629000, 0.000000, -0.000000
1.630000, 0.000000, -0.000000
1.631000, 0.000000, -0.000000
1.632000, 0.000000, -0.000000
1.633000, 0.000000, -0.000000
1.634000, 0.000000, -0.000000
1.635000, 0.000000, -0.000000
1.636000, 0.000000, -0.000000
1.637000, 0.000000, -0.000000
1.638000, 0.000000, -0.000000
1.639000, 0.000000, -0.000000
1.640000, 0.000000, -0.000000
1.641000, 0.000000, -0.000000
1.642000, 0.000000, -0.000000
1.643000, 0.000000, -0.000000
1.644000, 0.000000, -0.000000
1.645000, 0.000000, -0.000000
1.646000, 0.000000, -0.000000
1.647000, 0.000000, -0.000000
1.648000, 0.000000, -0.000000
1.649000, 0.000000, -0.000000
1.650000, 0.000000, -0.000000
1.651000, 0.000000, -0.000000
1.652000, 0.000000, -0.000000
1.653000, 0.000000, -0.000000
1.654000, 0.000000, -0.000000
1.655000, 0.000000, -0.000000
1.656000, 0.000000, -0.000000
1.657000, 0.000000, -0.000000
1.658000, 0.000000, -0.000000
1.659000, 0.000000, -0.000000
1.660000, 0.000000, -0.000000
1.661000, 0.000000, -0.000000
1.662000, 0.000000, -0.000000
1.663000, 0.000000, -0.000000
1.664000, 0.000000, -0.000000
1.665000, 0.000000, -0.000000
1.666000, 0.000000, -0.000000
1.667000, 0.000000, -0.000000
1.668000, 0.000000, -0.000000
1.669000, 0.000000, -0.000000
1.670000, 0.000000, -0.000000
1.671000, 0.000000, -0.000000
1.672000, 0.000000, -0.000000
1.673000, 0.000000, -0.000000
1.674000, 0.000000, -0.000000
1.675000, 0.000000, -0.000000
1.676000, 0.000000, -0.000000
1.677000, 0.000000, -0.000000
1.678000, 0.000000, -0.000000
1.679000, 0.000000, -0.000000
1.680000, 0.000000, -0.000000
1.681000, 0.000000, -0.000000
1.682000, 0.000000, -0.000000
1.683000, 0.000000, -0.000000
1.684000, 0.000000, -0.000000
1.685000, 0.000000, -0.000000
1.686000, 0.000000, -0.000000
1.687000, 0.000000, -0.000000
1.688000, 0.000000, -0.000000
1.689000, 0.000000, -0.000000
1.690000, 0.000000, -0.000000
1.691000, 0.000000, -0.000000
1.692000, 0.000000, -0.000000
1.693000, 0.000000, -0.000000
1.694000, 0.000000, -0.000000
1.695000, 0.000000, -0.000000
1.696000, 0.000000, -0.000000
1.697000, 0.000000, -0.000000
1.698000, 0.000000, -0.000000
1.699000, 0.000000, -0.000000
1.700000, 0.000000, -0.000000
1.701000, 0.000000, -0.000000
1.702000, 0.000000, -0.000000
1.703000, 0.000000, -0.000000
1.704000, 0.000000, -0.000000
1.705000, 0.000000, -0.000000
1.706000, 0.000000, -0.000000
1.707000, 0.000000, -0.000000
1.708000, 0.000000, -0.000000
1.709000, 0.000000, -0.000000
1.710000, 0.000000, -0.000000
1.711000, 0.000000, -0.000000
1.712000, 0.000000, -0.000000
1.713000, 0.000000, -0.000000
1.714000, 0.000000, -0.000000
1.715000, 0.000000, -0.000000
1.716000, 0.000000, -0.000000
1.717000, 0.000000, -0.000000
1.718000, 0.000000, -0.000000
1.719000, 0.000000, -0.000000
1.720000, 0.000000, -0.000000
1.721000, 0.000000, -0.000000
1.722000, 0.000000, -0.000000
1.723000, 0.000000, -0.000000
1.724000, 0.000000, -0.000000
1.725000, 0.000000, -0.000000
1.726000, 0.000000, -0.000000
1.727000, 0.000000, -0.000000
1.728000, 0.000000, -0.000000
1.729000, 0.000000, -0.000000
1.730000, 0.000000, -0.000000
1.731000, 0.000000, -0.000000
1.732000, 0.000000, -0.000000
1.733000, 0.000000, -0.000000
1.734000, 0.000000, -0.000000
1.735000, 0.000000, -0.000000
1.736000, 0.000000, -0.000000
1.737000, 0.000000, -0.000000
1.738000, 0.000000, -0.000000
1.739000, 0.000000, -0.000000
1.740000, 0.000000, -0.000000
1.741000, 0.000000, -0.000000
1.742000, 0.000000, -0.000000
1.743000, 0.000000, -0.000000
1.744000, 0.000000, -0.000000
1.745000, 0.000000, -0.000000
1.746000, 0.000000, -0.000000
1.747000, 0.000000, -0.000000
1.748000, 0.000000, -0.000000
1.749000, 0.000000, -0.000000
1.750000, 0.000000, -0.000000
1.751000, 0.000000, -0.000000
1.752000, 0.000000, -0.000000
1.753000, 0.000000, -0.000000
1.754000, 0.000000, -0.000000
1.755000, 0.000000, -0.000000
1.756000, 0.000000, -0.000000
1.757000, 0.000000, -0.000000
1.758000, 0.000000, -0.000000
1.759000, 0.000000, -0.000000
1.760000, 0.000000, -0.000000
1.761000, 0.000000, -0.000000
1.762000, 0.000000, -0.000000
1.763000, 0.000000, -0.000000
1.764000, 0.000000, -0.000000
1.765000, 0.000000, -0.000000
1.766000, 0.000000, -0.000000
1.767000, 0.000000, -0.000000
1.768000, 0.000000, -0.000000
1.769000, 0.000000, -0.000000
1.770000, 0.000000, -0.000000
1.771000, 0.000000, -0.000000
1.772000, 0.000000, -0.000000
1.773000, 0.000000, -0.000000
1.774000, 0.000000, -0.000000
1.775000, 0.000000, -0.000000
1.776000, 0.000000, -0.000000
1.777000, 0.000000, -0.000000
1.778000, 0.000000, -0.000000
1.779000, 0.000000, -0.000000
1.780000, 0.000000, -0.000000
1.781000, 0.000000, -0.000000
1.782000, 0.000000, -0.000000
1.783000, 0.000000, -0.000000
1.784000, 0.000000, -0.000000
1.785000, 0.000000, -0.000000
1.786000, 0.000000, -0.000000
1.787000, 0.000000, -0.000000
1.788000, 0.000000, -0.000000
1.789000, 0.000000, -0.000000
1.790000, 0.000000, -0.000000
1.791000, 0.000000, -0.000000
1.792000, 0.000000, -0.000000
1.793000, 0.000000, -0.000000
1.794000, 0.000000, -0.000000
1.795000, 0.000000, -0.000000
1.796000, 0.000000, -0.000000
1.797000, 0.000000, -0.000000
1.798000, 0.000000, -0.000000
1.799000, 0.000000, -0.000000
1.800000, 0.000000, -0.000000
1.801000, 0.000000, -0.000000
1.802000, 0.000000, -0.000000
1.803000, 0.000000, -0.000000
1.804000, 0.000000, -0.000000
1.805000, 0.000000, -0.000000
1.806000, 0.000000, -0.000000
1.807000, 0.000000, -0.000000
1.808000, 0.000000, -0.000000
1.809000, 0.000000, -0.000000
1.810000, 0.000000, -0.000000
1.811000, 0.000000, -0.000000
1.812000, 0.000000, -0.000000
1.813000, 0.000000, -0.000000
1.814000, 0.000000, -0.000000
1.815000, 0.000000, -0.000000
1.816000, 0.000000, -0.000000
1.817000, 0.000000, -0.000000
1.818000, 0.000000, -0.000000
1.819000, 0.000000, -0.000000
1.820000, 0.000000, -0.000000
1.821000, 0.000000, -0.000000
1.822000, 0.000000, -0.000000
1.823000, 0.000000, -0.000000
1.824000, 0.000000, -0.000000
1.825000, 0.000000, -0.000000
1.826000, 0.000000, -0.000000
1.827000, 0.000000, -0.000000
1.828000, 0.000000, -0.000000
1.829000, 0.000000, -0.000000
1.830000, 0.000000, -0.000000
1.831000, 0.000000, -0.000000
1.832000, 0.000000, -0.000000
1.833000, 0.000000, -0.000000
1.834000, 0.000000, -0.000000
1.835000, 0.000000, -0.000000
1.836000, 0.000000, -0.000000
1.837000, 0.000000, -0.000000
1.838000, 0.000000, -0.000000
1.839000, 0.000000, -0.000000
1.840000, 0.000000, -0.000000
1.841000, 0.000000, -0.000000
1.842000, 0.000000, -0.000000
1.843000, 0.000000, -0.000000
1.844000, 0.000000, -0.000000
1.845000, 0.000000, -0.000000
1.846000, 0.000000, -0.000000
1.847000, 0.000000, -0.000000
1.848000, 0.000000, -0.000000
1.849000, 0.000000, -0.000000
1.850000, 0.000000, -0.000000
1.851000, 0.000000, -0.000000
1.852000, 0.000000, -0.000000
1.853000, 0.000000, -0.000000
1.854000, 0.000000, -0.000000
1.855000, 0.000000, -0.000000
1.856000, 0.000000, -0.000000
1.857000, 0.000000, -0.000000
1.858000, 0.000000, -0.000000
1.859000, 0.000000, -0.000000
1.860000, 0.000000, -0.000000
1.861000, 0.000000, -0.000000
1.862000, 0.000000, -0.000000
1.863000, 0.000000, -0.000000
1.864000, 0.000000, -0.000000
1.865000, 0.000000, -0.000000
1.866000, 0.000000, -0.000000
1.867000, 0.000000, -0.000000
1.868000, 0.000000, -0.000000
1.869000, 0.000000, -0.000000
1.870000, 0.000000, -0.000000
1.871000, 0.000000, -0.000000
1.872000, 0.000000, -0.000000
1.873000, 0.000000, -0.000000
1.874000, 0.000000, -0.000000
1.875000, 0.000000, -0.000000
1.876000, 0.000000, -0.000000
1.877000, 0.000000, -0.000000
1.878000, 0.000000, -0.000000
1.879000, 0.000000, -0.000000
1.880000, 0.000000, -0.000000
1.881000, 0.000000, -0.000000
1.882000, 0.000000, -0.000000
1.883000, 0.000000, -0.000000
1.884000, 0.000000, -0.000000
1.885000, 0.000000, -0.000000
1.886000, 0.000000, -0.000000
1.887000, 0.000000, -0.000000
1.888000, 0.000000, -0.000000
1.889000, 0.000000, -0.000000
1.890000, 0.000000, -0.000000
1.891000, 0.000000, -0.000000
1.892000, 0.000000, -0.000000
1.893000, 0.000000, -0.000000
1.894000, 0.000000, -0.000000
1.895000, 0.000000, -0.000000
1.896000, 0.000000, -0.000000
1.897000, 0.000000, -0.000000
1.898000, 0.000000, -0.000000
1.899000, 0.000000, -0.000000
1.900000, 0.000000, -0.000000
1.901000, 0.000000, -0.000000
1.902000, 0.000000, -0.000000
1.903000, 0.000000, -0.000000
1.904000, 0.000000, -0.000000
1.905000, 0.000000, -0.000000
1.906000, 0.000000, -0.000000
1.907000, 0.000000, -0.000000
1.908000, 0.000000, -0.000000
1.909000, 0.000000, -0.000000
1.910000, 0.000000, -0.000000
1.911000, 0.000000, -0.000000
1.912000, 0.000000, -0.000000
1.913000, 0.000000, -0.000000
1.914000, 0.000000, -0.000000
1.915000, 0.000000, -0.000000
1.916000, 0.000000, -0.000000
1.917000, 0.000000, -0.000000
1.918000, 0.000000, -0.000000
1.919000, 0.000000, -0.000000
1.920000, 0.000000, -0.000000
1.921000, 0.000000, -0.000000
1.922000, 0.000000, -0.000000
1.923000, 0.000000, -0.000000
1.924000, 0.000000, -0.000000
1.925000, 0.000000, -0.000000
1.926000, 0.000000, -0.000000
1.927000, 0.000000, -0.000000
1.928000, 0.000000, -0.000000
1.929000, 0.000000, -0.000000
1.930000, 0.000000, -0.000000
1.931000, 0.000000, -0.000000
1.932000, 0.000000, -0.000000
1.933000, 0.000000, -0.000000
1.934000, 0.000000, -0.000000
1.935000, 0.000000, -0.000000
1.936000, 0.000000, -0.000000
1.937000, 0.000000, -0.000000
1.938000, 0.000000, -0.000000
1.939000, 0.000000, -0.000000
1.940000, 0.000000, -0.000000
1.941000, 0.000000, -0.000000
1.942000, 0.000000, -0.000000
1.943000, 0.000000, -0.000000
1.944000, 0.000000, -0.000000
1.945000, 0.000000, -0.000000
1.946000, 0.000000, -0.000000
1.947000, 0.000000, -0.000000
1.948000, 0.000000, -0.000000
1.949000, 0.000000, -0.000000
1.950000, 0.000000, -0.000000
1.951000, 0.000000, -0.000000
1.952000, 0.000000, -0.000000
1.953000, 0.000000, -0.000000
1.954000, 0.000000, -0.000000
1.955000, 0.000000, -0.000000
1.956000, 0.000000, -0.000000
1.957000, 0.000000, -0.000000
1.958000, 0.000000, -0.000000
1.959000, 0.000000, -0.000000
1.960000, 0.000000, -0.000000
1.961000, 0.000000, -0.000000
1.962000, 0.000000, -0.000000
1.963000, 0.000000, -0.000000
1.964000, 0.000000, -0.000000
1.965000, 0.000000, -0.000000
1.966000, 0.000000, -0.000000
1.967000, 0.000000, -0.000000
1.968000, 0.000000, -0.000000
1.969000, 0.000000, -0.000000
1.970000, 0.000000, -0.000000
1.971000, 0.000000, -0.000000
1.972000, 0.000000, -0.000000
1.973000, 0.000000, -0.000000
1.974000, 0.000000, -0.000000
1.975000, 0.000000, -0.000000
1.976000, 0.000000, -0.000000
1.977000, 0.000000, -0.000000
1.978000, 0.000000, -0.000000
1.979000, 0.000000, -0.000000
1.980000, 0.000000, -0.000000
1.981000, 0.000000, -0.000000
1.982000, 0.000000, -0.000000
1.983000, 0.000000, -0.000000
1.984000, 0.000000, -0.000000
1.985000, 0.000000, -0.000000
1.986000, 0.000000, -0.000000
1.987000, 0.000000, -0.000000
1.988000, 0.000000, -0.000000
1.989000, 0.000000, -0.000000
1.990000, 0.000000, -0.000000
1.991000, 0.000000, -0.000000
1.992000, 0.000000, -0.000000
1.993000, 0.000000, -0.000000
1.994000, 0.000000, -0.000000
1.995000, 0.000000, -0.000000
1.996000, 0.000000, -0.000000
1.997000, 0.000000, -0.000000
1.998000, 0.000000, -0.000000
1.999000, 0.000000, -0.000000
2.000000, 0.000000, -0.000000
2.001000, 1.500000, -0.000000
2.002000, 1.492946, -4.702393
2.003000, 1.481784, -9.008974
2.004000, 1.466881, -12.938600
2.005000, 1.448586, -16.509726
2.006000, 1.427230, -19.740399
2.007000, 1.403128, -22.648240
2.008000, 1.376576, -25.250423
2.009000, 1.347856, -27.563660
2.010000, 1.317231, -29.604176
2.011000, 1.284952, -31.387700
2.012000, 1.251252, -32.929451
2.013000, 1.216350, -34.244127
2.014000, 1.180453, -35.345906
2.015000, 1.143754, -36.248447
2.016000, 1.106431, -36.964889
2.017000, 1.068651, -37.507861
2.018000, 1.030571, -37.889494
2.019000, 0.992333, -38.121425
2.020000, 0.954072, -38.214816
2.021000, 0.915909, -38.180360
2.022000, 0.877957, -38.028298
2.023000, 0.840318, -37.768428
2.024000, 0.803087, -37.410115
2.025000, 0.766349, -36.962304
2.026000, 0.730180, -36.433529
2.027000, 0.694648, -35.831917
2.028000, 0.659817, -35.165201
2.029000, 0.625738, -34.440722
2.030000, 0.592460, -33.665442
2.031000, 0.560024, -32.845942
2.032000, 0.528464, -31.988438
2.033000, 0.497811, -31.098779
2.034000, 0.468086, -30.182459
2.035000, 0.439311, -29.244626
2.036000, 0.411498, -28.290084
2.037000, 0.384658, -27.323309
2.038000, 0.358797, -26.348455
2.039000, 0.333917, -25.369362
2.040000, 0.310017, -24.389572
2.041000, 0.287094, -23.412335
2.042000, 0.265139, -22.440625
2.043000, 0.244143, -21.477150
2.044000, 0.224095, -20.524361
2.045000, 0.204981, -19.584472
2.046000, 0.186784, -18.659464
2.047000, 0.169487, -17.751104
2.048000, 0.153071, -16.860952
2.049000, 0.137516, -15.990377
2.050000, 0.122800, -15.140566
2.051000, 0.108902, -14.312538
2.052000, 0.095797, -13.507152
2.053000, 0.083463, -12.725122
2.054000, 0.071875, -11.967022
2.055000, 0.061009, -11.233302
2.056000, 0.050839, -10.524290
2.057000, 0.041341, -9.840210
2.058000, 0.032489, -9.181184
2.059000, 0.024259, -8.547242
2.060000, 0.016625, -7.938331
2.061000, 0.009563, -7.354321
2.062000, 0.003047, -6.795013
2.063000, -0.002945, -6.260145
2.064000, -0.008439, -5.749399
2.065000, -0.013458, -5.262406
2.066000, -0.018025, -4.798750
2.067000, -0.022163, -4.357978
2.068000, -0.025893, -3.939600
2.069000, -0.029238, -3.543095
2.070000, -0.032218, -3.167918
2.071000, -0.034855, -2.813498
2.072000, -0.037167, -2.479249
2.073000, -0.039174, -2.164567
2.074000, -0.040895, -1.868837
2.075000, -0.042348, -1.591434
2.076000, -0.043550, -1.331729
2.077000, -0.044517, -1.089086
2.078000, -0.045267, -0.862869
2.079000, -0.045814, -0.652444
2.080000, -0.046174, -0.457176
2.081000, -0.046360, -0.276437
2.082000, -0.046386, -0.109605
2.083000, -0.046265, 0.043936
2.084000, -0.046010, 0.184793
2.085000, -0.045632, 0.313561
2.086000, -0.045143, 0.430828
2.087000, -0.044552, 0.537165
2.088000, -0.043871, 0.633135
2.089000, -0.043109, 0.719285
2.090000, -0.042274, 0.796148
2.091000, -0.041376, 0.864244
2.092000, -0.040422, 0.924076
2.093000, -0.039420, 0.976132
2.094000, -0.038377, 1.020887
2.095000, -0.037299, 1.058796
2.096000, -0.036193, 1.090300
2.097000, -0.035064, 1.115825
2.098000, -0.033919, 1.135781
2.099000, -0.032761, 1.150558
2.100000, -0.031595, 1.160536
2.101000, -0.030426, 1.166074
2.102000, -0.029258, 1.167519
2.103000, -0.028094, 1.165201
2.104000, -0.026937, 1.159433
2.105000, -0.025791, 1.150517
2.106000, -0.024658, 1.138738
2.107000, -0.023541, 1.124366
2.108000, -0.022442, 1.107658
2.109000, -0.021363, 1.088857
2.110000, -0.020305, 1.068193
2.111000, -0.019270, 1.045883
2.112000, -0.018260, 1.022131
2.113000, -0.017275, 0.997129
2.114000, -0.016317, 0.971058
2.115000, -0.015386, 0.944085
2.116000, -0.014484, 0.916370
2.117000, -0.013610, 0.888059
2.118000, -0.012765, 0.859290
2.119000, -0.011949, 0.830189
2.120000, -0.011163, 0.800875
2.121000, -0.010407, 0.771457
2.122000, -0.009679, 0.742034
2.123000, -0.008981, 0.712700
2.124000, -0.008312, 0.683539
2.125000, -0.007672, 0.654628
2.126000, -0.007060, 0.626035
2.127000, -0.006477, 0.597826
2.128000, -0.005920, 0.570056
2.129000, -0.005391, 0.542776
2.130000, -0.004889, 0.516032
2.131000, -0.004412, 0.489863
2.132000, -0.003960, 0.464304
2.133000, -0.003533, 0.439385
2.134000, -0.003130, 0.415130
2.135000, -0.002751, 0.391563
2.136000, -0.002393, 0.368700
2.137000, -0.002058, 0.346555
2.138000, -0.001743, 0.325138
2.139000, -0.001449, 0.304457
2.140000, -0.001175, 0.284516
2.141000, -0.000919, 0.265318
2.142000, -0.000681, 0.246860
2.143000, -0.000461, 0.229141
2.144000, -0.000257, 0.212155
2.145000, -0.000070, 0.195896
2.146000, 0.000103, 0.180355
2.147000, 0.000261, 0.165521
2.148000, 0.000405, 0.151383
2.149000, 0.000537, 0.137929
2.150000, 0.000655, 0.125144
2.151000, 0.000762, 0.113014
2.152000, 0.000858, 0.101523
2.153000, 0.000943, 0.090655
2.154000, 0.001018, 0.080392
2.155000, 0.001084, 0.070718
2.156000, 0.001141, 0.061614
2.157000, 0.001190, 0.053063
2.158000, 0.001231, 0.045045
2.159000, 0.001265, 0.037542
2.160000, 0.001292, 0.030536
2.161000, 0.001313, 0.024008
2.162000, 0.001328, 0.017938
2.163000, 0.001337, 0.012310
2.164000, 0.001342, 0.007103
2.165000, 0.001342, 0.002300
2.166000, 0.001337, -0.002117
2.167000, 0.001329, -0.006166
2.168000, 0.001317, -0.009864
2.169000, 0.001302, -0.013229
2.170000, 0.001285, -0.016277
2.171000, 0.001264, -0.019025
2.172000, 0.001242, -0.021488
2.173000, 0.001217, -0.023682
2.174000, 0.001190, -0.025623
2.175000, 0.001162, -0.027325
2.176000, 0.001132, -0.028802
2.177000, 0.001102, -0.030068
2.178000, 0.001070, -0.031136
2.179000, 0.001038, -0.032019
2.180000, 0.001005, -0.032730
2.181000, 0.000971, -0.033280
2.182000, 0.000937, -0.033681
2.183000, 0.000903, -0.033944
2.184000, 0.000869, -0.034079
2.185000, 0.000835, -0.034096
2.186000, 0.000801, -0.034005
2.187000, 0.000767, -0.033815
2.188000, 0.000734, -0.033534
2.189000, 0.000701, -0.033172
2.190000, 0.000668, -0.032735
2.191000, 0.000636, -0.032232
2.192000, 0.000605, -0.031668
2.193000, 0.000574, -0.031052
2.194000, 0.000544, -0.030389
2.195000, 0.000515, -0.029684
2.196000, 0.000486, -0.028945
2.197000, 0.000458, -0.028175
2.198000, 0.000431, -0.027380
2.199000, 0.000405, -0.026564
2.200000, 0.000380, -0.025732
2.201000, 0.000355, -0.024887
2.202000, 0.000332, -0.024033
2.203000, 0.000309, -0.023174
2.204000, 0.000287, -0.022313
2.205000, 0.000266, -0.021452
2.206000, 0.000246, -0.020594
2.207000, 0.000227, -0.019742
2.208000, 0.000208, -0.018897
2.209000, 0.000191, -0.018063
2.210000, 0.000174, -0.017240
2.211000, 0.000158, -0.016430
2.212000, 0.000142, -0.015635
2.213000, 0.000128, -0.014856
2.214000, 0.000114, -0.014094
2.215000, 0.000101, -0.013350
2.216000, 0.000089, -0.012625
2.217000, 0.000077, -0.011920
2.218000, 0.000067, -0.011235
2.219000, 0.000056, -0.010571
2.220000, 0.000047, -0.009928
2.221000, 0.000038, -0.009306
2.222000, 0.000029, -0.008706
2.223000, 0.000021, -0.008127
2.224000, 0.000014, -0.007571
2.225000, 0.000007, -0.007036
2.226000, 0.000001, -0.006522
2.227000, -0.000005, -0.006030
2.228000, -0.000010, -0.005560
2.229000, -0.000015, -0.005110
2.230000, -0.000019, -0.004681
2.231000, -0.000023, -0.004272
2.232000, -0.000027, -0.003883
2.233000, -0.000030, -0.003514
2.234000, -0.000033, -0.003164
2.235000, -0.000036, -0.002832
2.236000, -0.000038, -0.002519
2.237000, -0.000040, -0.002223
2.238000, -0.000042, -0.001944
2.239000, -0.000044, -0.001682
2.240000, -0.000045, -0.001436
2.241000, -0.000046, -0.001205
2.242000, -0.000047, -0.000990
2.243000, -0.000048, -0.000789
2.244000, -0.000048, -0.000601
2.245000, -0.000049, -0.000427
2.246000, -0.000049, -0.000266
2.247000, -0.000049, -0.000117
2.248000, -0.000049, 0.000020
2.249000, -0.000049, 0.000147
2.250000, -0.000048, 0.000262
2.251000, -0.000048, 0.000368
2.252000, -0.000047, 0.000463
2.253000, -0.000047, 0.000550
2.254000, -0.000046, 0.000628
2.255000, -0.000045, 0.000697
2.256000, -0.000045, 0.000759
2.257000, -0.000044, 0.000814
2.258000, -0.000043, 0.000861
2.259000, -0.000042, 0.000903
2.260000, -0.000041, 0.000938
2.261000, -0.000040, 0.000967
2.262000, -0.000039, 0.000991
2.263000, -0.000038, 0.001010
2.264000, -0.000037, 0.001025
2.265000, -0.000036, 0.001035
2.266000, -0.000035, 0.001041
2.267000, -0.000034, 0.001044
2.268000, -0.000033, 0.001043
2.269000, -0.000032, 0.001039
2.270000, -0.000031, 0.001033
2.271000, -0.000030, 0.001023
2.272000, -0.000029, 0.001012
2.273000, -0.000028, 0.000998
2.274000, -0.000027, 0.000982
2.275000, -0.000026, 0.000965
2.276000, -0.000025, 0.000946
2.277000, -0.000024, 0.000926
2.278000, -0.000023, 0.000905
2.279000, -0.000022, 0.000882
2.280000, -0.000021, 0.000859
2.281000, -0.000020, 0.000835
2.282000, -0.000020, 0.000811
2.283000, -0.000019, 0.000786
2.284000, -0.000018, 0.000761
2.285000, -0.000017, 0.000735
2.286000, -0.000017, 0.000710
2.287000, -0.000016, 0.000684
2.288000, -0.000015, 0.000659
2.289000, -0.000015, 0.000633
2.290000, -0.000014, 0.000608
2.291000, -0.000014, 0.000583
2.292000, -0.000013, 0.000558
2.293000, -0.000013, 0.000534
2.294000, -0.000012, 0.000510
2.295000, -0.000012, 0.000486
2.296000, -0.000011, 0.000463
2.297000, -0.000011, 0.000441
2.298000, -0.000010, 0.000419
2.299000, -0.000010, 0.000397
2.300000, -0.000009, 0.000376
2.301000, -0.000009, 0.000356
2.302000, -0.000009, 0.000336
2.303000, -0.000009, 0.000317
2.304000, -0.000008, 0.000299
2.305000, -0.000008, 0.000281
2.306000, -0.000008, 0.000264
2.307000, -0.000007, 0.000248
2.308000, -0.000007, 0.000232
2.309000, -0.000007, 0.000217
2.310000, -0.000007, 0.000202
2.311000, -0.000007, 0.000188
2.312000, -0.000006, 0.000175
2.313000, -0.000006, 0.000162
2.314000, -0.000006, 0.000150
2.315000, -0.000006, 0.000139
2.316000, -0.000006, 0.000128
2.317000, -0.000006, 0.000117
2.318000, -0.000006, 0.000108
2.319000, -0.000006, 0.000098
2.320000, -0.000006, 0.000090
2.321000, -0.000005, 0.000081
2.322000, -0.000005, 0.000073
2.323000, -0.000005, 0.000066
2.324000, -0.000005, 0.000059
2.325000, -0.000005, 0.000053
2.326000, -0.000005, 0.000047
2.327000, -0.000005, 0.000041
2.328000, -0.000005, 0.000036
2.329000, -0.000005, 0.000031
2.330000, -0.000005, 0.000027
2.331000, -0.000005, 0.000022
2.332000, -0.000005, 0.000019
2.333000, -0.000005, 0.000015
2.334000, -0.000005, 0.000012
2.335000, -0.000005, 0.000009
2.336000, -0.000005, 0.000006
2.337000, -0.000005, 0.000004
2.338000, -0.000005, 0.000002
2.339000, -0.000005, -0.000000
2.340000, -0.000005, -0.000002
2.341000, -0.000005, -0.000004
2.342000, -0.000005, -0.000005
2.343000, -0.000005, -0.000006
2.344000, -0.000005, -0.000007
2.345000, -0.000005, -0.000008
2.346000, -0.000005, -0.000009
2.347000, -0.000005, -0.000009
2.348000, -0.000005, -0.000010
2.349000, -0.000005, -0.000010
2.350000, -0.000005, -0.000010
2.351000, -0.000005, -0.000011
2.352000, -0.000005, -0.000011
2.353000, -0.000005, -0.000011
2.354000, -0.000005, -0.000010
2.355000, -0.000005, -0.000010
2.356000, -0.000005, -0.000010
2.357000, -0.000005, -0.000010
2.358000, -0.000005, -0.000009
2.359000, -0.000005, -0.000009
2.360000, -0.000005, -0.000008
2.361000, -0.000005, -0.000008
2.362000, -0.000005, -0.000007
2.363000, -0.000005, -0.000007
2.364000, -0.000005, -0.000006
2.365000, -0.000005, -0.000006
2.366000, -0.000005, -0.000005
2.367000, -0.000005, -0.000005
2.368000, -0.000005, -0.000004
2.369000, -0.000005, -0.000003
2.370000, -0.000005, -0.000003
2.371000, -0.000005, -0.000002
2.372000, -0.000005, -0.000002
2.373000, -0.000005, -0.000001
2.374000, -0.000005, -0.000000
2.375000, -0.000005, 0.000000
2.376000, -0.000005, 0.000001
2.377000, -0.000005, 0.000001
2.378000, -0.000005, 0.000002
2.379000, -0.000005, 0.000003
2.380000, -0.000005, 0.000003
2.381000, -0.000005, 0.000004
2.382000, -0.000005, 0.000004
2.383000, -0.000005, 0.000005
2.384000, -0.000005, 0.000005
2.385000, -0.000005, 0.000005
2.386000, -0.000005, 0.000006
2.387000, -0.000005, 0.000006
2.388000, -0.000005, 0.000007
2.389000, -0.000005, 0.000007
2.390000, -0.000005, 0.000007
2.391000, -0.000005, 0.000008
2.392000, -0.000005, 0.000008
2.393000, -0.000005, 0.000008
2.394000, -0.000005, 0.000009
2.395000, -0.000005, 0.000009
2.396000, -0.000005, 0.000009
2.397000, -0.000005, 0.000010
2.398000, -0.000005, 0.000010
2.399000, -0.000005, 0.000010
2.400000, -0.000005, 0.000010
2.401000, -0.000005, 0.000010
2.402000, -0.000005, 0.000011
2.403000, -0.000005, 0.000011
2.404000, -0.000005, 0.000011
2.405000, -0.000005, 0.000011
2.406000, -0.000005, 0.000011
2.407000, -0.000005, 0.000011
2.408000, -0.000005, 0.000011
2.409000, -0.000005, 0.000011
2.410000, -0.000005, 0.000011
2.411000, -0.000005, 0.000012
2.412000, -0.000005, 0.000012
2.413000, -0.000005, 0.000012
2.414000, -0.000005, 0.000012
2.415000, -0.000005, 0.000012
2.416000, -0.000005, 0.000012
2.417000, -0.000005, 0.000012
2.418000, -0.000005, 0.000012
2.419000, -0.000005, 0.000012
2.420000, -0.000005, 0.000012
2.421000, -0.000005, 0.000012
2.422000, -0.000005, 0.000012
2.423000, -0.000005, 0.000012
2.424000, -0.000005, 0.000012
2.425000, -0.000005, 0.000012
2.426000, -0.000005, 0.000012
2.427000, -0.000005, 0.000012
2.428000, -0.000005, 0.000011
2.429000, -0.000005, 0.000011
2.430000, -0.000005, 0.000011
2.431000, -0.000005, 0.000011
2.432000, -0.000005, 0.000011
2.433000, -0.000005, 0.000011
2.434000, -0.000005, 0.000011
2.435000, -0.000005, 0.000011
2.436000, -0.000005, 0.000011
2.437000, -0.000005, 0.000011
2.438000, -0.000005, 0.000011
2.439000, -0.000005, 0.000011
2.440000, -0.000005, 0.000011
2.441000, -0.000005, 0.000011
2.442000, -0.000005, 0.000011
2.443000, -0.000005, 0.000010
2.444000, -0.000005, 0.000010
2.445000, -0.000005, 0.000010
2.446000, -0.000005, 0.000010
2.447000, -0.000005, 0.000010
2.448000, -0.000005, 0.000010
2.449000, -0.000005, 0.000010
2.450000, -0.000004, 0.000010
2.451000, -0.000004, 0.000010
2.452000, -0.000004, 0.000010
2.453000, -0.000004, 0.000010
2.454000, -0.000004, 0.000010
2.455000, -0.000004, 0.000010
2.456000, -0.000004, 0.000010
2.457000, -0.000004, 0.000009
2.458000, -0.000004, 0.000009
2.459000, -0.000004, 0.000009
2.460000, -0.000004, 0.000009
2.461000, -0.000004, 0.000009
2.462000, -0.000004, 0.000009
2.463000, -0.000004, 0.000009
2.464000, -0.000004, 0.000009
2.465000, -0.000004, 0.000009
2.466000, -0.000004, 0.000009
2.467000, -0.000004, 0.000009
2.468000, -0.000004, 0.000009
2.469000, -0.000004, 0.000009
2.470000, -0.000004, 0.000009
2.471000, -0.000004, 0.000009
2.472000, -0.000004, 0.000008
2.473000, -0.000004, 0.000008
2.474000, -0.000004, 0.000008
2.475000, -0.000004, 0.000008
2.476000, -0.000004, 0.000008
2.477000, -0.000004, 0.000008
2.478000, -0.000004, 0.000008
2.479000, -0.000004, 0.000008
2.480000, -0.000004, 0.000008
2.481000, -0.000004, 0.000008
2.482000, -0.000004, 0.000008
2.483000, -0.000004, 0.000008
2.484000, -0.000004, 0.000008
2.485000, -0.000004, 0.000008
2.486000, -0.000004, 0.000008
2.487000, -0.000004, 0.000008
2.488000, -0.000004, 0.000008
2.489000, -0.000004, 0.000008
2.490000, -0.000004, 0.000008
2.491000, -0.000004, 0.000008
2.492000, -0.000004, 0.000008
2.493000, -0.000004, 0.000007
2.494000, -0.000004, 0.000007
2.495000, -0.000004, 0.000007
2.496000, -0.000004, 0.000007
2.497000, -0.000004, 0.000007
2.498000, -0.000004, 0.000007
2.499000, -0.000004, 0.000007
2.500000, -0.000004, 0.000007
2.501000, -0.000004, 0.000007
2.502000, -0.000004, 0.000007
2.503000, -0.000004, 0.000007
2.504000, -0.000004, 0.000007
2.505000, -0.000004, 0.000007
2.506000, -0.000004, 0.000007
2.507000, -0.000004, 0.000007
2.508000, -0.000004, 0.000007
2.509000, -0.000004, 0.000007
2.510000, -0.000004, 0.000007
2.511000, -0.000004, 0.000007
2.512000, -0.000004, 0.000007
2.513000, -0.000004, 0.000007
2.514000, -0.000004, 0.000007
2.515000, -0.000004, 0.000007
2.516000, -0.000004, 0.000007
2.517000, -0.000004, 0.000007
2.518000, -0.000004, 0.000007
2.519000, -0.000004, 0.000007
2.520000, -0.000004, 0.000007
2.521000, -0.000004, 0.000007
2.522000, -0.000004, 0.000007
2.523000, -0.000004, 0.000007
2.524000, -0.000004, 0.000007
2.525000, -0.000004, 0.000006
2.526000, -0.000004, 0.000006
2.527000, -0.000004, 0.000006
2.528000, -0.000004, 0.000006
2.529000, -0.000004, 0.000006
2.530000, -0.000004, 0.000006
2.531000, -0.000004, 0.000006
2.532000, -0.000004, 0.000006
2.533000, -0.000004, 0.000006
2.534000, -0.000004, 0.000006
2.535000, -0.000004, 0.000006
2.536000, -0.000004, 0.000006
2.537000, -0.000004, 0.000006
2.538000, -0.000004, 0.000006
2.539000, -0.000004, 0.000006
2.540000, -0.000004, 0.000006
2.541000, -0.000004, 0.000006
2.542000, -0.000004, 0.000006
2.543000, -0.000004, 0.000006
2.544000, -0.000004, 0.000006
2.545000, -0.000004, 0.000006
2.546000, -0.000004, 0.000006
2.547000, -0.000004, 0.000006
2.548000, -0.000004, 0.000006
2.549000, -0.000004, 0.000006
2.550000, -0.000004, 0.000006
2.551000, -0.000004, 0.000006
2.552000, -0.000004, 0.000006
2.553000, -0.000004, 0.000006
2.554000, -0.000004, 0.000006
2.555000, -0.000004, 0.000006
2.556000, -0.000004, 0.000006
2.557000, -0.000004, 0.000006
2.558000, -0.000004, 0.000006
2.559000, -0.000004, 0.000006
2.560000, -0.000004, 0.000006
2.561000, -0.000004, 0.000006
2.562000, -0.000004, 0.000006
2.563000, -0.000004, 0.000006
2.564000, -0.000004, 0.000006
2.565000, -0.000004, 0.000006
2.566000, -0.000004, 0.000006
2.567000, -0.000004, 0.000006
2.568000, -0.000004, 0.000006
2.569000, -0.000004, 0.000006
2.570000, -0.000004, 0.000006
2.571000, -0.000004, 0.000005
2.572000, -0.000004, 0.000005
2.573000, -0.000004, 0.000005
2.574000, -0.000004, 0.000005
2.575000, -0.000004, 0.000005
2.576000, -0.000004, 0.000005
2.577000, -0.000004, 0.000005
2.578000, -0.000004, 0.000005
2.579000, -0.000004, 0.000005
2.580000, -0.000004, 0.000005
2.581000, -0.000004, 0.000005
2.582000, -0.000004, 0.000005
2.583000, -0.000004, 0.000005
2.584000, -0.000004, 0.000005
2.585000, -0.000004, 0.000005
2.586000, -0.000004, 0.000005
2.587000, -0.000004, 0.000005
2.588000, -0.000004, 0.000005
2.589000, -0.000004, 0.000005
2.590000, -0.000004, 0.000005
2.591000, -0.000004, 0.000005
2.592000, -0.000004, 0.000005
2.593000, -0.000004, 0.000005
2.594000, -0.000004, 0.000005
2.595000, -0.000004, 0.000005
2.596000, -0.000004, 0.000005
2.597000, -0.000003, 0.000005
2.598000, -0.000003, 0.000005
2.599000, -0.000003, 0.000005
2.600000, -0.000003, 0.000005
2.601000, -0.000003, 0.000005
2.602000, -0.000003, 0.000005
2.603000, -0.000003, 0.000005
2.604000, -0.000003, 0.000005
2.605000, -0.000003, 0.000005
2.606000, -0.000003, 0.000005
2.607000, -0.000003, 0.000005
2.608000, -0.000003, 0.000005
2.609000, -0.000003, 0.000005
2.610000, -0.000003, 0.000005
2.611000, -0.000003, 0.000005
2.612000, -0.000003, 0.000005
2.613000, -0.000003, 0.000005
2.614000, -0.000003, 0.000005
2.615000, -0.000003, 0.000005
2.616000, -0.000003, 0.000005
2.617000, -0.000003, 0.000005
2.618000, -0.000003, 0.000005
2.619000, -0.000003, 0.000005
2.620000, -0.000003, 0.000005
2.621000, -0.000003, 0.000005
2.622000, -0.000003, 0.000005
2.623000, -0.000003, 0.000005
2.624000, -0.000003, 0.000005
2.625000, -0.000003, 0.000005
2.626000, -0.000003, 0.000005
2.627000, -0.000003, 0.000005
2.628000, -0.000003, 0.000005
2.629000, -0.000003, 0.000005
2.630000, -0.000003, 0.000005
2.631000, -0.000003, 0.000005
2.632000, -0.000003, 0.000005
2.633000, -0.000003, 0.000005
2.634000, -0.000003, 0.000005
2.635000, -0.000003, 0.000005
2.636000, -0.000003, 0.000005
2.637000, -0.000003, 0.000005
2.638000, -0.000003, 0.000005
2.639000, -0.000003, 0.000005
2.640000, -0.000003, 0.000005
2.641000, -0.000003, 0.000004
2.642000, -0.000003, 0.000004
2.643000, -0.000003, 0.000004
2.644000, -0.000003, 0.000004
2.645000, -0.000003, 0.000004
2.646000, -0.000003, 0.000004
2.647000, -0.000003, 0.000004
2.648000, -0.000003, 0.000004
2.649000, -0.000003, 0.000004
2.650000, -0.000003, 0.000004
2.651000, -0.000003, 0.000004
2.652000, -0.000003, 0.000004
2.653000, -0.000003, 0.000004
2.654000, -0.000003, 0.000004
2.655000, -0.000003, 0.000004
2.656000, -0.000003, 0.000004
2.657000, -0.000003, 0.000004
2.658000, -0.000003, 0.000004
2.659000, -0.000003, 0.000004
2.660000, -0.000003, 0.000004
2.661000, -0.000003, 0.000004
2.662000, -0.000003, 0.000004
2.663000, -0.000003, 0.000004
2.664000, -0.000003, 0.000004
2.665000, -0.000003, 0.000004
2.666000, -0.000003, 0.000004
2.667000, -0.000003, 0.000004
2.668000, -0.000003, 0.000004
2.669000, -0.000003, 0.000004
2.670000, -0.000003, 0.000004
2.671000, -0.000003, 0.000004
2.672000, -0.000003, 0.000004
2.673000, -0.000003, 0.000004
2.674000, -0.000003, 0.000004
2.675000, -0.000003, 0.000004
2.676000, -0.000003, 0.000004
2.677000, -0.000003, 0.000004
2.678000, -0.000003, 0.000004
2.679000, -0.000003, 0.000004
2.680000, -0.000003, 0.000004
2.681000, -0.000003, 0.000004
2.682000, -0.000003, 0.000004
2.683000, -0.000003, 0.000004
2.684000, -0.000003, 0.000004
2.685000, -0.000003, 0.000004
2.686000, -0.000003, 0.000004
2.687000, -0.000003, 0.000004
2.688000, -0.000003, 0.000004
2.689000, -0.000003, 0.000004
2.690000, -0.000003, 0.000004
2.691000, -0.000003, 0.000004
2.692000, -0.000003, 0.000004
2.693000, -0.000003, 0.000004
2.694000, -0.000003, 0.000004
2.695000, -0.000003, 0.000004
2.696000, -0.000003, 0.000004
2.697000, -0.000003, 0.000004
2.698000, -0.000003, 0.000004
2.699000, -0.000003, 0.000004
2.700000, -0.000003, 0.000004
2.701000, -0.000003, 0.000004
2.702000, -0.000003, 0.000004
2.703000, -0.000003, 0.000004
2.704000, -0.000003, 0.000004
2.705000, -0.000003, 0.000004
2.706000, -0.000003, 0.000004
2.707000, -0.000003, 0.000004
2.708000, -0.000003, 0.000004
2.709000, -0.000003, 0.000004
2.710000, -0.000003, 0.000004
2.711000, -0.000003, 0.000004
2.712000, -0.000003, 0.000004
2.713000, -0.000003, 0.000004
2.714000, -0.000003, 0.000004
2.715000, -0.000003, 0.000004
2.716000, -0.000003, 0.000004
2.717000, -0.000003, 0.000004
2.718000, -0.000003, 0.000004
2.719000, -0.000003, 0.000004
2.720000, -0.000003, 0.000004
2.721000, -0.000003, 0.000004
2.722000, -0.000003, 0.000004
2.723000, -0.000003, 0.000004
2.724000, -0.000003, 0.000004
2.725000, -0.000003, 0.000004
2.726000, -0.000003, 0.000004
2.727000, -0.000003, 0.000004
2.728000, -0.000003, 0.000004
2.729000, -0.000003, 0.000004
2.730000, -0.000003, 0.000004
2.731000, -0.000003, 0.000004
2.732000, -0.000003, 0.000004
2.733000, -0.000003, 0.000004
2.734000, -0.000003, 0.000004
2.735000, -0.000003, 0.000004
2.736000, -0.000003, 0.000004
2.737000, -0.000003, 0.000004
2.738000, -0.000003, 0.000004
2.739000, -0.000003, 0.000004
2.740000, -0.000003, 0.000004
2.741000, -0.000003, 0.000004
2.742000, -0.000003, 0.000004
2.743000, -0.000003, 0.000004
2.744000, -0.000003, 0.000004
2.745000, -0.000003, 0.000004
2.746000, -0.000003, 0.000004
2.747000, -0.000003, 0.000004
2.748000, -0.000003, 0.000004
2.749000, -0.000003, 0.000004
2.750000, -0.000003, 0.000004
2.751000, -0.000003, 0.000004
2.752000, -0.000003, 0.000004
2.753000, -0.000003, 0.000004
2.754000, -0.000003, 0.000004
2.755000, -0.000003, 0.000004
2.756000, -0.000003, 0.000004
2.757000, -0.000003, 0.000004
2.758000, -0.000003, 0.000004
2.759000, -0.000003, 0.000004
2.760000, -0.000003, 0.000004
2.761000, -0.000003, 0.000003
2.762000, -0.000003, 0.000003
2.763000, -0.000003, 0.000003
2.764000, -0.000003, 0.000003
2.765000, -0.000003, 0.000003
2.766000, -0.000003, 0.000003
2.767000, -0.000003, 0.000003
2.768000, -0.000003, 0.000003
2.769000, -0.000003, 0.000003
2.770000, -0.000003, 0.000003
2.771000, -0.000003, 0.000003
2.772000, -0.000003, 0.000003
2.773000, -0.000003, 0.000003
2.774000, -0.000003, 0.000003
2.775000, -0.000003, 0.000003
2.776000, -0.000003, 0.000003
2.777000, -0.000003, 0.000003
2.778000, -0.000003, 0.000003
2.779000, -0.000003, 0.000003
2.780000, -0.000003, 0.000003
2.781000, -0.000003, 0.000003
2.782000, -0.000003, 0.000003
2.783000, -0.000003, 0.000003
2.784000, -0.000003, 0.000003
2.785000, -0.000003, 0.000003
2.786000, -0.000003, 0.000003
2.787000, -0.000003, 0.000003
2.788000, -0.000003, 0.000003
2.789000, -0.000003, 0.000003
2.790000, -0.000003, 0.000003
2.791000, -0.000003, 0.000003
2.792000, -0.000003, 0.000003
2.793000, -0.000003, 0.000003
2.794000, -0.000003, 0.000003
2.795000, -0.000003, 0.000003
2.796000, -0.000003, 0.000003
2.797000, -0.000003, 0.000003
2.798000, -0.000003, 0.000003
2.799000, -0.000003, 0.000003
2.800000, -0.000003, 0.000003
2.801000, -0.000003, 0.000003
2.802000, -0.000003, 0.000003
2.803000, -0.000003, 0.000003
2.804000, -0.000003, 0.000003
2.805000, -0.000003, 0.000003
2.806000, -0.000003, 0.000003
2.807000, -0.000003, 0.000003
2.808000, -0.000003, 0.000003
2.809000, -0.000003, 0.000003
2.810000, -0.000003, 0.000003
2.811000, -0.000003, 0.000003
2.812000, -0.000003, 0.000003
2.813000, -0.000003, 0.000003
2.814000, -0.000003, 0.000003
2.815000, -0.000003, 0.000003
2.816000, -0.000003, 0.000003
2.817000, -0.000003, 0.000003
2.818000, -0.000003, 0.000003
2.819000, -0.000003, 0.000003
2.820000, -0.000003, 0.000003
2.821000, -0.000003, 0.000003
2.822000, -0.000003, 0.000003
2.823000, -0.000003, 0.000003
2.824000, -0.000003, 0.000003
2.825000, -0.000003, 0.000003
2.826000, -0.000003, 0.000003
2.827000, -0.000003, 0.000003
2.828000, -0.000003, 0.000003
2.829000, -0.000003, 0.000003
2.830000, -0.000003, 0.000003
2.831000, -0.000003, 0.000003
2.832000, -0.000003, 0.000003
2.833000, -0.000003, 0.000003
2.834000, -0.000003, 0.000003
2.835000, -0.000003, 0.000003
2.836000, -0.000003, 0.000003
2.837000, -0.000003, 0.000003
2.838000, -0.000003, 0.000003
2.839000, -0.000003, 0.000003
2.840000, -0.000003, 0.000003
2.841000, -0.000003, 0.000003
2.842000, -0.000003, 0.000003
2.843000, -0.000003, 0.000003
2.844000, -0.000003, 0.000003
2.845000, -0.000003, 0.000003
2.846000, -0.000003, 0.000003
2.847000, -0.000003, 0.000003
2.848000, -0.000003, 0.000003
2.849000, -0.000003, 0.000003
2.850000, -0.000003, 0.000003
2.851000, -0.000003, 0.000003
2.852000, -0.000003, 0.000003
2.853000, -0.000003, 0.000003
2.854000, -0.000003, 0.000003
2.855000, -0.000003, 0.000003
2.856000, -0.000003, 0.000003
2.857000, -0.000003, 0.000003
2.858000, -0.000003, 0.000003
2.859000, -0.000002, 0.000003
2.860000, -0.000002, 0.000003
2.861000, -0.000002, 0.000003
2.862000, -0.000002, 0.0