time, theta__error, theta_dot_error
0.000000, -1.500001, -0.000390
0.001000, -1.485894, 9.404146
0.002000, -1.464101, 17.663195
0.003000, -1.435648, 24.856906
0.004000, -1.401481, 31.063411
0.005000, -1.362475, 36.358404
0.006000, -1.319432, 40.814758
0.007000, -1.273086, 44.502230
0.008000, -1.224106, 47.487234
0.009000, -1.173101, 49.832711
0.010000, -1.120620, 51.598075
0.011000, -1.067160, 52.839231
0.012000, -1.013167, 53.608647
0.013000, -0.959038, 53.955460
0.014000, -0.905128, 53.925623
0.015000, -0.851747, 53.562043
0.016000, -0.799171, 52.904737
0.017000, -0.747637, 51.990974
0.018000, -0.697349, 50.855408
0.019000, -0.648482, 49.530192
0.020000, -0.601179, 48.045093
0.021000, -0.555561, 46.427581
0.022000, -0.511720, 44.702923
0.023000, -0.469730, 42.894262
0.024000, -0.429643, 41.022703
0.025000, -0.391493, 39.107395
0.026000, -0.355299, 37.165614
0.027000, -0.321062, 35.212849
0.028000, -0.288774, 33.262897
0.029000, -0.258414, 31.327952
0.030000, -0.229950, 29.418706
0.031000, -0.203342, 27.544438
0.032000, -0.178545, 25.713123
0.033000, -0.155504, 23.931516
0.034000, -0.134162, 22.205260
0.035000, -0.114456, 20.538969
0.036000, -0.096321, 18.936323
0.037000, -0.079689, 17.400154
0.038000, -0.064490, 15.932527
0.039000, -0.050654, 14.534816
0.040000, -0.038110, 13.207783
0.041000, -0.026787, 11.951639
0.042000, -0.016613, 10.766114
0.043000, -0.007521, 9.650514
0.044000, 0.000560, 8.603777
0.045000, 0.007695, 7.624524
0.046000, 0.013949, 6.711103
0.047000, 0.019386, 5.861636
0.048000, 0.024066, 5.074056
0.049000, 0.028048, 4.346143
0.050000, 0.031389, 3.675556
0.051000, 0.034141, 3.059862
0.052000, 0.036356, 2.496564
0.053000, 0.038082, 1.983124
0.054000, 0.039366, 1.516983
0.055000, 0.040251, 1.095579
0.056000, 0.040778, 0.716368
0.057000, 0.040985, 0.376832
0.058000, 0.040908, 0.074497
0.059000, 0.040581, -0.193058
0.060000, 0.040035, -0.428194
0.061000, 0.039300, -0.633200
0.062000, 0.038401, -0.810291
0.063000, 0.037364, -0.961600
0.064000, 0.036211, -1.089174
0.065000, 0.034963, -1.194972
0.066000, 0.033639, -1.280862
0.067000, 0.032256, -1.348623
0.068000, 0.030831, -1.399938
0.069000, 0.029376, -1.436399
0.070000, 0.027905, -1.459509
0.071000, 0.026429, -1.470677
0.072000, 0.024957, -1.471224
0.073000, 0.023499, -1.462386
0.074000, 0.022063, -1.445313
0.075000, 0.020654, -1.421074
0.076000, 0.019278, -1.390657
0.077000, 0.017941, -1.354976
0.078000, 0.016646, -1.314871
0.079000, 0.015397, -1.271111
0.080000, 0.014196, -1.224399
0.081000, 0.013045, -1.175377
0.082000, 0.011946, -1.124624
0.083000, 0.010899, -1.072663
0.084000, 0.009906, -1.019965
0.085000, 0.008965, -0.966948
0.086000, 0.008078, -0.913987
0.087000, 0.007243, -0.861411
0.088000, 0.006459, -0.809507
0.089000, 0.005726, -0.758526
0.090000, 0.005042, -0.708683
0.091000, 0.004406, -0.660162
0.092000, 0.003817, -0.613116
0.093000, 0.003272, -0.567670
0.094000, 0.002770, -0.523927
0.095000, 0.002309, -0.481965
0.096000, 0.001887, -0.441841
0.097000, 0.001502, -0.403597
0.098000, 0.001153, -0.367254
0.099000, 0.000838, -0.332822
0.100000, 0.000554, -0.300296
0.101000, 0.000299, -0.269660
0.102000, 0.000073, -0.240887
0.103000, -0.000128, -0.213943
0.104000, -0.000304, -0.188785
0.105000, -0.000457, -0.165365
0.106000, -0.000590, -0.143627
0.107000, -0.000704, -0.123514
0.108000, -0.000799, -0.104963
0.109000, -0.000879, -0.087911
0.110000, -0.000943, -0.072289
0.111000, -0.000994, -0.058031
0.112000, -0.001033, -0.045068
0.113000, -0.001060, -0.033331
0.114000, -0.001078, -0.022751
0.115000, -0.001086, -0.013260
0.116000, -0.001087, -0.004793
0.117000, -0.001080, 0.002718
0.118000, -0.001068, 0.009336
0.119000, -0.001050, 0.015123
0.120000, -0.001027, 0.020139
0.121000, -0.001000, 0.024443
0.122000, -0.000970, 0.028090
0.123000, -0.000938, 0.031134
0.124000, -0.000903, 0.033626
0.125000, -0.000866, 0.035614
0.126000, -0.000828, 0.037144
0.127000, -0.000790, 0.038261
0.128000, -0.000750, 0.039005
0.129000, -0.000711, 0.039415
0.130000, -0.000671, 0.039527
0.131000, -0.000632, 0.039376
0.132000, -0.000593, 0.038993
0.133000, -0.000555, 0.038407
0.134000, -0.000517, 0.037646
0.135000, -0.000481, 0.036736
0.136000, -0.000446, 0.035698
0.137000, -0.000412, 0.034556
0.138000, -0.000379, 0.033327
0.139000, -0.000348, 0.032031
0.140000, -0.000318, 0.030682
0.141000, -0.000289, 0.029297
0.142000, -0.000262, 0.027887
0.143000, -0.000236, 0.026465
0.144000, -0.000212, 0.025040
0.145000, -0.000189, 0.023624
0.146000, -0.000168, 0.022222
0.147000, -0.000147, 0.020843
0.148000, -0.000129, 0.019493
0.149000, -0.000111, 0.018176
0.150000, -0.000095, 0.016898
0.151000, -0.000080, 0.015662
0.152000, -0.000066, 0.014470
0.153000, -0.000053, 0.013326
0.154000, -0.000042, 0.012230
0.155000, -0.000031, 0.011185
0.156000, -0.000021, 0.010191
0.157000, -0.000012, 0.009248
0.158000, -0.000004, 0.008356
0.159000, 0.000003, 0.007515
0.160000, 0.000009, 0.006724
0.161000, 0.000015, 0.005983
0.162000, 0.000020, 0.005290
0.163000, 0.000024, 0.004645
0.164000, 0.000028, 0.004045
0.165000, 0.000031, 0.003489
0.166000, 0.000034, 0.002976
0.167000, 0.000036, 0.002504
0.168000, 0.000038, 0.002071
0.169000, 0.000039, 0.001675
0.170000, 0.000040, 0.001315
0.171000, 0.000041, 0.000988
0.172000, 0.000042, 0.000693
0.173000, 0.000042, 0.000428
0.174000, 0.000042, 0.000191
0.175000, 0.000042, -0.000020
0.176000, 0.000042, -0.000206
0.177000, 0.000041, -0.000369
0.178000, 0.000041, -0.000511
0.179000, 0.000040, -0.000633
0.180000, 0.000039, -0.000737
0.181000, 0.000038, -0.000825
0.182000, 0.000037, -0.000897
0.183000, 0.000036, -0.000955
0.184000, 0.000035, -0.001000
0.185000, 0.000034, -0.001034
0.186000, 0.000033, -0.001057
0.187000, 0.000032, -0.001071
0.188000, 0.000031, -0.001077
0.189000, 0.000030, -0.001076
0.190000, 0.000029, -0.001067
0.191000, 0.000028, -0.001053
0.192000, 0.000027, -0.001035
0.193000, 0.000026, -0.001012
0.194000, 0.000025, -0.000985
0.195000, 0.000024, -0.000955
0.196000, 0.000023, -0.000923
0.197000, 0.000022, -0.000889
0.198000, 0.000021, -0.000853
0.199000, 0.000020, -0.000816
0.200000, 0.000020, -0.000778
0.201000, 0.000019, -0.000740
0.202000, 0.000018, -0.000702
0.203000, 0.000018, -0.000664
0.204000, 0.000017, -0.000626
0.205000, 0.000016, -0.000589
0.206000, 0.000016, -0.000552
0.207000, 0.000015, -0.000516
0.208000, 0.000015, -0.000482
0.209000, 0.000015, -0.000448
0.210000, 0.000014, -0.000416
0.211000, 0.000014, -0.000384
0.212000, 0.000013, -0.000355
0.213000, 0.000013, -0.000326
0.214000, 0.000013, -0.000299
0.215000, 0.000013, -0.000273
0.216000, 0.000012, -0.000248
0.217000, 0.000012, -0.000225
0.218000, 0.000012, -0.000204
0.219000, 0.000012, -0.000183
0.220000, 0.000012, -0.000164
0.221000, 0.000011, -0.000146
0.222000, 0.000011, -0.000130
0.223000, 0.000011, -0.000115
0.224000, 0.000011, -0.000100
0.225000, 0.000011, -0.000087
0.226000, 0.000011, -0.000075
0.227000, 0.000011, -0.000064
0.228000, 0.000011, -0.000054
0.229000, 0.000011, -0.000045
0.230000, 0.000011, -0.000037
0.231000, 0.000011, -0.000030
0.232000, 0.000011, -0.000023
0.233000, 0.000011, -0.000017
0.234000, 0.000011, -0.000012
0.235000, 0.000011, -0.000007
0.236000, 0.000011, -0.000003
0.237000, 0.000011, 0.000000
0.238000, 0.000011, 0.000003
0.239000, 0.000011, 0.000006
0.240000, 0.000011, 0.000008
0.241000, 0.000011, 0.000009
0.242000, 0.000011, 0.000011
0.243000, 0.000011, 0.000012
0.244000, 0.000011, 0.000013
0.245000, 0.000011, 0.000013
0.246000, 0.000011, 0.000013
0.247000, 0.000011, 0.000013
0.248000, 0.000011, 0.000013
0.249000, 0.000011, 0.000013
0.250000, 0.000011, 0.000012
0.251000, 0.000011, 0.000012
0.252000, 0.000011, 0.000011
0.253000, 0.000011, 0.000010
0.254000, 0.000011, 0.000009
0.255000, 0.000011, 0.000009
0.256000, 0.000011, 0.000008
0.257000, 0.000011, 0.000007
0.258000, 0.000011, 0.000006
0.259000, 0.000011, 0.000005
0.260000, 0.000011, 0.000004
0.261000, 0.000011, 0.000003
0.262000, 0.000011, 0.000002
0.263000, 0.000011, 0.000001
0.264000, 0.000011, -0.000000
0.265000, 0.000011, -0.000001
0.266000, 0.000011, -0.000002
0.267000, 0.000011, -0.000003
0.268000, 0.000011, -0.000004
0.269000, 0.000011, -0.000005
0.270000, 0.000011, -0.000006
0.271000, 0.000011, -0.000007
0.272000, 0.000011, -0.000007
0.273000, 0.000011, -0.000008
0.274000, 0.000011, -0.000009
0.275000, 0.000011, -0.000009
0.276000, 0.000011, -0.000010
0.277000, 0.000011, -0.000010
0.278000, 0.000011, -0.000011
0.279000, 0.000011, -0.000011
0.280000, 0.000011, -0.000012
0.281000, 0.000011, -0.000012
0.282000, 0.000011, -0.000013
0.283000, 0.000011, -0.000013
0.284000, 0.000011, -0.000013
0.285000, 0.000011, -0.000014
0.286000, 0.000011, -0.000014
0.287000, 0.000011, -0.000014
0.288000, 0.000011, -0.000014
0.289000, 0.000011, -0.000015
0.290000, 0.000011, -0.000015
0.291000, 0.000011, -0.000015
0.292000, 0.000011, -0.000015
0.293000, 0.000011, -0.000015
0.294000, 0.000011, -0.000015
0.295000, 0.000011, -0.000015
0.296000, 0.000011, -0.000016
0.297000, 0.000011, -0.000016
0.298000, 0.000011, -0.000016
0.299000, 0.000011, -0.000016
0.300000, 0.000011, -0.000016
0.301000, 0.000011, -0.000016
0.302000, 0.000010, -0.000016
0.303000, 0.000010, -0.000016
0.304000, 0.000010, -0.000016
0.305000, 0.000010, -0.000016
0.306000, 0.000010, -0.000016
0.307000, 0.000010, -0.000016
0.308000, 0.000010, -0.000016
0.309000, 0.000010, -0.000016
0.310000, 0.000010, -0.000016
0.311000, 0.000010, -0.000016
0.312000, 0.000010, -0.000016
0.313000, 0.000010, -0.000016
0.314000, 0.000010, -0.000016
0.315000, 0.000010, -0.000016
0.316000, 0.000010, -0.000016
0.317000, 0.000010, -0.000016
0.318000, 0.000010, -0.000015
0.319000, 0.000010, -0.000015
0.320000, 0.000010, -0.000015
0.321000, 0.000010, -0.000015
0.322000, 0.000010, -0.000015
0.323000, 0.000010, -0.000015
0.324000, 0.000010, -0.000015
0.325000, 0.000010, -0.000015
0.326000, 0.000010, -0.000015
0.327000, 0.000010, -0.000015
0.328000, 0.000010, -0.000015
0.329000, 0.000010, -0.000015
0.330000, 0.000010, -0.000015
0.331000, 0.000010, -0.000015
0.332000, 0.000010, -0.000015
0.333000, 0.000010, -0.000015
0.334000, 0.000010, -0.000015
0.335000, 0.000010, -0.000015
0.336000, 0.000010, -0.000015
0.337000, 0.000010, -0.000015
0.338000, 0.000010, -0.000015
0.339000, 0.000010, -0.000015
0.340000, 0.000010, -0.000015
0.341000, 0.000010, -0.000015
0.342000, 0.000010, -0.000015
0.343000, 0.000010, -0.000015
0.344000, 0.000010, -0.000015
0.345000, 0.000010, -0.000015
0.346000, 0.000010, -0.000015
0.347000, 0.000010, -0.000015
0.348000, 0.000010, -0.000015
0.349000, 0.000010, -0.000015
0.350000, 0.000010, -0.000015
0.351000, 0.000010, -0.000015
0.352000, 0.000010, -0.000015
0.353000, 0.000010, -0.000015
0.354000, 0.000010, -0.000015
0.355000, 0.000010, -0.000015
0.356000, 0.000010, -0.000015
0.357000, 0.000010, -0.000015
0.358000, 0.000010, -0.000015
0.359000, 0.000010, -0.000015
0.360000, 0.000010, -0.000015
0.361000, 0.000010, -0.000015
0.362000, 0.000010, -0.000015
0.363000, 0.000010, -0.000015
0.364000, 0.000010, -0.000015
0.365000, 0.000010, -0.000015
0.366000, 0.000010, -0.000015
0.367000, 0.000010, -0.000015
0.368000, 0.000010, -0.000015
0.369000, 0.000009, -0.000015
0.370000, 0.000009, -0.000015
0.371000, 0.000009, -0.000015
0.372000, 0.000009, -0.000015
0.373000, 0.000009, -0.000015
0.374000, 0.000009, -0.000015
0.375000, 0.000009, -0.000015
0.376000, 0.000009, -0.000015
0.377000, 0.000009, -0.000015
0.378000, 0.000009, -0.000015
0.379000, 0.000009, -0.000015
0.380000, 0.000009, -0.000015
0.381000, 0.000009, -0.000015
0.382000, 0.000009, -0.000015
0.383000, 0.000009, -0.000015
0.384000, 0.000009, -0.000015
0.385000, 0.000009, -0.000015
0.386000, 0.000009, -0.000015
0.387000, 0.000009, -0.000015
0.388000, 0.000009, -0.000015
0.389000, 0.000009, -0.000015
0.390000, 0.000009, -0.000015
0.391000, 0.000009, -0.000015
0.392000, 0.000009, -0.000015
0.393000, 0.000009, -0.000015
0.394000, 0.000009, -0.000015
0.395000, 0.000009, -0.000015
0.396000, 0.000009, -0.000015
0.397000, 0.000009, -0.000015
0.398000, 0.000009, -0.000015
0.399000, 0.000009, -0.000015
0.400000, 0.000009, -0.000015
0.401000, 0.000009, -0.000015
0.402000, 0.000009, -0.000015
0.403000, 0.000009, -0.000015
0.404000, 0.000009, -0.000015
0.405000, 0.000009, -0.000015
0.406000, 0.000009, -0.000015
0.407000, 0.000009, -0.000015
0.408000, 0.000009, -0.000015
0.409000, 0.000009, -0.000015
0.410000, 0.000009, -0.000015
0.411000, 0.000009, -0.000015
0.412000, 0.000009, -0.000015
0.413000, 0.000009, -0.000015
0.414000, 0.000009, -0.000015
0.415000, 0.000009, -0.000015
0.416000, 0.000009, -0.000015
0.417000, 0.000009, -0.000015
0.418000, 0.000009, -0.000015
0.419000, 0.000009, -0.000014
0.420000, 0.000009, -0.000014
0.421000, 0.000009, -0.000014
0.422000, 0.000009, -0.000014
0.423000, 0.000009, -0.000014
0.424000, 0.000009, -0.000014
0.425000, 0.000009, -0.000014
0.426000, 0.000009, -0.000014
0.427000, 0.000009, -0.000014
0.428000, 0.000009, -0.000014
0.429000, 0.000009, -0.000014
0.430000, 0.000009, -0.000014
0.431000, 0.000009, -0.000014
0.432000, 0.000009, -0.000014
0.433000, 0.000009, -0.000014
0.434000, 0.000009, -0.000014
0.435000, 0.000009, -0.000014
0.436000, 0.000009, -0.000014
0.437000, 0.000008, -0.000014
0.438000, 0.000008, -0.000014
0.439000, 0.000008, -0.000014
0.440000, 0.000008, -0.000014
0.441000, 0.000008, -0.000014
0.442000, 0.000008, -0.000014
0.443000, 0.000008, -0.000014
0.444000, 0.000008, -0.000014
0.445000, 0.000008, -0.000014
0.446000, 0.000008, -0.000014
0.447000, 0.000008, -0.000014
0.448000, 0.000008, -0.000014
0.449000, 0.000008, -0.000014
0.450000, 0.000008, -0.000014
0.451000, 0.000008, -0.000014
0.452000, 0.000008, -0.000014
0.453000, 0.000008, -0.000014
0.454000, 0.000008, -0.000014
0.455000, 0.000008, -0.000014
0.456000, 0.000008, -0.000014
0.457000, 0.000008, -0.000014
0.458000, 0.000008, -0.000014
0.459000, 0.000008, -0.000014
0.460000, 0.000008, -0.000014
0.461000, 0.000008, -0.000014
0.462000, 0.000008, -0.000014
0.463000, 0.000008, -0.000014
0.464000, 0.000008, -0.000014
0.465000, 0.000008, -0.000014
0.466000, 0.000008, -0.000014
0.467000, 0.000008, -0.000014
0.468000, 0.000008, -0.000014
0.469000, 0.000008, -0.000014
0.470000, 0.000008, -0.000014
0.471000, 0.000008, -0.000014
0.472000, 0.000008, -0.000014
0.473000, 0.000008, -0.000014
0.474000, 0.000008, -0.000014
0.475000, 0.000008, -0.000014
0.476000, 0.000008, -0.000014
0.477000, 0.000008, -0.000014
0.478000, 0.000008, -0.000014
0.479000, 0.000008, -0.000014
0.480000, 0.000008, -0.000014
0.481000, 0.000008, -0.000014
0.482000, 0.000008, -0.000014
0.483000, 0.000008, -0.000014
0.484000, 0.000008, -0.000014
0.485000, 0.000008, -0.000014
0.486000, 0.000008, -0.000014
0.487000, 0.000008, -0.000014
0.488000, 0.000008, -0.000014
0.489000, 0.000008, -0.000014
0.490000, 0.000008, -0.000014
0.491000, 0.000008, -0.000014
0.492000, 0.000008, -0.000014
0.493000, 0.000008, -0.000014
0.494000, 0.000008, -0.000014
0.495000, 0.000008, -0.000014
0.496000, 0.000008, -0.000014
0.497000, 0.000008, -0.000014
0.498000, 0.000008, -0.000014
0.499000, 0.000008, -0.000014
0.500000, 0.000008, -0.000014
0.501000, 0.000008, -0.000014
0.502000, 0.000008, -0.000014
0.503000, 0.000008, -0.000014
0.504000, 0.000008, -0.000014
0.505000, 0.000008, -0.000014
0.506000, 0.000008, -0.000014
0.507000, 0.000007, -0.000014
0.508000, 0.000007, -0.000014
0.509000, 0.000007, -0.000014
0.510000, 0.000007, -0.000014
0.511000, 0.000007, -0.000014
0.512000, 0.000007, -0.000014
0.513000, 0.000007, -0.000014
0.514000, 0.000007, -0.000014
0.515000, 0.000007, -0.000014
0.516000, 0.000007, -0.000014
0.517000, 0.000007, -0.000014
0.518000, 0.000007, -0.000014
0.519000, 0.000007, -0.000014
0.520000, 0.000007, -0.000014
0.521000, 0.000007, -0.000014
0.522000, 0.000007, -0.000014
0.523000, 0.000007, -0.000014
0.524000, 0.000007, -0.000014
0.525000, 0.000007, -0.000014
0.526000, 0.000007, -0.000014
0.527000, 0.000007, -0.000014
0.528000, 0.000007, -0.000014
0.529000, 0.000007, -0.000014
0.530000, 0.000007, -0.000014
0.531000, 0.000007, -0.000014
0.532000, 0.000007, -0.000014
0.533000, 0.000007, -0.000014
0.534000, 0.000007, -0.000014
0.535000, 0.000007, -0.000014
0.536000, 0.000007, -0.000014
0.537000, 0.000007, -0.000014
0.538000, 0.000007, -0.000014
0.539000, 0.000007, -0.000014
0.540000, 0.000007, -0.000014
0.541000, 0.000007, -0.000014
0.542000, 0.000007, -0.000014
0.543000, 0.000007, -0.000014
0.544000, 0.000007, -0.000014
0.545000, 0.000007, -0.000014
0.546000, 0.000007, -0.000014
0.547000, 0.000007, -0.000014
0.548000, 0.000007, -0.000014
0.549000, 0.000007, -0.000014
0.550000, 0.000007, -0.000014
0.551000, 0.000007, -0.000014
0.552000, 0.000007, -0.000014
0.553000, 0.000007, -0.000014
0.554000, 0.000007, -0.000014
0.555000, 0.000007, -0.000014
0.556000, 0.000007, -0.000014
0.557000, 0.000007, -0.000014
0.558000, 0.000007, -0.000014
0.559000, 0.000007, -0.000014
0.560000, 0.000007, -0.000014
0.561000, 0.000007, -0.000014
0.562000, 0.000007, -0.000014
0.563000, 0.000007, -0.000014
0.564000, 0.000007, -0.000014
0.565000, 0.000007, -0.000014
0.566000, 0.000007, -0.000014
0.567000, 0.000007, -0.000014
0.568000, 0.000007, -0.000014
0.569000, 0.000007, -0.000014
0.570000, 0.000007, -0.000014
0.571000, 0.000007, -0.000014
0.572000, 0.000007, -0.000014
0.573000, 0.000007, -0.000014
0.574000, 0.000007, -0.000014
0.575000, 0.000007, -0.000014
0.576000, 0.000007, -0.000014
0.577000, 0.000007, -0.000014
0.578000, 0.000007, -0.000014
0.579000, 0.000006, -0.000014
0.580000, 0.000006, -0.000014
0.581000, 0.000006, -0.000014
0.582000, 0.000006, -0.000014
0.583000, 0.000006, -0.000014
0.584000, 0.000006, -0.000014
0.585000, 0.000006, -0.000014
0.586000, 0.000006, -0.000014
0.587000, 0.000006, -0.000014
0.588000, 0.000006, -0.000014
0.589000, 0.000006, -0.000014
0.590000, 0.000006, -0.000014
0.591000, 0.000006, -0.000014
0.592000, 0.000006, -0.000014
0.593000, 0.000006, -0.000014
0.594000, 0.000006, -0.000014
0.595000, 0.000006, -0.000014
0.596000, 0.000006, -0.000014
0.597000, 0.000006, -0.000014
0.598000, 0.000006, -0.000014
0.599000, 0.000006, -0.000014
0.600000, 0.000006, -0.000014
0.601000, 0.000006, -0.000014
0.602000, 0.000006, -0.000014
0.603000, 0.000006, -0.000014
0.604000, 0.000006, -0.000014
0.605000, 0.000006, -0.000014
0.606000, 0.000006, -0.000014
0.607000, 0.000006, -0.000014
0.608000, 0.000006, -0.000014
0.609000, 0.000006, -0.000014
0.610000, 0.000006, -0.000014
0.611000, 0.000006, -0.000014
0.612000, 0.000006, -0.000014
0.613000, 0.000006, -0.000014
0.614000, 0.000006, -0.000014
0.615000, 0.000006, -0.000014
0.616000, 0.000006, -0.000014
0.617000, 0.000006, -0.000014
0.618000, 0.000006, -0.000014
0.619000, 0.000006, -0.000014
0.620000, 0.000006, -0.000014
0.621000, 0.000006, -0.000014
0.622000, 0.000006, -0.000014
0.623000, 0.000006, -0.000014
0.624000, 0.000006, -0.000014
0.625000, 0.000006, -0.000014
0.626000, 0.000006, -0.000014
0.627000, 0.000006, -0.000014
0.628000, 0.000006, -0.000014
0.629000, 0.000006, -0.000014
0.630000, 0.000006, -0.000014
0.631000, 0.000006, -0.000014
0.632000, 0.000006, -0.000014
0.633000, 0.000006, -0.000014
0.634000, 0.000006, -0.000014
0.635000, 0.000006, -0.000014
0.636000, 0.000006, -0.000014
0.637000, 0.000006, -0.000014
0.638000, 0.000006, -0.000014
0.639000, 0.000006, -0.000014
0.640000, 0.000006, -0.000014
0.641000, 0.000006, -0.000014
0.642000, 0.000006, -0.000014
0.643000, 0.000006, -0.000014
0.644000, 0.000006, -0.000014
0.645000, 0.000006, -0.000014
0.646000, 0.000006, -0.000014
0.647000, 0.000006, -0.000014
0.648000, 0.000006, -0.000014
0.649000, 0.000006, -0.000014
0.650000, 0.000006, -0.000014
0.651000, 0.000006, -0.000014
0.652000, 0.000005, -0.000014
0.653000, 0.000005, -0.000014
0.654000, 0.000005, -0.000014
0.655000, 0.000005, -0.000014
0.656000, 0.000005, -0.000014
0.657000, 0.000005, -0.000014
0.658000, 0.000005, -0.000014
0.659000, 0.000005, -0.000014
0.660000, 0.000005, -0.000014
0.661000, 0.000005, -0.000014
0.662000, 0.000005, -0.000014
0.663000, 0.000005, -0.000014
0.664000, 0.000005, -0.000014
0.665000, 0.000005, -0.000014
0.666000, 0.000005, -0.000014
0.667000, 0.000005, -0.000014
0.668000, 0.000005, -0.000014
0.669000, 0.000005, -0.000014
0.670000, 0.000005, -0.000013
0.671000, 0.000005, -0.000013
0.672000, 0.000005, -0.000013
0.673000, 0.000005, -0.000013
0.674000, 0.000005, -0.000013
0.675000, 0.000005, -0.000013
0.676000, 0.000005, -0.000013
0.677000, 0.000005, -0.000013
0.678000, 0.000005, -0.000013
0.679000, 0.000005, -0.000013
0.680000, 0.000005, -0.000013
0.681000, 0.000005, -0.000013
0.682000, 0.000005, -0.000013
0.683000, 0.000005, -0.000013
0.684000, 0.000005, -0.000013
0.685000, 0.000005, -0.000013
0.686000, 0.000005, -0.000013
0.687000, 0.000005, -0.000013
0.688000, 0.000005, -0.000013
0.689000, 0.000005, -0.000013
0.690000, 0.000005, -0.000013
0.691000, 0.000005, -0.000013
0.692000, 0.000005, -0.000013
0.693000, 0.000005, -0.000013
0.694000, 0.000005, -0.000013
0.695000, 0.000005, -0.000013
0.696000, 0.000005, -0.000013
0.697000, 0.000005, -0.000013
0.698000, 0.000005, -0.000013
0.699000, 0.000005, -0.000013
0.700000, 0.000005, -0.000013
0.701000, 0.000005, -0.000013
0.702000, 0.000005, -0.000013
0.703000, 0.000005, -0.000013
0.704000, 0.000005, -0.000013
0.705000, 0.000005, -0.000013
0.706000, 0.000005, -0.000013
0.707000, 0.000005, -0.000013
0.708000, 0.000005, -0.000013
0.709000, 0.000005, -0.000013
0.710000, 0.000005, -0.000013
0.711000, 0.000005, -0.000013
0.712000, 0.000005, -0.000013
0.713000, 0.000005, -0.000013
0.714000, 0.000005, -0.000013
0.715000, 0.000005, -0.000013
0.716000, 0.000005, -0.000013
0.717000, 0.000005, -0.000013
0.718000, 0.000005, -0.000013
0.719000, 0.000005, -0.000013
0.720000, 0.000005, -0.000013
0.721000, 0.000005, -0.000013
0.722000, 0.000005, -0.000013
0.723000, 0.000005, -0.000013
0.724000, 0.000005, -0.000013
0.725000, 0.000005, -0.000013
0.726000, 0.000004, -0.000013
0.727000, 0.000004, -0.000013
0.728000, 0.000004, -0.000013
0.729000, 0.000004, -0.000013
0.730000, 0.000004, -0.000013
0.731000, 0.000004, -0.000013
0.732000, 0.000004, -0.000013
0.733000, 0.000004, -0.000013
0.734000, 0.000004, -0.000013
0.735000, 0.000004, -0.000013
0.736000, 0.000004, -0.000013
0.737000, 0.000004, -0.000013
0.738000, 0.000004, -0.000013
0.739000, 0.000004, -0.000013
0.740000, 0.000004, -0.000013
0.741000, 0.000004, -0.000013
0.742000, 0.000004, -0.000013
0.743000, 0.000004, -0.000013
0.744000, 0.000004, -0.000013
0.745000, 0.000004, -0.000013
0.746000, 0.000004, -0.000013
0.747000, 0.000004, -0.000013
0.748000, 0.000004, -0.000013
0.749000, 0.000004, -0.000013
0.750000, 0.000004, -0.000013
0.751000, 0.000004, -0.000013
0.752000, 0.000004, -0.000013
0.753000, 0.000004, -0.000013
0.754000, 0.000004, -0.000013
0.755000, 0.000004, -0.000013
0.756000, 0.000004, -0.000013
0.757000, 0.000004, -0.000013
0.758000, 0.000004, -0.000013
0.759000, 0.000004, -0.000013
0.760000, 0.000004, -0.000013
0.761000, 0.000004, -0.000013
0.762000, 0.000004, -0.000013
0.763000, 0.000004, -0.000013
0.764000, 0.000004, -0.000013
0.765000, 0.000004, -0.000013
0.766000, 0.000004, -0.000013
0.767000, 0.000004, -0.000013
0.768000, 0.000004, -0.000013
0.769000, 0.000004, -0.000013
0.770000, 0.000004, -0.000013
0.771000, 0.000004, -0.000013
0.772000, 0.000004, -0.000013
0.773000, 0.000004, -0.000013
0.774000, 0.000004, -0.000013
0.775000, 0.000004, -0.000013
0.776000, 0.000004, -0.000013
0.777000, 0.000004, -0.000013
0.778000, 0.000004, -0.000013
0.779000, 0.000004, -0.000013
0.780000, 0.000004, -0.000013
0.781000, 0.000004, -0.000013
0.782000, 0.000004, -0.000013
0.783000, 0.000004, -0.000013
0.784000, 0.000004, -0.000013
0.785000, 0.000004, -0.000013
0.786000, 0.000004, -0.000013
0.787000, 0.000004, -0.000013
0.788000, 0.000004, -0.000013
0.789000, 0.000004, -0.000013
0.790000, 0.000004, -0.000013
0.791000, 0.000004, -0.000013
0.792000, 0.000004, -0.000013
0.793000, 0.000004, -0.000013
0.794000, 0.000004, -0.000013
0.795000, 0.000004, -0.000013
0.796000, 0.000004, -0.000013
0.797000, 0.000004, -0.000013
0.798000, 0.000004, -0.000013
0.799000, 0.000004, -0.000013
0.800000, 0.000004, -0.000013
0.801000, 0.000004, -0.000013
0.802000, 0.000003, -0.000013
0.803000, 0.000003, -0.000013
0.804000, 0.000003, -0.000013
0.805000, 0.000003, -0.000013
0.806000, 0.000003, -0.000013
0.807000, 0.000003, -0.000013
0.808000, 0.000003, -0.000013
0.809000, 0.000003, -0.000013
0.810000, 0.000003, -0.000013
0.811000, 0.000003, -0.000013
0.812000, 0.000003, -0.000013
0.813000, 0.000003, -0.000013
0.814000, 0.000003, -0.000013
0.815000, 0.000003, -0.000013
0.816000, 0.000003, -0.000013
0.817000, 0.000003, -0.000013
0.818000, 0.000003, -0.000013
0.819000, 0.000003, -0.000013
0.820000, 0.000003, -0.000013
0.821000, 0.000003, -0.000013
0.822000, 0.000003, -0.000013
0.823000, 0.000003, -0.000013
0.824000, 0.000003, -0.000013
0.825000, 0.000003, -0.000013
0.826000, 0.000003, -0.000013
0.827000, 0.000003, -0.000013
0.828000, 0.000003, -0.000013
0.829000, 0.000003, -0.000013
0.830000, 0.000003, -0.000013
0.831000, 0.000003, -0.000013
0.832000, 0.000003, -0.000013
0.833000, 0.000003, -0.000013
0.834000, 0.000003, -0.000013
0.835000, 0.000003, -0.000013
0.836000, 0.000003, -0.000013
0.837000, 0.000003, -0.000013
0.838000, 0.000003, -0.000013
0.839000, 0.000003, -0.000013
0.840000, 0.000003, -0.000013
0.841000, 0.000003, -0.000013
0.842000, 0.000003, -0.000013
0.843000, 0.000003, -0.000013
0.844000, 0.000003, -0.000013
0.845000, 0.000003, -0.000013
0.846000, 0.000003, -0.000013
0.847000, 0.000003, -0.000013
0.848000, 0.000003, -0.000013
0.849000, 0.000003, -0.000013
0.850000, 0.000003, -0.000013
0.851000, 0.000003, -0.000013
0.852000, 0.000003, -0.000013
0.853000, 0.000003, -0.000013
0.854000, 0.000003, -0.000013
0.855000, 0.000003, -0.000013
0.856000, 0.000003, -0.000013
0.857000, 0.000003, -0.000013
0.858000, 0.000003, -0.000013
0.859000, 0.000003, -0.000013
0.860000, 0.000003, -0.000013
0.861000, 0.000003, -0.000013
0.862000, 0.000003, -0.000013
0.863000, 0.000003, -0.000013
0.864000, 0.000003, -0.000013
0.865000, 0.000003, -0.000013
0.866000, 0.000003, -0.000013
0.867000, 0.000003, -0.000013
0.868000, 0.000003, -0.000013
0.869000, 0.000003, -0.000013
0.870000, 0.000003, -0.000013
0.871000, 0.000003, -0.000013
0.872000, 0.000003, -0.000013
0.873000, 0.000003, -0.000013
0.874000, 0.000003, -0.000013
0.875000, 0.000003, -0.000013
0.876000, 0.000003, -0.000013
0.877000, 0.000003, -0.000013
0.878000, 0.000003, -0.000013
0.879000, 0.000002, -0.000013
0.880000, 0.000002, -0.000013
0.881000, 0.000002, -0.000013
0.882000, 0.000002, -0.000013
0.883000, 0.000002, -0.000013
0.884000, 0.000002, -0.000013
0.885000, 0.000002, -0.000013
0.886000, 0.000002, -0.000013
0.887000, 0.000002, -0.000013
0.888000, 0.000002, -0.000013
0.889000, 0.000002, -0.000013
0.890000, 0.000002, -0.000013
0.891000, 0.000002, -0.000013
0.892000, 0.000002, -0.000013
0.893000, 0.000002, -0.000013
0.894000, 0.000002, -0.000013
0.895000, 0.000002, -0.000013
0.896000, 0.000002, -0.000013
0.897000, 0.000002, -0.000013
0.898000, 0.000002, -0.000013
0.899000, 0.000002, -0.000013
0.900000, 0.000002, -0.000013
0.901000, 0.000002, -0.000013
0.902000, 0.000002, -0.000013
0.903000, 0.000002, -0.000013
0.904000, 0.000002, -0.000013
0.905000, 0.000002, -0.000013
0.906000, 0.000002, -0.000013
0.907000, 0.000002, -0.000013
0.908000, 0.000002, -0.000013
0.909000, 0.000002, -0.000013
0.910000, 0.000002, -0.000013
0.911000, 0.000002, -0.000013
0.912000, 0.000002, -0.000013
0.913000, 0.000002, -0.000013
0.914000, 0.000002, -0.000013
0.915000, 0.000002, -0.000013
0.916000, 0.000002, -0.000013
0.917000, 0.000002, -0.000013
0.918000, 0.000002, -0.000013
0.919000, 0.000002, -0.000013
0.920000, 0.000002, -0.000013
0.921000, 0.000002, -0.000013
0.922000, 0.000002, -0.000013
0.923000, 0.000002, -0.000013
0.924000, 0.000002, -0.000013
0.925000, 0.000002, -0.000013
0.926000, 0.000002, -0.000013
0.927000, 0.000002, -0.000013
0.928000, 0.000002, -0.000013
0.929000, 0.000002, -0.000013
0.930000, 0.000002, -0.000013
0.931000, 0.000002, -0.000013
0.932000, 0.000002, -0.000013
0.933000, 0.000002, -0.000013
0.934000, 0.000002, -0.000013
0.935000, 0.000002, -0.000013
0.936000, 0.000002, -0.000013
0.937000, 0.000002, -0.000013
0.938000, 0.000002, -0.000013
0.939000, 0.000002, -0.000013
0.940000, 0.000002, -0.000013
0.941000, 0.000002, -0.000013
0.942000, 0.000002, -0.000013
0.943000, 0.000002, -0.000013
0.944000, 0.000002, -0.000013
0.945000, 0.000002, -0.000013
0.946000, 0.000002, -0.000013
0.947000, 0.000002, -0.000013
0.948000, 0.000002, -0.000013
0.949000, 0.000002, -0.000013
0.950000, 0.000002, -0.000013
0.951000, 0.000002, -0.000013
0.952000, 0.000002, -0.000013
0.953000, 0.000002, -0.000013
0.954000, 0.000002, -0.000013
0.955000, 0.000002, -0.000013
0.956000, 0.000002, -0.000013
0.957000, 0.000001, -0.000013
0.958000, 0.000001, -0.000013
0.959000, 0.000001, -0.000013
0.960000, 0.000001, -0.000013
0.961000, 0.000001, -0.000013
0.962000, 0.000001, -0.000013
0.963000, 0.000001, -0.000013
0.964000, 0.000001, -0.000013
0.965000, 0.000001, -0.000013
0.966000, 0.000001, -0.000013
0.967000, 0.000001, -0.000013
0.968000, 0.000001, -0.000013
0.969000, 0.000001, -0.000013
0.970000, 0.000001, -0.000013
0.971000, 0.000001, -0.000013
0.972000, 0.000001, -0.000013
0.973000, 0.000001, -0.000013
0.974000, 0.000001, -0.000013
0.975000, 0.000001, -0.000013
0.976000, 0.000001, -0.000013
0.977000, 0.000001, -0.000013
0.978000, 0.000001, -0.000013
0.979000, 0.000001, -0.000013
0.980000, 0.000001, -0.000013
0.981000, 0.000001, -0.000013
0.982000, 0.000001, -0.000013
0.983000, 0.000001, -0.000013
0.984000, 0.000001, -0.000013
0.985000, 0.000001, -0.000013
0.986000, 0.000001, -0.000013
0.987000, 0.000001, -0.000013
0.988000, 0.000001, -0.000013
0.989000, 0.000001, -0.000013
0.990000, 0.000001, -0.000013
0.991000, 0.000001, -0.000013
0.992000, 0.000001, -0.000013
0.993000, 0.000001, -0.000013
0.994000, 0.000001, -0.000013
0.995000, 0.000001, -0.000013
0.996000, 0.000001, -0.000013
0.997000, 0.000001, -0.000013
0.998000, 0.000001, -0.000013
0.999000, 0.000001, -0.000013
1.000000, 1.500001, -0.000013
1.001000, 1.485747, -9.502810
1.002000, 1.463742, -17.837188
1.003000, 1.435032, -25.086181
1.004000, 1.400580, -31.329956
1.005000, 1.361276, -36.645674
1.006000, 1.317938, -41.107432
1.007000, 1.271312, -44.786220
1.008000, 1.222081, -47.749900
1.009000, 1.170861, -50.063166
1.010000, 1.118211, -51.787513
1.011000, 1.064633, -52.981196
1.012000, 1.010575, -53.699187
1.013000, 0.956435, -53.993161
1.014000, 0.902564, -53.911477
1.015000, 0.849271, -53.499207
1.016000, 0.796823, -52.798178
1.017000, 0.745452, -51.847047
1.018000, 0.695353, -50.681403
1.019000, 0.646693, -49.333892
1.020000, 0.599609, -47.834352
1.021000, 0.554211, -46.209971
1.022000, 0.510588, -44.485437
1.023000, 0.468806, -42.683105
1.024000, 0.428913, -40.823145
1.025000, 0.390939, -38.923699
1.026000, 0.354899, -37.001021
1.027000, 0.320795, -35.069617
1.028000, 0.288616, -33.142367
1.029000, 0.258341, -31.230648
1.030000, 0.229940, -29.344443
1.031000, 0.203374, -27.492448
1.032000, 0.178597, -25.682165
1.033000, 0.155558, -23.919995
1.034000, 0.134201, -22.211325
1.035000, 0.114466, -20.560610
1.036000, 0.096289, -18.971448
1.037000, 0.079604, -17.446656
1.038000, 0.064345, -15.988337
1.039000, 0.050442, -14.597948
1.040000, 0.037827, -13.276361
1.041000, 0.026429, -12.023924
1.042000, 0.016180, -10.840517
1.043000, 0.007012, -9.725605
1.044000, -0.001142, -8.678287
1.045000, -0.008349, -7.697343
1.046000, -0.014673, -6.781277
1.047000, -0.020174, -5.928360
1.048000, -0.024915, -5.136663
1.049000, -0.028953, -4.404098
1.050000, -0.032344, -3.728441
1.051000, -0.035140, -3.107371
1.052000, -0.037395, -2.538489
1.053000, -0.039154, -2.019342
1.054000, -0.040466, -1.547451
1.055000, -0.041373, -1.120323
1.056000, -0.041916, -0.735473
1.057000, -0.042134, -0.390433
1.058000, -0.042062, -0.082775
1.059000, -0.041736, 0.189888
1.060000, -0.041186, 0.429886
1.061000, -0.040442, 0.639485
1.062000, -0.039531, 0.820880
1.063000, -0.038477, 0.976190
1.064000, -0.037304, 1.107454
1.065000, -0.036032, 1.216624
1.066000, -0.034682, 1.305569
1.067000, -0.033271, 1.376064
1.068000, -0.031814, 1.429800
1.069000, -0.030327, 1.468374
1.070000, -0.028821, 1.493295
1.071000, -0.027309, 1.505984
1.072000, -0.025800, 1.507773
1.073000, -0.024304, 1.499910
1.074000, -0.022829, 1.483558
1.075000, -0.021381, 1.459800
1.076000, -0.019966, 1.429640
1.077000, -0.018590, 1.394005
1.078000, -0.017256, 1.353752
1.079000, -0.015969, 1.309666
1.080000, -0.014730, 1.262465
1.081000, -0.013542, 1.212805
1.082000, -0.012406, 1.161280
1.083000, -0.011324, 1.108429
1.084000, -0.010296, 1.054736
1.085000, -0.009323, 1.000635
1.086000, -0.008403, 0.946511
1.087000, -0.007538, 0.892707
1.088000, -0.006725, 0.839522
1.089000, -0.005964, 0.787218
1.090000, -0.005253, 0.736022
1.091000, -0.004592, 0.686125
1.092000, -0.003979, 0.637691
1.093000, -0.003411, 0.590855
1.094000, -0.002888, 0.545725
1.095000, -0.002407, 0.502386
1.096000, -0.001967, 0.460905
1.097000, -0.001565, 0.421326
1.098000, -0.001201, 0.383678
1.099000, -0.000871, 0.347973
1.100000, -0.000573, 0.314212
1.101000, -0.000307, 0.282381
1.102000, -0.000069, 0.252456
1.103000, 0.000141, 0.224407
1.104000, 0.000326, 0.198190
1.105000, 0.000488, 0.173761
1.106000, 0.000627, 0.151064
1.107000, 0.000747, 0.130043
1.108000, 0.000848, 0.110635
1.109000, 0.000932, 0.092777
1.110000, 0.001000, 0.076400
1.111000, 0.001054, 0.061437
1.112000, 0.001095, 0.047819
1.113000, 0.001124, 0.035474
1.114000, 0.001143, 0.024335
1.115000, 0.001152, 0.014331
1.116000, 0.001153, 0.005393
1.117000, 0.001147, -0.002544
1.118000, 0.001134, -0.009548
1.119000, 0.001115, -0.015681
1.120000, 0.001091, -0.021006
1.121000, 0.001063, -0.025583
1.122000, 0.001032, -0.029469
1.123000, 0.000998, -0.032721
1.124000, 0.000961, -0.035390
1.125000, 0.000922, -0.037527
1.126000, 0.000882, -0.039181
1.127000, 0.000841, -0.040397
1.128000, 0.000800, -0.041217
1.129000, 0.000758, -0.041683
1.130000, 0.000716, -0.041832
1.131000, 0.000674, -0.041700
1.132000, 0.000633, -0.041321
1.133000, 0.000593, -0.040724
1.134000, 0.000553, -0.039940
1.135000, 0.000515, -0.038995
1.136000, 0.000477, -0.037912
1.137000, 0.000441, -0.036716
1.138000, 0.000406, -0.035426
1.139000, 0.000373, -0.034062
1.140000, 0.000341, -0.032640
1.141000, 0.000311, -0.031177
1.142000, 0.000282, -0.029685
1.143000, 0.000254, -0.028179
1.144000, 0.000228, -0.026668
1.145000, 0.000204, -0.025164
1.146000, 0.000181, -0.023674
1.147000, 0.000160, -0.022207
1.148000, 0.000139, -0.020768
1.149000, 0.000121, -0.019364
1.150000, 0.000104, -0.018000
1.151000, 0.000087, -0.016680
1.152000, 0.000073, -0.015406
1.153000, 0.000059, -0.014182
1.154000, 0.000047, -0.013009
1.155000, 0.000035, -0.011889
1.156000, 0.000025, -0.010822
1.157000, 0.000016, -0.009810
1.158000, 0.000007, -0.008852
1.159000, -0.000000, -0.007949
1.160000, -0.000007, -0.007099
1.161000, -0.000013, -0.006302
1.162000, -0.000018, -0.005556
1.163000, -0.000022, -0.004861
1.164000, -0.000026, -0.004214
1.165000, -0.000030, -0.003616
1.166000, -0.000032, -0.003062
1.167000, -0.000035, -0.002553
1.168000, -0.000036, -0.002085
1.169000, -0.000038, -0.001658
1.170000, -0.000039, -0.001269
1.171000, -0.000040, -0.000916
1.172000, -0.000040, -0.000598
1.173000, -0.000040, -0.000311
1.174000, -0.000040, -0.000055
1.175000, -0.000040, 0.000172
1.176000, -0.000040, 0.000373
1.177000, -0.000039, 0.000548
1.178000, -0.000038, 0.000701
1.179000, -0.000037, 0.000832
1.180000, -0.000036, 0.000944
1.181000, -0.000035, 0.001037
1.182000, -0.000034, 0.001114
1.183000, -0.000033, 0.001176
1.184000, -0.000032, 0.001223
1.185000, -0.000030, 0.001258
1.186000, -0.000029, 0.001282
1.187000, -0.000028, 0.001295
1.188000, -0.000026, 0.001299
1.189000, -0.000025, 0.001295
1.190000, -0.000024, 0.001284
1.191000, -0.000023, 0.001267
1.192000, -0.000021, 0.001244
1.193000, -0.000020, 0.001216
1.194000, -0.000019, 0.001185
1.195000, -0.000018, 0.001150
1.196000, -0.000017, 0.001112
1.197000, -0.000016, 0.001073
1.198000, -0.000015, 0.001031
1.199000, -0.000014, 0.000988
1.200000, -0.000013, 0.000945
1.201000, -0.000012, 0.000901
1.202000, -0.000011, 0.000856
1.203000, -0.000010, 0.000812
1.204000, -0.000009, 0.000768
1.205000, -0.000009, 0.000725
1.206000, -0.000008, 0.000683
1.207000, -0.000007, 0.000642
1.208000, -0.000007, 0.000601
1.209000, -0.000006, 0.000562
1.210000, -0.000006, 0.000524
1.211000, -0.000005, 0.000488
1.212000, -0.000005, 0.000453
1.213000, -0.000005, 0.000420
1.214000, -0.000004, 0.000388
1.215000, -0.000004, 0.000358
1.216000, -0.000004, 0.000329
1.217000, -0.000003, 0.000302
1.218000, -0.000003, 0.000276
1.219000, -0.000003, 0.000252
1.220000, -0.000003, 0.000229
1.221000, -0.000002, 0.000208
1.222000, -0.000002, 0.000188
1.223000, -0.000002, 0.000170
1.224000, -0.000002, 0.000153
1.225000, -0.000002, 0.000137
1.226000, -0.000002, 0.000122
1.227000, -0.000001, 0.000109
1.228000, -0.000001, 0.000096
1.229000, -0.000001, 0.000085
1.230000, -0.000001, 0.000075
1.231000, -0.000001, 0.000065
1.232000, -0.000001, 0.000057
1.233000, -0.000001, 0.000049
1.234000, -0.000001, 0.000042
1.235000, -0.000001, 0.000036
1.236000, -0.000001, 0.000031
1.237000, -0.000001, 0.000026
1.238000, -0.000001, 0.000022
1.239000, -0.000001, 0.000018
1.240000, -0.000001, 0.000015
1.241000, -0.000001, 0.000012
1.242000, -0.000001, 0.000010
1.243000, -0.000001, 0.000008
1.244000, -0.000001, 0.000006
1.245000, -0.000001, 0.000005
1.246000, -0.000001, 0.000004
1.247000, -0.000001, 0.000003
1.248000, -0.000001, 0.000003
1.249000, -0.000001, 0.000002
1.250000, -0.000001, 0.000002
1.251000, -0.000001, 0.000002
1.252000, -0.000001, 0.000002
1.253000, -0.000001, 0.000003
1.254000, -0.000001, 0.000003
1.255000, -0.000001, 0.000003
1.256000, -0.000001, 0.000004
1.257000, -0.000001, 0.000004
1.258000, -0.000001, 0.000005
1.259000, -0.000001, 0.000006
1.260000, -0.000001, 0.000006
1.261000, -0.000001, 0.000007
1.262000, -0.000001, 0.000008
1.263000, -0.000001, 0.000008
1.264000, -0.000001, 0.000009
1.265000, -0.000001, 0.000009
1.266000, -0.000001, 0.000010
1.267000, -0.000001, 0.000011
1.268000, -0.000001, 0.000011
1.269000, -0.000001, 0.000012
1.270000, -0.000001, 0.000012
1.271000, -0.000001, 0.000013
1.272000, -0.000001, 0.000013
1.273000, -0.000001, 0.000014
1.274000, -0.000001, 0.000014
1.275000, -0.000001, 0.000014
1.276000, -0.000001, 0.000014
1.277000, -0.000001, 0.000015
1.278000, -0.000001, 0.000015
1.279000, -0.000001, 0.000015
1.280000, -0.000001, 0.000015
1.281000, -0.000001, 0.000015
1.282000, -0.000001, 0.000016
1.283000, -0.000001, 0.000016
1.284000, -0.000001, 0.000016
1.285000, -0.000001, 0.000016
1.286000, -0.000000, 0.000016
1.287000, -0.000000, 0.000016
1.288000, -0.000000, 0.000016
1.289000, -0.000000, 0.000016
1.290000, -0.000000, 0.000015
1.291000, -0.000000, 0.000015
1.292000, -0.000000, 0.000015
1.293000, -0.000000, 0.000015
1.294000, -0.000000, 0.000015
1.295000, -0.000000, 0.000015
1.296000, -0.000000, 0.000015
1.297000, -0.000000, 0.000014
1.298000, -0.000000, 0.000014
1.299000, -0.000000, 0.000014
1.300000, -0.000000, 0.000014
1.301000, -0.000000, 0.000014
1.302000, -0.000000, 0.000013
1.303000, -0.000000, 0.000013
1.304000, -0.000000, 0.000013
1.305000, -0.000000, 0.000013
1.306000, -0.000000, 0.000012
1.307000, -0.000000, 0.000012
1.308000, -0.000000, 0.000012
1.309000, -0.000000, 0.000012
1.310000, -0.000000, 0.000012
1.311000, -0.000000, 0.000011
1.312000, -0.000000, 0.000011
1.313000, -0.000000, 0.000011
1.314000, -0.000000, 0.000011
1.315000, -0.000000, 0.000010
1.316000, -0.000000, 0.000010
1.317000, -0.000000, 0.000010
1.318000, -0.000000, 0.000010
1.319000, -0.000000, 0.000010
1.320000, -0.000000, 0.000009
1.321000, -0.000000, 0.000009
1.322000, -0.000000, 0.000009
1.323000, -0.000000, 0.000009
1.324000, -0.000000, 0.000009
1.325000, -0.000000, 0.000008
1.326000, -0.000000, 0.000008
1.327000, -0.000000, 0.000008
1.328000, 0.000000, 0.000008
1.329000, 0.000000, 0.000008
1.330000, 0.000000, 0.000008
1.331000, 0.000000, 0.000007
1.332000, 0.000000, 0.000007
1.333000, 0.000000, 0.000007
1.334000, 0.000000, 0.000007
1.335000, 0.000000, 0.000007
1.336000, 0.000000, 0.000007
1.337000, 0.000000, 0.000007
1.338000, 0.000000, 0.000006
1.339000, 0.000000, 0.000006
1.340000, 0.000000, 0.000006
1.341000, 0.000000, 0.000006
1.342000, 0.000000, 0.000006
1.343000, 0.000000, 0.000006
1.344000, 0.000000, 0.000006
1.345000, 0.000000, 0.000006
1.346000, 0.000000, 0.000005
1.347000, 0.000000, 0.000005
1.348000, 0.000000, 0.000005
1.349000, 0.000000, 0.000005
1.350000, 0.000000, 0.000005
1.351000, 0.000000, 0.000005
1.352000, 0.000000, 0.000005
1.353000, 0.000000, 0.000005
1.354000, 0.000000, 0.000005
1.355000, 0.000000, 0.000005
1.356000, 0.000000, 0.000004
1.357000, 0.000000, 0.000004
1.358000, 0.000000, 0.000004
1.359000, 0.000000, 0.000004
1.360000, 0.000000, 0.000004
1.361000, 0.000000, 0.000004
1.362000, 0.000000, 0.000004
1.363000, 0.000000, 0.000004
1.364000, 0.000000, 0.000004
1.365000, 0.000000, 0.000004
1.366000, 0.000000, 0.000004
1.367000, 0.000000, 0.000004
1.368000, 0.000000, 0.000004
1.369000, 0.000000, 0.000004
1.370000, 0.000000, 0.000003
1.371000, 0.000000, 0.000003
1.372000, 0.000000, 0.000003
1.373000, 0.000000, 0.000003
1.374000, 0.000000, 0.000003
1.375000, 0.000000, 0.000003
1.376000, 0.000000, 0.000003
1.377000, 0.000000, 0.000003
1.378000, 0.000000, 0.000003
1.379000, 0.000000, 0.000003
1.380000, 0.000000, 0.000003
1.381000, 0.000000, 0.000003
1.382000, 0.000000, 0.000003
1.383000, 0.000000, 0.000003
1.384000, 0.000000, 0.000003
1.385000, 0.000000, 0.000003
1.386000, 0.000000, 0.000003
1.387000, 0.000000, 0.000003
1.388000, 0.000000, 0.000003
1.389000, 0.000000, 0.000003
1.390000, 0.000000, 0.000002
1.391000, 0.000000, 0.000002
1.392000, 0.000000, 0.000002
1.393000, 0.000000, 0.000002
1.394000, 0.000000, 0.000002
1.395000, 0.000000, 0.000002
1.396000, 0.000000, 0.000002
1.397000, 0.000000, 0.000002
1.398000, 0.000000, 0.000002
1.399000, 0.000000, 0.000002
1.400000, 0.000000, 0.000002
1.401000, 0.000000, 0.000002
1.402000, 0.000000, 0.000002
1.403000, 0.000000, 0.000002
1.404000, 0.000000, 0.000002
1.405000, 0.000000, 0.000002
1.406000, 0.000000, 0.000002
1.407000, 0.000000, 0.000002
1.408000, 0.000000, 0.000002
1.409000, 0.000000, 0.000002
1.410000, 0.000000, 0.000002
1.411000, 0.000000, 0.000002
1.412000, 0.000000, 0.000002
1.413000, 0.000000, 0.000002
1.414000, 0.000000, 0.000002
1.415000, 0.000000, 0.000002
1.416000, 0.000000, 0.000002
1.417000, 0.000000, 0.000002
1.418000, 0.000000, 0.000002
1.419000, 0.000000, 0.000002
1.420000, 0.000000, 0.000002
1.421000, 0.000000, 0.000002
1.422000, 0.000000, 0.000001
1.423000, 0.000000, 0.000001
1.424000, 0.000000, 0.000001
1.425000, 0.000000, 0.000001
1.426000, 0.000000, 0.000001
1.427000, 0.000000, 0.000001
1.428000, 0.000000, 0.000001
1.429000, 0.000000, 0.000001
1.430000, 0.000000, 0.000001
1.431000, 0.000000, 0.000001
1.432000, 0.000000, 0.000001
1.433000, 0.000000, 0.000001
1.434000, 0.000000, 0.000001
1.435000, 0.000000, 0.000001
1.436000, 0.000000, 0.000001
1.437000, 0.000000, 0.000001
1.438000, 0.000000, 0.000001
1.439000, 0.000000, 0.000001
1.440000, 0.000000, 0.000001
1.441000, 0.000000, 0.000001
1.442000, 0.000000, 0.000001
1.443000, 0.000000, 0.000001
1.444000, 0.000000, 0.000001
1.445000, 0.000000, 0.000001
1.446000, 0.000000, 0.000001
1.447000, 0.000000, 0.000001
1.448000, 0.000000, 0.000001
1.449000, 0.000000, 0.000001
1.450000, 0.000000, 0.000001
1.451000, 0.000000, 0.000001
1.452000, 0.000000, 0.000001
1.453000, 0.000000, 0.000001
1.454000, 0.000000, 0.000001
1.455000, 0.000000, 0.000001
1.456000, 0.000000, 0.000001
1.457000, 0.000000, 0.000001
1.458000, 0.000000, 0.000001
1.459000, 0.000000, 0.000001
1.460000, 0.000000, 0.000001
1.461000, 0.000000, 0.000001
1.462000, 0.000000, 0.000001
1.463000, 0.000000, 0.000001
1.464000, 0.000000, 0.000001
1.465000, 0.000000, 0.000001
1.466000, 0.000000, 0.000001
1.467000, 0.000000, 0.000001
1.468000, 0.000000, 0.000001
1.469000, 0.000000, 0.000001
1.470000, 0.000000, 0.000001
1.471000, 0.000000, 0.000001
1.472000, 0.000000, 0.000001
1.473000, 0.000000, 0.000001
1.474000, 0.000000, 0.000001
1.475000, 0.000000, 0.000001
1.476000, 0.000000, 0.000001
1.477000, 0.000000, 0.000001
1.478000, 0.000000, 0.000001
1.479000, 0.000000, 0.000001
1.480000, 0.000000, 0.000001
1.481000, 0.000000, 0.000001
1.482000, 0.000000, 0.000001
1.483000, 0.000000, 0.000001
1.484000, 0.000000, 0.000001
1.485000, 0.000000, 0.000001
1.486000, 0.000000, 0.000001
1.487000, 0.000000, 0.000001
1.488000, 0.000000, 0.000001
1.489000, 0.000000, 0.000001
1.490000, 0.000000, 0.000001
1.491000, 0.000000, 0.000001
1.492000, 0.000000, 0.000001
1.493000, 0.000000, 0.000001
1.494000, 0.000000, 0.000001
1.495000, 0.000000, 0.000001
1.496000, 0.000000, 0.000001
1.497000, 0.000000, 0.000001
1.498000, 0.000000, 0.000001
1.499000, 0.000000, 0.000001
1.500000, 0.000000, 0.000001
1.501000, 0.000000, 0.000001
1.502000, 0.000000, 0.000001
1.503000, 0.000000, 0.000001
1.504000, 0.000000, 0.000001
1.505000, 0.000000, 0.000001
1.506000, 0.000000, 0.000001
1.507000, 0.000000, 0.000001
1.508000, 0.000000, 0.000001
1.509000, 0.000000, 0.000001
1.510000, 0.000000, 0.000001
1.511000, 0.000000, 0.000001
1.512000, 0.000000, 0.000001
1.513000, 0.000000, 0.000001
1.514000, 0.000000, 0.000001
1.515000, 0.000000, 0.000001
1.516000, 0.000000, 0.000001
1.517000, 0.000000, 0.000001
1.518000, 0.000000, 0.000001
1.519000, 0.000000, 0.000001
1.520000, 0.000000, 0.000001
1.521000, 0.000000, 0.000001
1.522000, 0.000000, 0.000001
1.523000, 0.000000, 0.000001
1.524000, 0.000000, 0.000001
1.525000, 0.000000, 0.000001
1.526000, 0.000000, 0.000001
1.527000, 0.000000, 0.000001
1.528000, 0.000000, 0.000001
1.529000, 0.000000, 0.000001
1.530000, 0.000000, 0.000001
1.531000, 0.000000, 0.000001
1.532000, 0.000000, 0.000001
1.533000, 0.000000, 0.000001
1.534000, 0.000000, 0.000001
1.535000, 0.000000, 0.000001
1.536000, 0.000000, 0.000001
1.537000, 0.000000, 0.000001
1.538000, 0.000000, 0.000001
1.539000, 0.000000, 0.000000
1.540000, 0.000000, 0.000000
1.541000, 0.000000, 0.000000
1.542000, 0.000000, 0.000000
1.543000, 0.000000, 0.000000
1.544000, 0.000000, 0.000000
1.545000, 0.000000, 0.000000
1.546000, 0.000000, 0.000000
1.547000, 0.000000, 0.000000
1.548000, 0.000000, 0.000000
1.549000, 0.000000, 0.000000
1.550000, 0.000000, 0.000000
1.551000, 0.000000, 0.000000
1.552000, 0.000000, 0.000000
1.553000, 0.000000, 0.000000
1.554000, 0.000000, 0.000000
1.555000, 0.000000, 0.000000
1.556000, 0.000000, 0.000000
1.557000, 0.000000, 0.000000
1.558000, 0.000000, 0.000000
1.559000, 0.000000, 0.000000
1.560000, 0.000000, 0.000000
1.561000, 0.000000, 0.000000
1.562000, 0.000000, 0.000000
1.563000, 0.000000, 0.000000
1.564000, 0.000000, 0.000000
1.565000, 0.000000, 0.000000
1.566000, 0.000000, 0.000000
1.567000, 0.000000, 0.000000
1.568000, 0.000000, 0.000000
1.569000, 0.000000, 0.000000
1.570000, 0.000000, 0.000000
1.571000, 0.000000, 0.000000
1.572000, 0.000000, 0.000000
1.573000, 0.000000, 0.000000
1.574000, 0.000000, 0.000000
1.575000, 0.000000, 0.000000
1.576000, 0.000000, 0.000000
1.577000, 0.000000, 0.000000
1.578000, 0.000000, 0.000000
1.579000, 0.000000, 0.000000
1.580000, 0.000000, 0.000000
1.581000, 0.000000, 0.000000
1.582000, 0.000000, 0.000000
1.583000, 0.000000, 0.000000
1.584000, 0.000000, 0.000000
1.585000, 0.000000, 0.000000
1.586000, 0.000000, 0.000000
1.587000, 0.000000, 0.000000
1.588000, 0.000000, 0.000000
1.589000, 0.000000, 0.000000
1.590000, 0.000000, 0.000000
1.591000, 0.000000, 0.000000
1.592000, 0.000000, 0.000000
1.593000, 0.000000, 0.000000
1.594000, 0.000000, 0.000000
1.595000, 0.000000, 0.000000
1.596000, 0.000000, 0.000000
1.597000, 0.000000, 0.000000
1.598000, 0.000000, 0.000000
1.599000, 0.000000, 0.000000
1.600000, 0.000000, 0.000000
1.601000, 0.000000, 0.000000
1.602000, 0.000000, 0.000000
1.603000, 0.000000, 0.000000
1.604000, 0.000000, 0.000000
1.605000, 0.000000, 0.000000
1.606000, 0.000000, 0.000000
1.607000, 0.000000, 0.000000
1.608000, 0.000000, 0.000000
1.609000, 0.000000, 0.000000
1.610000, 0.000000, 0.000000
1.611000, 0.000000, 0.000000
1.612000, 0.000000, 0.000000
1.613000, 0.000000, 0.000000
1.614000, 0.000000, 0.000000
1.615000, 0.000000, 0.000000
1.616000, 0.000000, 0.000000
1.617000, 0.000000, 0.000000
1.618000, 0.000000, 0.000000
1.619000, 0.000000, 0.000000
1.620000, 0.000000, 0.000000
1.621000, 0.000000, 0.000000
1.622000, 0.000000, 0.000000
1.623000, 0.000000, 0.000000
1.624000, 0.000000, 0.000000
1.625000, 0.000000, 0.000000
1.626000, 0.000000, 0.000000
1.627000, 0.000000, 0.000000
1.628000, 0.000000, 0.000000
1.629000, 0.000000, 0.000000
1.630000, 0.000000, 0.000000
1.631000, 0.000000, 0.000000
1.632000, 0.000000, 0.000000
1.633000, 0.000000, 0.000000
1.634000, 0.000000, 0.000000
1.635000, 0.000000, 0.000000
1.636000, 0.000000, 0.000000
1.637000, 0.000000, 0.000000
1.638000, 0.000000, 0.000000
1.639000, 0.000000, 0.000000
1.640000, 0.000000, 0.000000
1.641000, 0.000000, 0.000000
1.642000, 0.000000, 0.000000
1.643000, 0.000000, 0.000000
1.644000, 0.000000, 0.000000
1.645000, 0.000000, 0.000000
1.646000, 0.000000, 0.000000
1.647000, 0.000000, 0.000000
1.648000, 0.000000, 0.000000
1.649000, 0.000000, 0.000000
1.650000, 0.000000, 0.000000
1.651000, 0.000000, 0.000000
1.652000, 0.000000, 0.000000
1.653000, 0.000000, 0.000000
1.654000, 0.000000, 0.000000
1.655000, 0.000000, 0.000000
1.656000, 0.000000, 0.000000
1.657000, 0.000000, 0.000000
1.658000, 0.000000, 0.000000
1.659000, 0.000000, 0.000000
1.660000, 0.000000, 0.000000
1.661000, 0.000000, 0.000000
1.662000, 0.000000, 0.000000
1.663000, 0.000000, 0.000000
1.664000, 0.000000, 0.000000
1.665000, 0.000000, 0.000000
1.666000, 0.000000, 0.000000
1.667000, 0.000000, 0.000000
1.668000, 0.000000, 0.000000
1.669000, 0.000000, 0.000000
1.670000, 0.000000, 0.000000
1.671000, 0.000000, 0.000000
1.672000, 0.000000, 0.000000
1.673000, 0.000000, 0.000000
1.674000, 0.000000, 0.000000
1.675000, 0.000000, 0.000000
1.676000, 0.000000, 0.000000
1.677000, 0.000000, 0.000000
1.678000, 0.000000, 0.000000
1.679000, 0.000000, 0.000000
1.680000, 0.000000, 0.000000
1.681000, 0.000001, 0.000000
1.682000, 0.000001, 0.000000
1.683000, 0.000001, 0.000000
1.684000, 0.000001, 0.000000
1.685000, 0.000001, 0.000000
1.686000, 0.000001, 0.000000
1.687000, 0.000001, 0.000000
1.688000, 0.000001, 0.000000
1.689000, 0.000001, 0.000000
1.690000, 0.000001, 0.000000
1.691000, 0.000001, 0.000000
1.692000, 0.000001, 0.000000
1.693000, 0.000001, 0.000000
1.694000, 0.000001, 0.000000
1.695000, 0.000001, 0.000000
1.696000, 0.000001, 0.000000
1.697000, 0.000001, 0.000000
1.698000, 0.000001, 0.000000
1.699000, 0.000001, 0.000000
1.700000, 0.000001, 0.000000
1.701000, 0.000001, 0.000000
1.702000, 0.000001, 0.000000
1.703000, 0.000001, 0.000000
1.704000, 0.000001, 0.000000
1.705000, 0.000001, 0.000000
1.706000, 0.000001, 0.000000
1.707000, 0.000001, 0.000000
1.708000, 0.000001, 0.000000
1.709000, 0.000001, 0.000000
1.710000, 0.000001, 0.000000
1.711000, 0.000001, 0.000000
1.712000, 0.000001, 0.000000
1.713000, 0.000001, 0.000000
1.714000, 0.000001, 0.000000
1.715000, 0.000001, 0.000000
1.716000, 0.000001, 0.000000
1.717000, 0.000001, 0.000000
1.718000, 0.000001, 0.000000
1.719000, 0.000001, 0.000000
1.720000, 0.000001, 0.000000
1.721000, 0.000001, 0.000000
1.722000, 0.000001, 0.000000
1.723000, 0.000001, 0.000000
1.724000, 0.000001, 0.000000
1.725000, 0.000001, 0.000000
1.726000, 0.000001, 0.000000
1.727000, 0.000001, 0.000000
1.728000, 0.000001, 0.000000
1.729000, 0.000001, 0.000000
1.730000, 0.000001, 0.000000
1.731000, 0.000001, 0.000000
1.732000, 0.000001, 0.000000
1.733000, 0.000001, 0.000000
1.734000, 0.000001, 0.000000
1.735000, 0.000001, 0.000000
1.736000, 0.000001, 0.000000
1.737000, 0.000001, 0.000000
1.738000, 0.000001, 0.000000
1.739000, 0.000001, 0.000000
1.740000, 0.000001, 0.000000
1.741000, 0.000001, 0.000000
1.742000, 0.000001, 0.000000
1.743000, 0.000001, 0.000000
1.744000, 0.000001, 0.000000
1.745000, 0.000001, 0.000000
1.746000, 0.000001, 0.000000
1.747000, 0.000001, 0.000000
1.748000, 0.000001, 0.000000
1.749000, 0.000001, 0.000000
1.750000, 0.000001, 0.000000
1.751000, 0.000001, 0.000000
1.752000, 0.000001, 0.000000
1.753000, 0.000001, 0.000000
1.754000, 0.000001, 0.000000
1.755000, 0.000001, 0.000000
1.756000, 0.000001, 0.000000
1.757000, 0.000001, 0.000000
1.758000, 0.000001, 0.000000
1.759000, 0.000001, 0.000000
1.760000, 0.000001, 0.000000
1.761000, 0.000001, 0.000000
1.762000, 0.000001, 0.000000
1.763000, 0.000001, 0.000000
1.764000, 0.000001, 0.000000
1.765000, 0.000001, 0.000000
1.766000, 0.000001, 0.000000
1.767000, 0.000001, 0.000000
1.768000, 0.000001, 0.000000
1.769000, 0.000001, 0.000000
1.770000, 0.000001, 0.000000
1.771000, 0.000001, 0.000000
1.772000, 0.000001, 0.000000
1.773000, 0.000001, 0.000000
1.774000, 0.000001, 0.000000
1.775000, 0.000001, 0.000000
1.776000, 0.000001, 0.000000
1.777000, 0.000001, 0.000000
1.778000, 0.000001, 0.000000
1.779000, 0.000001, 0.000000
1.780000, 0.000001, 0.000000
1.781000, 0.000001, 0.000000
1.782000, 0.000001, 0.000000
1.783000, 0.000001, 0.000000
1.784000, 0.000001, 0.000000
1.785000, 0.000001, 0.000000
1.786000, 0.000001, 0.000000
1.787000, 0.000001, 0.000000
1.788000, 0.000001, 0.000000
1.789000, 0.000001, 0.000000
1.790000, 0.000001, 0.000000
1.791000, 0.000001, 0.000000
1.792000, 0.000001, 0.000000
1.793000, 0.000001, 0.000000
1.794000, 0.000001, 0.000000
1.795000, 0.000001, 0.000000
1.796000, 0.000001, 0.000000
1.797000, 0.000001, 0.000000
1.798000, 0.000001, 0.000000
1.799000, 0.000001, 0.000000
1.800000, 0.000001, 0.000000
1.801000, 0.000001, 0.000000
1.802000, 0.000001, 0.000000
1.803000, 0.000001, 0.000000
1.804000, 0.000001, 0.000000
1.805000, 0.000001, 0.000000
1.806000, 0.000001, 0.000000
1.807000, 0.000001, 0.000000
1.808000, 0.000001, 0.000000
1.809000, 0.000001, 0.000000
1.810000, 0.000001, 0.000000
1.811000, 0.000001, 0.000000
1.812000, 0.000001, 0.000000
1.813000, 0.000001, 0.000000
1.814000, 0.000001, 0.000000
1.815000, 0.000001, 0.000000
1.816000, 0.000001, 0.000000
1.817000, 0.000001, 0.000000
1.818000, 0.000001, 0.000000
1.819000, 0.000001, 0.000000
1.820000, 0.000001, 0.000000
1.821000, 0.000001, 0.000000
1.822000, 0.000001, 0.000000
1.823000, 0.000001, 0.000000
1.824000, 0.000001, 0.000000
1.825000, 0.000001, 0.000000
1.826000, 0.000001, 0.000000
1.827000, 0.000001, 0.000000
1.828000, 0.000001, 0.000000
1.829000, 0.000001, 0.000000
1.830000, 0.000001, 0.000000
1.831000, 0.000001, 0.000000
1.832000, 0.000001, 0.000000
1.833000, 0.000001, 0.000000
1.834000, 0.000001, 0.000000
1.835000, 0.000001, 0.000000
1.836000, 0.000001, 0.000000
1.837000, 0.000001, 0.000000
1.838000, 0.000001, 0.000000
1.839000, 0.000001, 0.000000
1.840000, 0.000001, 0.000000
1.841000, 0.000001, 0.000000
1.842000, 0.000001, 0.000000
1.843000, 0.000001, 0.000000
1.844000, 0.000001, 0.000000
1.845000, 0.000001, 0.000000
1.846000, 0.000001, 0.000000
1.847000, 0.000001, 0.000000
1.848000, 0.000001, 0.000000
1.849000, 0.000001, 0.000000
1.850000, 0.000001, 0.000000
1.851000, 0.000001, 0.000000
1.852000, 0.000001, 0.000000
1.853000, 0.000001, 0.000000
1.854000, 0.000001, 0.000000
1.855000, 0.000001, 0.000000
1.856000, 0.000001, 0.000000
1.857000, 0.000001, 0.000000
1.858000, 0.000001, 0.000000
1.859000, 0.000001, 0.000000
1.860000, 0.000001, 0.000000
1.861000, 0.000001, 0.000000
1.862000, 0.000001, 0.000000
1.863000, 0.000001, 0.000000
1.864000, 0.000001, 0.000000
1.865000, 0.000001, 0.000000
1.866000, 0.000001, 0.000000
1.867000, 0.000001, 0.000000
1.868000, 0.000001, 0.000000
1.869000, 0.000001, 0.000000
1.870000, 0.000001, 0.000000
1.871000, 0.000001, 0.000000
1.872000, 0.000001, 0.000000
1.873000, 0.000001, 0.000000
1.874000, 0.000001, 0.000000
1.875000, 0.000001, 0.000000
1.876000, 0.000001, 0.000000
1.877000, 0.000001, 0.000000
1.878000, 0.000001, 0.000000
1.879000, 0.000001, 0.000000
1.880000, 0.000001, 0.000000
1.881000, 0.000001, 0.000000
1.882000, 0.000001, 0.000000
1.883000, 0.000001, 0.000000
1.884000, 0.000001, 0.000000
1.885000, 0.000001, 0.000000
1.886000, 0.000001, 0.000000
1.887000, 0.000001, 0.000000
1.888000, 0.000001, 0.000000
1.889000, 0.000001, 0.000000
1.890000, 0.000001, 0.000000
1.891000, 0.000001, 0.000000
1.892000, 0.000001, 0.000000
1.893000, 0.000001, 0.000000
1.894000, 0.000001, 0.000000
1.895000, 0.000001, 0.000000
1.896000, 0.000001, 0.000000
1.897000, 0.000001, 0.000000
1.898000, 0.000001, 0.000000
1.899000, 0.000001, 0.000000
1.900000, 0.000001, 0.000000
1.901000, 0.000001, 0.000000
1.902000, 0.000001, 0.000000
1.903000, 0.000001, 0.000000
1.904000, 0.000001, 0.000000
1.905000, 0.000001, 0.000000
1.906000, 0.000001, 0.000000
1.907000, 0.000001, 0.000000
1.908000, 0.000001, 0.000000
1.909000, 0.000001, 0.000000
1.910000, 0.000001, 0.000000
1.911000, 0.000001, 0.000000
1.912000, 0.000001, 0.000000
1.913000, 0.000001, 0.000000
1.914000, 0.000001, 0.000000
1.915000, 0.000001, 0.000000
1.916000, 0.000001, 0.000000
1.917000, 0.000001, 0.000000
1.918000, 0.000001, 0.000000
1.919000, 0.000001, 0.000000
1.920000, 0.000001, 0.000000
1.921000, 0.000001, 0.000000
1.922000, 0.000001, 0.000000
1.923000, 0.000001, 0.000000
1.924000, 0.000001, 0.000000
1.925000, 0.000001, 0.000000
1.926000, 0.000001, 0.000000
1.927000, 0.000001, 0.000000
1.928000, 0.000001, 0.000000
1.929000, 0.000001, 0.000000
1.930000, 0.000001, 0.000000
1.931000, 0.000001, 0.000000
1.932000, 0.000001, 0.000000
1.933000, 0.000001, 0.000000
1.934000, 0.000001, 0.000000
1.935000, 0.000001, 0.000000
1.936000, 0.000001, 0.000000
1.937000, 0.000001, 0.000000
1.938000, 0.000001, 0.000000
1.939000, 0.000001, 0.000000
1.940000, 0.000001, 0.000000
1.941000, 0.000001, 0.000000
1.942000, 0.000001, 0.000000
1.943000, 0.000001, 0.000000
1.944000, 0.000001, 0.000000
1.945000, 0.000001, 0.000000
1.946000, 0.000001, 0.000000
1.947000, 0.000001, 0.000000
1.948000, 0.000001, 0.000000
1.949000, 0.000001, 0.000000
1.950000, 0.000001, 0.000000
1.951000, 0.000001, 0.000000
1.952000, 0.000001, 0.000000
1.953000, 0.000001, 0.000000
1.954000, 0.000001, 0.000000
1.955000, 0.000001, 0.000000
1.956000, 0.000001, 0.000000
1.957000, 0.000001, 0.000000
1.958000, 0.000001, 0.000000
1.959000, 0.000001, 0.000000
1.960000, 0.000001, 0.000000
1.961000, 0.000001, 0.000000
1.962000, 0.000001, 0.000000
1.963000, 0.000001, 0.000000
1.964000, 0.000001, 0.000000
1.965000, 0.000001, 0.000000
1.966000, 0.000001, 0.000000
1.967000, 0.000001, 0.000000
1.968000, 0.000001, 0.000000
1.969000, 0.000001, 0.000000
1.970000, 0.000001, 0.000000
1.971000, 0.000001, 0.000000
1.972000, 0.000001, 0.000000
1.973000, 0.000001, 0.000000
1.974000, 0.000001, 0.000000
1.975000, 0.000001, 0.000000
1.976000, 0.000001, 0.000000
1.977000, 0.000001, 0.000000
1.978000, 0.000001, 0.000000
1.979000, 0.000001, 0.000000
1.980000, 0.000001, 0.000000
1.981000, 0.000001, 0.000000
1.982000, 0.000001, 0.000000
1.983000, 0.000001, 0.000000
1.984000, 0.000001, 0.000000
1.985000, 0.000001, 0.000000
1.986000, 0.000001, 0.000000
1.987000, 0.000001, 0.000000
1.988000, 0.000001, 0.000000
1.989000, 0.000001, 0.000000
1.990000, 0.000001, 0.000000
1.991000, 0.000001, 0.000000
1.992000, 0.000001, 0.000000
1.993000, 0.000001, 0.000000
1.994000, 0.000001, 0.000000
1.995000, 0.000001, 0.000000
1.996000, 0.000001, 0.000000
1.997000, 0.000001, 0.000000
1.998000, 0.000001, 0.000000
1.999000, 0.000001, 0.000000
2.000000, 0.000001, 0.000000
2.001000, 1.500001, 0.000000
2.002000, 1.485894, -9.404482
2.003000, 1.464098, -17.665501
2.004000, 1.435635, -24.864020
2.005000, 1.401449, -31.078192
2.006000, 1.362414, -36.383203
2.007000, 1.319329, -40.851111
2.008000, 1.272928, -44.550706
2.009000, 1.223882, -47.547415
2.010000, 1.172801, -49.903257
2.011000, 1.120237, -51.676860
2.012000, 1.066691, -52.923509
2.013000, 1.012610, -53.695243
2.014000, 0.958396, -54.040969
2.015000, 0.904406, -54.006591
2.016000, 0.850957, -53.635142
2.017000, 0.798324, -52.966908
2.018000, 0.746748, -52.039542
2.019000, 0.696436, -50.888164
2.020000, 0.647562, -49.545455
2.021000, 0.600272, -48.041730
2.022000, 0.554685, -46.405009
2.023000, 0.510896, -44.661087
2.024000, 0.468976, -42.833597
2.025000, 0.428977, -40.944082
2.026000, 0.390931, -39.012064
2.027000, 0.354854, -37.055130
2.028000, 0.320748, -35.089010
2.029000, 0.288601, -33.127677
2.030000, 0.258390, -31.183439
2.031000, 0.230081, -29.267039
2.032000, 0.203633, -27.387764
2.033000, 0.178996, -25.553543
2.034000, 0.156117, -23.771056
2.035000, 0.134933, -22.045833
2.036000, 0.115383, -20.382356
2.037000, 0.097398, -18.784151
2.038000, 0.080909, -17.253887
2.039000, 0.065846, -15.793455
2.040000, 0.052136, -14.404055
2.041000, 0.039709, -13.086272
2.042000, 0.028492, -11.840148
2.043000, 0.018414, -10.665245
2.044000, 0.009406, -9.560713
2.045000, 0.001398, -8.525340
2.046000, -0.005676, -7.557608
2.047000, -0.011881, -6.655740
2.048000, -0.017279, -5.817742
2.049000, -0.021933, -5.041443
2.050000, -0.025899, -4.324530
2.051000, -0.029233, -3.664583
2.052000, -0.031990, -3.059100
2.053000, -0.034218, -2.505525
2.054000, -0.035968, -2.001271
2.055000, -0.037282, -1.543740
2.056000, -0.038206, -1.130341
2.057000, -0.038779, -0.758509
2.058000, -0.039038, -0.425712
2.059000, -0.039019, -0.129470
2.060000, -0.038756, 0.132641
2.061000, -0.038278, 0.362974
2.062000, -0.037613, 0.563810
2.063000, -0.036789, 0.737347
2.064000, -0.035829, 0.885700
2.065000, -0.034756, 1.010895
2.066000, -0.033589, 1.114867
2.067000, -0.032347, 1.199456
2.068000, -0.031047, 1.266412
2.069000, -0.029704, 1.317389
2.070000, -0.028332, 1.353949
2.071000, -0.026943, 1.377560
2.072000, -0.025547, 1.389601
2.073000, -0.024155, 1.391362
2.074000, -0.022775, 1.384045
2.075000, -0.021413, 1.368771
2.076000, -0.020078, 1.346575
2.077000, -0.018774, 1.318419
2.078000, -0.017505, 1.285185
2.079000, -0.016276, 1.247687
2.080000, -0.015090, 1.206667
2.081000, -0.013949, 1.162804
2.082000, -0.012855, 1.116714
2.083000, -0.011810, 1.068955
2.084000, -0.010815, 1.020029
2.085000, -0.009869, 0.970386
2.086000, -0.008974, 0.920430
2.087000, -0.008128, 0.870515
2.088000, -0.007332, 0.820956
2.089000, -0.006584, 0.772029
2.090000, -0.005885, 0.723970
2.091000, -0.005231, 0.676984
2.092000, -0.004623, 0.631245
2.093000, -0.004058, 0.586898
2.094000, -0.003535, 0.544062
2.095000, -0.003053, 0.502831
2.096000, -0.002610, 0.463280
2.097000, -0.002203, 0.425463
2.098000, -0.001832, 0.389416
2.099000, -0.001494, 0.355162
2.100000, -0.001187, 0.322705
2.101000, -0.000910, 0.292043
2.102000, -0.000662, 0.263157
2.103000, -0.000439, 0.236024
2.104000, -0.000241, 0.210609
2.105000, -0.000066, 0.186871
2.106000, 0.000087, 0.164763
2.107000, 0.000221, 0.144235
2.108000, 0.000337, 0.125231
2.109000, 0.000436, 0.107691
2.110000, 0.000519, 0.091555
2.111000, 0.000589, 0.076759
2.112000, 0.000645, 0.063240
2.113000, 0.000690, 0.050933
2.114000, 0.000724, 0.039773
2.115000, 0.000749, 0.029696
2.116000, 0.000765, 0.020638
2.117000, 0.000774, 0.012535
2.118000, 0.000775, 0.005328
2.119000, 0.000771, -0.001045
2.120000, 0.000762, -0.006641
2.121000, 0.000748, -0.011517
2.122000, 0.000730, -0.015727
2.123000, 0.000709, -0.019322
2.124000, 0.000685, -0.022354
2.125000, 0.000659, -0.024869
2.126000, 0.000631, -0.026912
2.127000, 0.000601, -0.028527
2.128000, 0.000571, -0.029754
2.129000, 0.000540, -0.030631
2.130000, 0.000508, -0.031195
2.131000, 0.000477, -0.031479
2.132000, 0.000445, -0.031514
2.133000, 0.000414, -0.031330
2.134000, 0.000383, -0.030955
2.135000, 0.000353, -0.030413
2.136000, 0.000324, -0.029728
2.137000, 0.000295, -0.028921
2.138000, 0.000268, -0.028013
2.139000, 0.000241, -0.027021
2.140000, 0.000216, -0.025962
2.141000, 0.000191, -0.024851
2.142000, 0.000168, -0.023700
2.143000, 0.000146, -0.022523
2.144000, 0.000126, -0.021331
2.145000, 0.000106, -0.020132
2.146000, 0.000088, -0.018936
2.147000, 0.000071, -0.017750
2.148000, 0.000055, -0.016581
2.149000, 0.000040, -0.015434
2.150000, 0.000026, -0.014315
2.151000, 0.000013, -0.013226
2.152000, 0.000002, -0.012173
2.153000, -0.000009, -0.011157
2.154000, -0.000019, -0.010182
2.155000, -0.000027, -0.009247
2.156000, -0.000035, -0.008356
2.157000, -0.000042, -0.007508
2.158000, -0.000049, -0.006704
2.159000, -0.000054, -0.005945
2.160000, -0.000059, -0.005229
2.161000, -0.000063, -0.004557
2.162000, -0.000067, -0.003927
2.163000, -0.000070, -0.003340
2.164000, -0.000073, -0.002793
2.165000, -0.000075, -0.002286
2.166000, -0.000076, -0.001818
2.167000, -0.000077, -0.001386
2.168000, -0.000078, -0.000990
2.169000, -0.000079, -0.000628
2.170000, -0.000079, -0.000298
2.171000, -0.000079, 0.000001
2.172000, -0.000078, 0.000271
2.173000, -0.000078, 0.000513
2.174000, -0.000077, 0.000729
2.175000, -0.000076, 0.000921
2.176000, -0.000074, 0.001090
2.177000, -0.000073, 0.001237
2.178000, -0.000072, 0.001365
2.179000, -0.000070, 0.001474
2.180000, -0.000069, 0.001566
2.181000, -0.000067, 0.001642
2.182000, -0.000065, 0.001704
2.183000, -0.000063, 0.001753
2.184000, -0.000062, 0.001789
2.185000, -0.000060, 0.001815
2.186000, -0.000058, 0.001830
2.187000, -0.000056, 0.001837
2.188000, -0.000054, 0.001836
2.189000, -0.000052, 0.001827
2.190000, -0.000051, 0.001812
2.191000, -0.000049, 0.001791
2.192000, -0.000047, 0.001766
2.193000, -0.000045, 0.001736
2.194000, -0.000044, 0.001703
2.195000, -0.000042, 0.001667
2.196000, -0.000040, 0.001628
2.197000, -0.000039, 0.001587
2.198000, -0.000037, 0.001545
2.199000, -0.000036, 0.001501
2.200000, -0.000034, 0.001457
2.201000, -0.000033, 0.001411
2.202000, -0.000032, 0.001366
2.203000, -0.000030, 0.001321
2.204000, -0.000029, 0.001276
2.205000, -0.000028, 0.001231
2.206000, -0.000027, 0.001187
2.207000, -0.000026, 0.001143
2.208000, -0.000025, 0.001101
2.209000, -0.000024, 0.001059
2.210000, -0.000023, 0.001019
2.211000, -0.000022, 0.000980
2.212000, -0.000021, 0.000941
2.213000, -0.000020, 0.000905
2.214000, -0.000019, 0.000869
2.215000, -0.000018, 0.000835
2.216000, -0.000017, 0.000802
2.217000, -0.000017, 0.000771
2.218000, -0.000016, 0.000740
2.219000, -0.000015, 0.000711
2.220000, -0.000014, 0.000684
2.221000, -0.000014, 0.000658
2.222000, -0.000013, 0.000633
2.223000, -0.000013, 0.000609
2.224000, -0.000012, 0.000586
2.225000, -0.000011, 0.000565
2.226000, -0.000011, 0.000544
2.227000, -0.000010, 0.000525
2.228000, -0.000010, 0.000507
2.229000, -0.000009, 0.000489
2.230000, -0.000009, 0.000473
2.231000, -0.000009, 0.000457
2.232000, -0.000008, 0.000443
2.233000, -0.000008, 0.000429
2.234000, -0.000007, 0.000416
2.235000, -0.000007, 0.000404
2.236000, -0.000006, 0.000392
2.237000, -0.000006, 0.000381
2.238000, -0.000006, 0.000371
2.239000, -0.000005, 0.000361
2.240000, -0.000005, 0.000351
2.241000, -0.000005, 0.000343
2.242000, -0.000004, 0.000334
2.243000, -0.000004, 0.000326
2.244000, -0.000004, 0.000319
2.245000, -0.000003, 0.000312
2.246000, -0.000003, 0.000305
2.247000, -0.000003, 0.000299
2.248000, -0.000003, 0.000292
2.249000, -0.000002, 0.000287
2.250000, -0.000002, 0.000281
2.251000, -0.000002, 0.000276
2.252000, -0.000001, 0.000270
2.253000, -0.000001, 0.000265
2.254000, -0.000001, 0.000261
2.255000, -0.000001, 0.000256
2.256000, -0.000000, 0.000252
2.257000, -0.000000, 0.000247
2.258000, 0.000000, 0.000243
2.259000, 0.000000, 0.000239
2.260000, 0.000001, 0.000235
2.261000, 0.000001, 0.000231
2.262000, 0.000001, 0.000228
2.263000, 0.000001, 0.000224
2.264000, 0.000001, 0.000220
2.265000, 0.000002, 0.000217
2.266000, 0.000002, 0.000213
2.267000, 0.000002, 0.000210
2.268000, 0.000002, 0.000207
2.269000, 0.000002, 0.000204
2.270000, 0.000003, 0.000200
2.271000, 0.000003, 0.000197
2.272000, 0.000003, 0.000194
2.273000, 0.000003, 0.000191
2.274000, 0.000003, 0.000188
2.275000, 0.000004, 0.000185
2.276000, 0.000004, 0.000182
2.277000, 0.000004, 0.000179
2.278000, 0.000004, 0.000176
2.279000, 0.000004, 0.000174
2.280000, 0.000005, 0.000171
2.281000, 0.000005, 0.000168
2.282000, 0.000005, 0.000165
2.283000, 0.000005, 0.000163
2.284000, 0.000005, 0.000160
2.285000, 0.000005, 0.000157
2.286000, 0.000005, 0.000155
2.287000, 0.000006, 0.000152
2.288000, 0.000006, 0.000150
2.289000, 0.000006, 0.000147
2.290000, 0.000006, 0.000145
2.291000, 0.000006, 0.000142
2.292000, 0.000006, 0.000140
2.293000, 0.000006, 0.000138
2.294000, 0.000007, 0.000135
2.295000, 0.000007, 0.000133
2.296000, 0.000007, 0.000131
2.297000, 0.000007, 0.000129
2.298000, 0.000007, 0.000127
2.299000, 0.000007, 0.000124
2.300000, 0.000007, 0.000122
2.301000, 0.000007, 0.000120
2.302000, 0.000008, 0.000118
2.303000, 0.000008, 0.000116
2.304000, 0.000008, 0.000114
2.305000, 0.000008, 0.000112
2.306000, 0.000008, 0.000110
2.307000, 0.000007, -0.000375
2.308000, 0.000006, -0.001364
2.309000, 0.000002, -0.002780
2.310000, -0.000003, -0.004544
2.311000, -0.000011, -0.006580
2.312000, -0.000021, -0.008810
2.313000, -0.000033, -0.011158
2.314000, -0.000048, -0.013549
2.315000, -0.000065, -0.015912
2.316000, -0.000084, -0.018181
2.317000, -0.000106, -0.020292
2.318000, -0.000129, -0.022186
2.319000, -0.000153, -0.023811
2.320000, -0.000179, -0.025121
2.321000, -0.000206, -0.026075
2.322000, -0.000233, -0.026640
2.323000, -0.000260, -0.026790
2.324000, -0.000286, -0.026507
2.325000, -0.000311, -0.025779
2.326000, -0.000335, -0.024603
2.327000, -0.000358, -0.022985
2.328000, -0.000377, -0.020934
2.329000, -0.000395, -0.018470
2.330000, -0.000409, -0.015620
2.331000, -0.000420, -0.012415
2.332000, -0.000427, -0.008893
2.333000, -0.000430, -0.005099
2.334000, -0.000430, -0.001376
2.335000, -0.000426, 0.001906
2.336000, -0.000420, 0.004780
2.337000, -0.000411, 0.007276
2.338000, -0.000401, 0.009422
2.339000, -0.000389, 0.011246
2.340000, -0.000375, 0.012774
2.341000, -0.000360, 0.014033
2.342000, -0.000345, 0.015046
2.343000, -0.000329, 0.015836
2.344000, -0.000312, 0.016424
2.345000, -0.000295, 0.016831
2.346000, -0.000278, 0.017075
2.347000, -0.000260, 0.017175
2.348000, -0.000243, 0.017147
2.349000, -0.000226, 0.017006
2.350000, -0.000210, 0.016767
2.351000, -0.000193, 0.016443
2.352000, -0.000178, 0.016046
2.353000, -0.000162, 0.015588
2.354000, -0.000147, 0.015078
2.355000, -0.000133, 0.014527
2.356000, -0.000120, 0.013943
2.357000, -0.000106, 0.013334
2.358000, -0.000094, 0.012706
2.359000, -0.000082, 0.012066
2.360000, -0.000071, 0.011420
2.361000, -0.000061, 0.010772
2.362000, -0.000051, 0.010128
2.363000, -0.000042, 0.009490
2.364000, -0.000033, 0.008862
2.365000, -0.000025, 0.008248
2.366000, -0.000018, 0.007649
2.367000, -0.000011, 0.007068
2.368000, -0.000005, 0.006506
2.369000, 0.000001, 0.005966
2.370000, 0.000006, 0.005447
2.371000, 0.000011, 0.004950
2.372000, 0.000015, 0.004477
2.373000, 0.000019, 0.004028
2.374000, 0.000022, 0.003602
2.375000, 0.000025, 0.003200
2.376000, 0.000028, 0.002822
2.377000, 0.000030, 0.002467
2.378000, 0.000032, 0.002134
2.379000, 0.000034, 0.001825
2.380000, 0.000035, 0.001537
2.381000, 0.000036, 0.001270
2.382000, 0.000037, 0.001023
2.383000, 0.000038, 0.000796
2.384000, 0.000038, 0.000588
2.385000, 0.000039, 0.000398
2.386000, 0.000039, 0.000225
2.387000, 0.000039, 0.000068
2.388000, 0.000038, -0.000073
2.389000, 0.000038, -0.000200
2.390000, 0.000038, -0.000313
2.391000, 0.000037, -0.000413
2.392000, 0.000037, -0.000501
2.393000, 0.000036, -0.000578
2.394000, 0.000036, -0.000645
2.395000, 0.000035, -0.000702
2.396000, 0.000034, -0.000750
2.397000, 0.000033, -0.000790
2.398000, 0.000032, -0.000822
2.399000, 0.000032, -0.000847
2.400000, 0.000031, -0.000866
2.401000, 0.000030, -0.000879
2.402000, 0.000029, -0.000888
2.403000, 0.000028, -0.000891
2.404000, 0.000027, -0.000890
2.405000, 0.000026, -0.000886
2.406000, 0.000025, -0.000878
2.407000, 0.000024, -0.000867
2.408000, 0.000024, -0.000854
2.409000, 0.000023, -0.000839
2.410000, 0.000022, -0.000822
2.411000, 0.000021, -0.000803
2.412000, 0.000020, -0.000783
2.413000, 0.000020, -0.000762
2.414000, 0.000019, -0.000741
2.415000, 0.000018, -0.000718
2.416000, 0.000018, -0.000695
2.417000, 0.000017, -0.000672
2.418000, 0.000016, -0.000649
2.419000, 0.000016, -0.000626
2.420000, 0.000015, -0.000603
2.421000, 0.000014, -0.000580
2.422000, 0.000014, -0.000557
2.423000, 0.000013, -0.000535
2.424000, 0.000013, -0.000513
2.425000, 0.000012, -0.000492
2.426000, 0.000012, -0.000472
2.427000, 0.000012, -0.000452
2.428000, 0.000011, -0.000432
2.429000, 0.000011, -0.000414
2.430000, 0.000010, -0.000396
2.431000, 0.000010, -0.000379
2.432000, 0.000010, -0.000362
2.433000, 0.000009, -0.000346
2.434000, 0.000009, -0.000331
2.435000, 0.000009, -0.000316
2.436000, 0.000008, -0.000303
2.437000, 0.000008, -0.000290
2.438000, 0.000008, -0.000277
2.439000, 0.000008, -0.000265
2.440000, 0.000007, -0.000254
2.441000, 0.000007, -0.000243
2.442000, 0.000007, -0.000233
2.443000, 0.000007, -0.000224
2.444000, 0.000006, -0.000214
2.445000, 0.000006, -0.000206
2.446000, 0.000006, -0.000198
2.447000, 0.000006, -0.000190
2.448000, 0.000006, -0.000183
2.449000, 0.000005, -0.000176
2.450000, 0.000005, -0.000170
2.451000, 0.000005, -0.000164
2.452000, 0.000005, -0.000158
2.453000, 0.000005, -0.000153
2.454000, 0.000005, -0.000148
2.455000, 0.000005, -0.000143
2.456000, 0.000004, -0.000139
2.457000, 0.000004, -0.000135
2.458000, 0.000004, -0.000131
2.459000, 0.000004, -0.000127
2.460000, 0.000004, -0.000124
2.461000, 0.000004, -0.000120
2.462000, 0.000004, -0.000117
2.463000, 0.000004, -0.000114
2.464000, 0.000003, -0.000111
2.465000, 0.000003, -0.000108
2.466000, 0.000003, -0.000106
2.467000, 0.000003, -0.000103
2.468000, 0.000003, -0.000101
2.469000, 0.000003, -0.000099
2.470000, 0.000003, -0.000096
2.471000, 0.000003, -0.000094
2.472000, 0.000003, -0.000092
2.473000, 0.000003, -0.000090
2.474000, 0.000002, -0.000088
2.475000, 0.000002, -0.000087
2.476000, 0.000002, -0.000085
2.477000, 0.000002, -0.000083
2.478000, 0.000002, -0.000081
2.479000, 0.000002, -0.000080
2.480000, 0.000002, -0.000078
2.481000, 0.000002, -0.000076
2.482000, 0.000002, -0.000075
2.483000, 0.000002, -0.000073
2.484000, 0.000002, -0.000072
2.485000, 0.000002, -0.000070
2.486000, 0.000002, -0.000069
2.487000, 0.000001, -0.000068
2.488000, 0.000001, -0.000066
2.489000, 0.000001, -0.000065
2.490000, 0.000001, -0.000063
2.491000, 0.000001, -0.000062
2.492000, 0.000001, -0.000061
2.493000, 0.000001, -0.000059
2.494000, 0.000001, -0.000058
2.495000, 0.000001, -0.000057
2.496000, 0.000001, -0.000055
2.497000, 0.000001, -0.000054
2.498000, 0.000001, -0.000053
2.499000, 0.000001, -0.000052
2.500000, 0.000001, -0.000051
2.501000, 0.000001, -0.000049
2.502000, 0.000001, -0.000048
2.503000, 0.000001, -0.000047
2.504000, 0.000001, -0.000046
2.505000, 0.000000, -0.000045
2.506000, 0.000000, -0.000044
2.507000, 0.000000, -0.000042
2.508000, 0.000000, -0.000041
2.509000, 0.000000, -0.000040
2.510000, 0.000000, -0.000039
2.511000, 0.000000, -0.000038
2.512000, 0.000000, -0.000037
2.513000, 0.000000, -0.000036
2.514000, 0.000000, -0.000035
2.515000, 0.000000, -0.000034
2.516000, 0.000000, -0.000033
2.517000, 0.000000, -0.000032
2.518000, -0.000000, -0.000031
2.519000, -0.000000, -0.000030
2.520000, -0.000000, -0.000029
2.521000, -0.000000, -0.000029
2.522000, -0.000000, -0.000028
2.523000, -0.000000, -0.000027
2.524000, -0.000000, -0.000026
2.525000, -0.000000, -0.000025
2.526000, -0.000000, -0.000024
2.527000, -0.000000, -0.000024
2.528000, -0.000000, -0.000023
2.529000, -0.000000, -0.000022
2.530000, -0.000000, -0.000021
2.531000, -0.000000, -0.000020
2.532000, -0.000000, -0.000020
2.533000, -0.000000, -0.000019
2.534000, -0.000000, -0.000018
2.535000, -0.000000, -0.000018
2.536000, -0.000000, -0.000017
2.537000, -0.000000, -0.000016
2.538000, -0.000000, -0.000016
2.539000, -0.000000, -0.000015
2.540000, -0.000000, -0.000014
2.541000, -0.000000, -0.000014
2.542000, -0.000001, -0.000013
2.543000, -0.000001, -0.000013
2.544000, -0.000001, -0.000012
2.545000, -0.000001, -0.000011
2.546000, -0.000001, -0.000011
2.547000, -0.000001, -0.000010
2.548000, -0.000001, -0.000010
2.549000, -0.000001, -0.000009
2.550000, -0.000001, -0.000009
2.551000, -0.000001, -0.000008
2.552000, -0.000001, -0.000008
2.553000, -0.000001, -0.000007
2.554000, -0.000001, -0.000007
2.555000, -0.000001, -0.000006
2.556000, -0.000001, -0.000006
2.557000, -0.000001, -0.000005
2.558000, -0.000001, -0.000005
2.559000, -0.000001, -0.000005
2.560000, -0.000001, -0.000004
2.561000, -0.000001, -0.000004
2.562000, -0.000001, -0.000003
2.563000, -0.000001, -0.000003
2.564000, -0.000001, -0.000003
2.565000, -0.000001, -0.000002
2.566000, -0.000001, -0.000002
2.567000, -0.000001, -0.000002
2.568000, -0.000001, -0.000001
2.569000, -0.000001, -0.000001
2.570000, -0.000001, -0.000001
2.571000, -0.000001, -0.000000
2.572000, -0.000001, 0.000000
2.573000, -0.000001, 0.000000
2.574000, -0.000001, 0.000001
2.575000, -0.000001, 0.000001
2.576000, -0.000001, 0.000001
2.577000, -0.000001, 0.000002
2.578000, -0.000001, 0.000002
2.579000, -0.000001, 0.000002
2.580000, -0.000001, 0.000003
2.581000, -0.000001, 0.000003
2.582000, -0.000001, 0.000003
2.583000, -0.000001, 0.000003
2.584000, -0.000001, 0.000004
2.585000, -0.000001, 0.000004
2.586000, -0.000001, 0.000004
2.587000, -0.000001, 0.000004
2.588000, -0.000001, 0.000005
2.589000, -0.000001, 0.000005
2.590000, -0.000001, 0.000005
2.591000, -0.000001, 0.000005
2.592000, -0.000001, 0.000005
2.593000, -0.000001, 0.000006
2.594000, -0.000001, 0.000006
2.595000, -0.000001, 0.000006
2.596000, -0.000001, 0.000006
2.597000, -0.000001, 0.000006
2.598000, -0.000001, 0.000007
2.599000, -0.000001, 0.000007
2.600000, -0.000001, 0.000007
2.601000, -0.000001, 0.000007
2.602000, -0.000001, 0.000007
2.603000, -0.000001, 0.000007
2.604000, -0.000001, 0.000008
2.605000, -0.000001, 0.000008
2.606000, -0.000001, 0.000008
2.607000, -0.000000, 0.000008
2.608000, -0.000000, 0.000008
2.609000, -0.000000, 0.000008
2.610000, -0.000000, 0.000009
2.611000, -0.000000, 0.000009
2.612000, -0.000000, 0.000009
2.613000, -0.000000, 0.000009
2.614000, -0.000000, 0.000009
2.615000, -0.000000, 0.000009
2.616000, -0.000000, 0.000009
2.617000, -0.000000, 0.000010
2.618000, -0.000000, 0.000010
2.619000, -0.000000, 0.000010
2.620000, -0.000000, 0.000010
2.621000, -0.000000, 0.000010
2.622000, -0.000000, 0.000010
2.623000, -0.000000, 0.000010
2.624000, -0.000000, 0.000010
2.625000, -0.000000, 0.000010
2.626000, -0.000000, 0.000011
2.627000, -0.000000, 0.000011
2.628000, -0.000000, 0.000011
2.629000, -0.000000, 0.000011
2.630000, -0.000000, 0.000011
2.631000, -0.000000, 0.000011
2.632000, -0.000000, 0.000011
2.633000, -0.000000, 0.000011
2.634000, -0.000000, 0.000011
2.635000, -0.000000, 0.000011
2.636000, -0.000000, 0.000011
2.637000, -0.000000, 0.000012
2.638000, -0.000000, 0.000012
2.639000, -0.000000, 0.000012
2.640000, -0.000000, 0.000012
2.641000, -0.000000, 0.000012
2.642000, -0.000000, 0.000012
2.643000, -0.000000, 0.000012
2.644000, -0.000000, 0.000012
2.645000, -0.000000, 0.000012
2.646000, -0.000000, 0.000012
2.647000, -0.000000, 0.000012
2.648000, -0.000000, 0.000012
2.649000, -0.000000, 0.000012
2.650000, -0.000000, 0.000012
2.651000, -0.000000, 0.000013
2.652000, -0.000000, 0.000013
2.653000, 0.000000, 0.000013
2.654000, 0.000000, 0.000013
2.655000, 0.000000, 0.000013
2.656000, 0.000000, 0.000013
2.657000, 0.000000, 0.000013
2.658000, 0.000000, 0.000013
2.659000, 0.000000, 0.000013
2.660000, 0.000000, 0.000013
2.661000, 0.000000, 0.000013
2.662000, 0.000000, 0.000013
2.663000, 0.000000, 0.000013
2.664000, 0.000000, 0.000013
2.665000, 0.000000, 0.000013
2.666000, 0.000000, 0.000013
2.667000, 0.000000, 0.000013
2.668000, 0.000000, 0.000013
2.669000, 0.000000, 0.000013
2.670000, 0.000000, 0.000013
2.671000, 0.000000, 0.000013
2.672000, 0.000000, 0.000014
2.673000, 0.000000, 0.000014
2.674000, 0.000000, 0.000014
2.675000, 0.000000, 0.000014
2.676000, 0.000000, 0.000014
2.677000, 0.000000, 0.000014
2.678000, 0.000000, 0.000014
2.679000, 0.000000, 0.000014
2.680000, 0.000000, 0.000014
2.681000, 0.000000, 0.000014
2.682000, 0.000000, 0.000014
2.683000, 0.000000, 0.000014
2.684000, 0.000000, 0.000014
2.685000, 0.000000, 0.000014
2.686000, 0.000000, 0.000014
2.687000, 0.000000, 0.000014
2.688000, 0.000000, 0.000014
2.689000, 0.000000, 0.000014
2.690000, 0.000000, 0.000014
2.691000, 0.000001, 0.000014
2.692000, 0.000001, 0.000014
2.693000, 0.000001, 0.000014
2.694000, 0.000001, 0.000014
2.695000, 0.000001, 0.000014
2.696000, 0.000001, 0.000014
2.697000, 0.000001, 0.000014
2.698000, 0.000001, 0.000014
2.699000, 0.000001, 0.000014
2.700000, 0.000001, 0.000014
2.701000, 0.000001, 0.000014
2.702000, 0.000001, 0.000014
2.703000, 0.000001, 0.000014
2.704000, 0.000001, 0.000014
2.705000, 0.000001, 0.000014
2.706000, 0.000001, 0.000014
2.707000, 0.000001, 0.000014
2.708000, 0.000001, 0.000014
2.709000, 0.000001, 0.000014
2.710000, 0.000001, 0.000014
2.711000, 0.000001, 0.000014
2.712000, 0.000001, 0.000014
2.713000, 0.000001, 0.000014
2.714000, 0.000001, 0.000014
2.715000, 0.000001, 0.000014
2.716000, 0.000001, 0.000014
2.717000, 0.000001, 0.000014
2.718000, 0.000001, 0.000014
2.719000, 0.000001, 0.000014
2.720000, 0.000001, 0.000014
2.721000, 0.000001, 0.000014
2.722000, 0.000001, 0.000014
2.723000, 0.000001, 0.000014
2.724000, 0.000001, 0.000014
2.725000, 0.000001, 0.000014
2.726000, 0.000001, 0.000014
2.727000, 0.000001, 0.000014
2.728000, 0.000001, 0.000014
2.729000, 0.000001, 0.000014
2.730000, 0.000001, 0.000014
2.731000, 0.000001, 0.000014
2.732000, 0.000001, 0.000014
2.733000, 0.000001, 0.000014
2.734000, 0.000001, 0.000014
2.735000, 0.000001, 0.000014
2.736000, 0.000001, 0.000014
2.737000, 0.000001, 0.000014
2.738000, 0.000001, 0.000014
2.739000, 0.000001, 0.000014
2.740000, 0.000001, 0.000014
2.741000, 0.000001, 0.000014
2.742000, 0.000001, 0.000014
2.743000, 0.000001, 0.000014
2.744000, 0.000001, 0.000014
2.745000, 0.000001, 0.000014
2.746000, 0.000001, 0.000014
2.747000, 0.000001, 0.000014
2.748000, 0.000001, 0.000014
2.749000, 0.000001, 0.000014
2.750000, 0.000001, 0.000014
2.751000, 0.000001, 0.000014
2.752000, 0.000001, 0.000014
2.753000, 0.000001, 0.000014
2.754000, 0.000001, 0.000014
2.755000, 0.000001, 0.000014
2.756000, 0.000001, 0.000014
2.757000, 0.000001, 0.000014
2.758000, 0.000001, 0.000014
2.759000, 0.000001, 0.000014
2.760000, 0.000002, 0.000014
2.761000, 0.000002, 0.000014
2.762000, 0.000002, 0.000014
2.763000, 0.000002, 0.000014
2.764000, 0.000002, 0.000014
2.765000, 0.000002, 0.000014
2.766000, 0.000002, 0.000014
2.767000, 0.000002, 0.000014
2.768000, 0.000002, 0.000014
2.769000, 0.000002, 0.000014
2.770000, 0.000002, 0.000014
2.771000, 0.000002, 0.000014
2.772000, 0.000002, 0.000014
2.773000, 0.000002, 0.000014
2.774000, 0.000002, 0.000014
2.775000, 0.000002, 0.000014
2.776000, 0.000002, 0.000014
2.777000, 0.000002, 0.000014
2.778000, 0.000002, 0.000014
2.779000, 0.000002, 0.000014
2.780000, 0.000002, 0.000014
2.781000, 0.000002, 0.000014
2.782000, 0.000002, 0.000014
2.783000, 0.000002, 0.000014
2.784000, 0.000002, 0.000014
2.785000, 0.000002, 0.000014
2.786000, 0.000002, 0.000014
2.787000, 0.000002, 0.000014
2.788000, 0.000002, 0.000014
2.789000, 0.000002, 0.000014
2.790000, 0.000002, 0.000014
2.791000, 0.000002, 0.000014
2.792000, 0.000002, 0.000014
2.793000, 0.000002, 0.000014
2.794000, 0.000002, 0.000014
2.795000, 0.000002, 0.000014
2.796000, 0.000002, 0.000014
2.797000, 0.000002, 0.000014
2.798000, 0.000002, 0.000014
2.799000, 0.000002, 0.000014
2.800000, 0.000002, 0.000014
2.801000, 0.000002, 0.000014
2.802000, 0.000002, 0.000014
2.803000, 0.000002, 0.000014
2.804000, 0.000002, 0.000014
2.805000, 0.000002, 0.000014
2.806000, 0.000002, 0.000014
2.807000, 0.000002, 0.000014
2.808000, 0.000002, 0.000014
2.809000, 0.000002, 0.000014
2.810000, 0.000002, 0.000014
2.811000, 0.000002, 0.000014
2.812000, 0.000002, 0.000014
2.813000, 0.000002, 0.000014
2.814000, 0.000002, 0.000014
2.815000, 0.000002, 0.000014
2.816000, 0.000002, 0.000014
2.817000, 0.000002, 0.000014
2.818000, 0.000002, 0.000014
2.819000, 0.000002, 0.000014
2.820000, 0.000002, 0.000014
2.821000, 0.000002, 0.000014
2.822000, 0.000002, 0.000014
2.823000, 0.000002, 0.000014
2.824000, 0.000002, 0.000014
2.825000, 0.000002, 0.000014
2.826000, 0.000002, 0.000014
2.827000, 0.000002, 0.000014
2.828000, 0.000002, 0.000014
2.829000, 0.000002, 0.000014
2.830000, 0.000002, 0.000014
2.831000, 0.000003, 0.000014
2.832000, 0.000003, 0.000014
2.833000, 0.000003, 0.000014
2.834000, 0.000003, 0.000014
2.835000, 0.000003, 0.000014
2.836000, 0.000003, 0.000014
2.837000, 0.000003, 0.000014
2.838000, 0.000003, 0.000014
2.839000, 0.000003, 0.000014
2.840000, 0.000003, 0.000014
2.841000, 0.000003, 0.000014
2.842000, 0.000003, 0.000014
2.843000, 0.000003, 0.000014
2.844000, 0.000003, 0.000014
2.845000, 0.000003, 0.000014
2.846000, 0.000003, 0.000014
2.847000, 0.000003, 0.000014
2.848000, 0.000003, 0.000014
2.849000, 0.000003, 0.000014
2.850000, 0.000003, 0.000014
2.851000, 0.000003, 0.000014
2.852000, 0.000003, 0.000014
2.853000, 0.000003, 0.000014
2.854000, 0.000003, 0.000014
2.855000, 0.000003, 0.000014
2.856000, 0.000003, 0.000014
2.857000, 0.000003, 0.000014
2.858000, 0.000003, 0.000014
2.859000, 0.000003, 0.000014
2.860000, 0.000003, 0.000014
2.861000, 0.000003, 0.000014
2.862000, 0.000003, 0.000014
2.863000, 0.000003, 0.000014
2.864000, 0.000003, 0.000014
2.865000, 0.000003, 0.000014
2.866000, 0.000003, 0.000014
2.867000, 0.000003, 0.000014
2.868000, 0.000003, 0.000014
2.869000, 0.000003, 0.000014
2.870000, 0.000003, 0.000013
2.871000, 0.000003, 0.000013
2.872000, 0.000003, 0.000013
2.873000, 0.000003, 0.000013
2.874000, 0.000003, 0.000013
2.875000, 0.000003, 0.000013
2.876000, 0.000003, 0.000013
2.877000, 0.000003, 0.000013
2.878000, 0.000003, 0.000013
2.879000, 0.000003, 0.000013
2.880000, 0.000003, 0.000013
2.881000, 0.000003, 0.000013
2.882000, 0.000003, 0.000013
2.883000, 0.000003, 0.000013
2.884000, 0.000003, 0.000013
2.885000, 0.000003, 0.000013
2.886000, 0.000003, 0.000013
2.887000, 0.000003, 0.000013
2.888000, 0.000003, 0.000013
2.889000, 0.000003, 0.000013
2.890000, 0.000003, 0.000013
2.891000, 0.000003, 0.000013
2.8920