time, theta__error, theta_dot_error
0.000000, -1.500001, -0.000390
0.001000, -1.485894, 9.404122
0.002000, -1.463226, 18.246863
0.003000, -1.432597, 26.501870
0.004000, -1.394624, 34.148853
0.005000, -1.349939, 41.173013
0.006000, -1.299179, 47.564753
0.007000, -1.242982, 53.319295
0.008000, -1.181987, 58.436242
0.009000, -1.116827, 62.919102
0.010000, -1.048124, 66.774824
0.011000, -0.976491, 70.013370
0.012000, -0.902527, 72.647350
0.013000, -0.826813, 74.691755
0.014000, -0.749913, 76.163764
0.015000, -0.672371, 77.082655
0.016000, -0.594708, 77.469760
0.017000, -0.517420, 77.348460
0.018000, -0.440978, 76.744183
0.019000, -0.365824, 75.684350
0.020000, -0.292368, 74.198274
0.021000, -0.220992, 72.316981
0.022000, -0.152041, 70.072950
0.023000, -0.085828, 67.499800
0.024000, -0.022630, 64.631925
0.025000, 0.037310, 61.504110
0.026000, 0.070796, 58.151158
0.027000, 0.070796, 54.754239
0.028000, 0.070796, 51.529558
0.029000, 0.070796, 48.468380
0.030000, 0.070796, 45.562417
0.031000, 0.070796, 42.803798
0.032000, 0.070796, 40.185051
0.033000, 0.070796, 37.699086
0.034000, 0.070796, 35.339168
0.035000, 0.070796, 33.098908
0.036000, 0.070796, 30.972238
0.037000, 0.070796, 28.953398
0.038000, 0.070796, 27.036921
0.039000, 0.070796, 25.217617
0.040000, 0.070796, 23.490559
0.041000, 0.070796, 21.851069
0.042000, 0.070796, 20.294707
0.043000, 0.070796, 18.817259
0.044000, 0.070796, 17.414724
0.045000, 0.070796, 16.083302
0.046000, 0.070796, 14.819388
0.047000, 0.070796, 13.619560
0.048000, 0.070796, 12.480567
0.049000, 0.070796, 11.399325
0.050000, 0.070796, 10.372907
0.051000, 0.070796, 9.398531
0.052000, 0.070796, 8.473560
0.053000, 0.070796, 7.595489
0.054000, 0.070796, 6.761939
0.055000, 0.070796, 5.970653
0.056000, 0.070796, 5.219487
0.057000, 0.070796, 4.506409
0.058000, 0.070796, 3.829486
0.059000, 0.070796, 3.186886
0.060000, 0.070796, 2.576868
0.061000, 0.070796, 1.997779
0.062000, 0.070796, 1.448053
0.063000, 0.070796, 0.926199
0.064000, 0.070796, 0.430805
0.065000, 0.070522, -0.039470
0.066000, 0.069815, -0.484162
0.067000, 0.068705, -0.901829
0.068000, 0.067219, -1.291282
0.069000, 0.065387, -1.651573
0.070000, 0.063240, -1.981990
0.071000, 0.060808, -2.282049
0.072000, 0.058121, -2.551483
0.073000, 0.055212, -2.790236
0.074000, 0.052109, -2.998448
0.075000, 0.048844, -3.176443
0.076000, 0.045445, -3.324723
0.077000, 0.041941, -3.443949
0.078000, 0.038361, -3.534930
0.079000, 0.034730, -3.598611
0.080000, 0.031076, -3.636061
0.081000, 0.027421, -3.648454
0.082000, 0.023790, -3.637063
0.083000, 0.020203, -3.603242
0.084000, 0.016682, -3.548412
0.085000, 0.013245, -3.474055
0.086000, 0.009910, -3.381693
0.087000, 0.006691, -3.272881
0.088000, 0.003604, -3.149196
0.089000, 0.000660, -3.012222
0.090000, -0.002129, -2.863544
0.091000, -0.004754, -2.704734
0.092000, -0.007208, -2.537344
0.093000, -0.009484, -2.362898
0.094000, -0.011576, -2.182880
0.095000, -0.013483, -1.998731
0.096000, -0.015201, -1.811841
0.097000, -0.016731, -1.623540
0.098000, -0.018072, -1.435099
0.099000, -0.019226, -1.247717
0.100000, -0.020196, -1.062525
0.101000, -0.020985, -0.880579
0.102000, -0.021599, -0.702855
0.103000, -0.022043, -0.530252
0.104000, -0.022323, -0.363588
0.105000, -0.022447, -0.203599
0.106000, -0.022422, -0.050937
0.107000, -0.022255, 0.093824
0.108000, -0.021957, 0.230192
0.109000, -0.021536, 0.357757
0.110000, -0.021000, 0.476185
0.111000, -0.020360, 0.585216
0.112000, -0.019626, 0.684667
0.113000, -0.018807, 0.774424
0.114000, -0.017912, 0.854440
0.115000, -0.016952, 0.924733
0.116000, -0.015937, 0.985381
0.117000, -0.014875, 1.036519
0.118000, -0.013775, 1.078336
0.119000, -0.012648, 1.111069
0.120000, -0.011501, 1.135000
0.121000, -0.010343, 1.150451
0.122000, -0.009181, 1.157780
0.123000, -0.008024, 1.157380
0.124000, -0.006878, 1.149669
0.125000, -0.005751, 1.135089
0.126000, -0.004647, 1.114102
0.127000, -0.003573, 1.087188
0.128000, -0.002535, 1.054835
0.129000, -0.001536, 1.017541
0.130000, -0.000581, 0.975810
0.131000, 0.000327, 0.930144
0.132000, 0.001183, 0.881044
0.133000, 0.001986, 0.829007
0.134000, 0.002733, 0.774520
0.135000, 0.003423, 0.718061
0.136000, 0.004054, 0.660094
0.137000, 0.004626, 0.601067
0.138000, 0.005137, 0.541411
0.139000, 0.005589, 0.481538
0.140000, 0.005981, 0.421840
0.141000, 0.006314, 0.362684
0.142000, 0.006589, 0.304417
0.143000, 0.006808, 0.247360
0.144000, 0.006972, 0.191809
0.145000, 0.007083, 0.138035
0.146000, 0.007144, 0.086283
0.147000, 0.007156, 0.036772
0.148000, 0.007122, -0.010305
0.149000, 0.007045, -0.054781
0.150000, 0.006928, -0.096514
0.151000, 0.006773, -0.135388
0.152000, 0.006584, -0.171310
0.153000, 0.006363, -0.204212
0.154000, 0.006114, -0.234047
0.155000, 0.005840, -0.260793
0.156000, 0.005543, -0.284446
0.157000, 0.005228, -0.305022
0.158000, 0.004897, -0.322558
0.159000, 0.004552, -0.337106
0.160000, 0.004198, -0.348734
0.161000, 0.003836, -0.357527
0.162000, 0.003469, -0.363581
0.163000, 0.003101, -0.367005
0.164000, 0.002732, -0.367920
0.165000, 0.002367, -0.366455
0.166000, 0.002006, -0.362747
0.167000, 0.001652, -0.356941
0.168000, 0.001306, -0.349186
0.169000, 0.000971, -0.339637
0.170000, 0.000649, -0.328450
0.171000, 0.000339, -0.315786
0.172000, 0.000044, -0.301803
0.173000, -0.000235, -0.286661
0.174000, -0.000497, -0.270519
0.175000, -0.000742, -0.253533
0.176000, -0.000969, -0.235856
0.177000, -0.001178, -0.217637
0.178000, -0.001368, -0.199020
0.179000, -0.001538, -0.180146
0.180000, -0.001690, -0.161147
0.181000, -0.001823, -0.142151
0.182000, -0.001936, -0.123277
0.183000, -0.002032, -0.104640
0.184000, -0.002109, -0.086343
0.185000, -0.002168, -0.068485
0.186000, -0.002211, -0.051156
0.187000, -0.002237, -0.034436
0.188000, -0.002247, -0.018399
0.189000, -0.002243, -0.003109
0.190000, -0.002224, 0.011377
0.191000, -0.002192, 0.025010
0.192000, -0.002148, 0.037751
0.193000, -0.002093, 0.049565
0.194000, -0.002027, 0.060429
0.195000, -0.001952, 0.070325
0.196000, -0.001868, 0.079242
0.197000, -0.001777, 0.087177
0.198000, -0.001679, 0.094132
0.199000, -0.001576, 0.100115
0.200000, -0.001468, 0.105142
0.201000, -0.001357, 0.109232
0.202000, -0.001243, 0.112409
0.203000, -0.001127, 0.114703
0.204000, -0.001010, 0.116146
0.205000, -0.000893, 0.116776
0.206000, -0.000777, 0.116632
0.207000, -0.000661, 0.115756
0.208000, -0.000548, 0.114194
0.209000, -0.000437, 0.111993
0.210000, -0.000329, 0.109200
0.211000, -0.000225, 0.105866
0.212000, -0.000125, 0.102041
0.213000, -0.000029, 0.097775
0.214000, 0.000061, 0.093119
0.215000, 0.000147, 0.088124
0.216000, 0.000227, 0.082839
0.217000, 0.000302, 0.077315
0.218000, 0.000370, 0.071598
0.219000, 0.000433, 0.065735
0.220000, 0.000490, 0.059771
0.221000, 0.000541, 0.053750
0.222000, 0.000586, 0.047712
0.223000, 0.000624, 0.041697
0.224000, 0.000657, 0.035742
0.225000, 0.000684, 0.029881
0.226000, 0.000705, 0.024146
0.227000, 0.000721, 0.018568
0.228000, 0.000731, 0.013171
0.229000, 0.000737, 0.007982
0.230000, 0.000737, 0.003022
0.231000, 0.000733, -0.001690
0.232000, 0.000725, -0.006138
0.233000, 0.000713, -0.010308
0.234000, 0.000696, -0.014187
0.235000, 0.000677, -0.017769
0.236000, 0.000654, -0.021044
0.237000, 0.000629, -0.024010
0.238000, 0.000601, -0.026665
0.239000, 0.000571, -0.029007
0.240000, 0.000538, -0.031040
0.241000, 0.000505, -0.032767
0.242000, 0.000470, -0.034193
0.243000, 0.000434, -0.035326
0.244000, 0.000397, -0.036174
0.245000, 0.000360, -0.036748
0.246000, 0.000323, -0.037057
0.247000, 0.000286, -0.037116
0.248000, 0.000249, -0.036936
0.249000, 0.000213, -0.036533
0.250000, 0.000177, -0.035919
0.251000, 0.000143, -0.035112
0.252000, 0.000109, -0.034125
0.253000, 0.000077, -0.032976
0.254000, 0.000046, -0.031679
0.255000, 0.000016, -0.030252
0.256000, -0.000012, -0.028710
0.257000, -0.000038, -0.027070
0.258000, -0.000063, -0.025347
0.259000, -0.000085, -0.023556
0.260000, -0.000106, -0.021712
0.261000, -0.000125, -0.019830
0.262000, -0.000142, -0.017924
0.263000, -0.000157, -0.016008
0.264000, -0.000170, -0.014093
0.265000, -0.000181, -0.012192
0.266000, -0.000191, -0.010317
0.267000, -0.000198, -0.008477
0.268000, -0.000204, -0.006683
0.269000, -0.000208, -0.004943
0.270000, -0.000211, -0.003266
0.271000, -0.000212, -0.001659
0.272000, -0.000211, -0.000128
0.273000, -0.000209, 0.001321
0.274000, -0.000205, 0.002684
0.275000, -0.000201, 0.003956
0.276000, -0.000195, 0.005135
0.277000, -0.000188, 0.006217
0.278000, -0.000181, 0.007202
0.279000, -0.000172, 0.008087
0.280000, -0.000163, 0.008874
0.281000, -0.000153, 0.009562
0.282000, -0.000143, 0.010152
0.283000, -0.000132, 0.010646
0.284000, -0.000120, 0.011045
0.285000, -0.000109, 0.011353
0.286000, -0.000097, 0.011573
0.287000, -0.000085, 0.011707
0.288000, -0.000074, 0.011759
0.289000, -0.000062, 0.011734
0.290000, -0.000050, 0.011636
0.291000, -0.000039, 0.011470
0.292000, -0.000028, 0.011239
0.293000, -0.000017, 0.010950
0.294000, -0.000007, 0.010607
0.295000, 0.000003, 0.010214
0.296000, 0.000013, 0.009779
0.297000, 0.000022, 0.009304
0.298000, 0.000031, 0.008796
0.299000, 0.000039, 0.008260
0.300000, 0.000046, 0.007700
0.301000, 0.000053, 0.007121
0.302000, 0.000059, 0.006528
0.303000, 0.000065, 0.005925
0.304000, 0.000070, 0.005318
0.305000, 0.000074, 0.004709
0.306000, 0.000078, 0.004103
0.307000, 0.000081, 0.003504
0.308000, 0.000084, 0.002914
0.309000, 0.000086, 0.002338
0.310000, 0.000087, 0.001778
0.311000, 0.000088, 0.001236
0.312000, 0.000089, 0.000716
0.313000, 0.000089, 0.000219
0.314000, 0.000088, -0.000253
0.315000, 0.000087, -0.000697
0.316000, 0.000086, -0.001114
0.317000, 0.000084, -0.001501
0.318000, 0.000082, -0.001858
0.319000, 0.000080, -0.002184
0.320000, 0.000077, -0.002479
0.321000, 0.000074, -0.002742
0.322000, 0.000071, -0.002974
0.323000, 0.000068, -0.003175
0.324000, 0.000065, -0.003345
0.325000, 0.000061, -0.003485
0.326000, 0.000057, -0.003595
0.327000, 0.000054, -0.003676
0.328000, 0.000050, -0.003731
0.329000, 0.000046, -0.003758
0.330000, 0.000042, -0.003761
0.331000, 0.000039, -0.003740
0.332000, 0.000035, -0.003696
0.333000, 0.000031, -0.003631
0.334000, 0.000028, -0.003547
0.335000, 0.000024, -0.003445
0.336000, 0.000021, -0.003327
0.337000, 0.000018, -0.003195
0.338000, 0.000015, -0.003049
0.339000, 0.000012, -0.002892
0.340000, 0.000010, -0.002725
0.341000, 0.000007, -0.002551
0.342000, 0.000005, -0.002369
0.343000, 0.000003, -0.002183
0.344000, 0.000001, -0.001992
0.345000, -0.000001, -0.001800
0.346000, -0.000002, -0.001607
0.347000, -0.000004, -0.001414
0.348000, -0.000005, -0.001222
0.349000, -0.000006, -0.001034
0.350000, -0.000006, -0.000849
0.351000, -0.000007, -0.000668
0.352000, -0.000007, -0.000494
0.353000, -0.000008, -0.000325
0.354000, -0.000008, -0.000164
0.355000, -0.000008, -0.000011
0.356000, -0.000008, 0.000134
0.357000, -0.000007, 0.000270
0.358000, -0.000007, 0.000397
0.359000, -0.000006, 0.000515
0.360000, -0.000005, 0.000622
0.361000, -0.000005, 0.000720
0.362000, -0.000004, 0.000808
0.363000, -0.000003, 0.000886
0.364000, -0.000002, 0.000954
0.365000, -0.000001, 0.001013
0.366000, 0.000000, 0.001061
0.367000, 0.000001, 0.001100
0.368000, 0.000002, 0.001130
0.369000, 0.000004, 0.001151
0.370000, 0.000005, 0.001163
0.371000, 0.000006, 0.001167
0.372000, 0.000007, 0.001164
0.373000, 0.000008, 0.001153
0.374000, 0.000009, 0.001135
0.375000, 0.000011, 0.001111
0.376000, 0.000012, 0.001081
0.377000, 0.000013, 0.001046
0.378000, 0.000014, 0.001006
0.379000, 0.000015, 0.000961
0.380000, 0.000015, 0.000913
0.381000, 0.000016, 0.000861
0.382000, 0.000017, 0.000807
0.383000, 0.000018, 0.000750
0.384000, 0.000018, 0.000692
0.385000, 0.000019, 0.000632
0.386000, 0.000020, 0.000571
0.387000, 0.000020, 0.000509
0.388000, 0.000020, 0.000448
0.389000, 0.000021, 0.000387
0.390000, 0.000021, 0.000327
0.391000, 0.000021, 0.000267
0.392000, 0.000022, 0.000210
0.393000, 0.000022, 0.000153
0.394000, 0.000022, 0.000099
0.395000, 0.000022, 0.000047
0.396000, 0.000022, -0.000003
0.397000, 0.000022, -0.000050
0.398000, 0.000022, -0.000095
0.399000, 0.000021, -0.000136
0.400000, 0.000021, -0.000175
0.401000, 0.000021, -0.000210
0.402000, 0.000021, -0.000243
0.403000, 0.000020, -0.000272
0.404000, 0.000020, -0.000298
0.405000, 0.000020, -0.000321
0.406000, 0.000019, -0.000341
0.407000, 0.000019, -0.000358
0.408000, 0.000019, -0.000371
0.409000, 0.000018, -0.000382
0.410000, 0.000018, -0.000390
0.411000, 0.000017, -0.000395
0.412000, 0.000017, -0.000397
0.413000, 0.000017, -0.000397
0.414000, 0.000016, -0.000395
0.415000, 0.000016, -0.000390
0.416000, 0.000016, -0.000383
0.417000, 0.000015, -0.000374
0.418000, 0.000015, -0.000364
0.419000, 0.000014, -0.000352
0.420000, 0.000014, -0.000338
0.421000, 0.000014, -0.000323
0.422000, 0.000014, -0.000307
0.423000, 0.000013, -0.000291
0.424000, 0.000013, -0.000273
0.425000, 0.000013, -0.000254
0.426000, 0.000012, -0.000236
0.427000, 0.000012, -0.000216
0.428000, 0.000012, -0.000197
0.429000, 0.000012, -0.000177
0.430000, 0.000012, -0.000158
0.431000, 0.000012, -0.000139
0.432000, 0.000012, -0.000120
0.433000, 0.000011, -0.000101
0.434000, 0.000011, -0.000083
0.435000, 0.000011, -0.000065
0.436000, 0.000011, -0.000048
0.437000, 0.000011, -0.000032
0.438000, 0.000011, -0.000017
0.439000, 0.000011, -0.000002
0.440000, 0.000011, 0.000011
0.441000, 0.000011, 0.000024
0.442000, 0.000011, 0.000036
0.443000, 0.000011, 0.000046
0.444000, 0.000011, 0.000056
0.445000, 0.000012, 0.000065
0.446000, 0.000012, 0.000073
0.447000, 0.000012, 0.000079
0.448000, 0.000012, 0.000085
0.449000, 0.000012, 0.000090
0.450000, 0.000012, 0.000094
0.451000, 0.000012, 0.000097
0.452000, 0.000012, 0.000099
0.453000, 0.000012, 0.000100
0.454000, 0.000012, 0.000100
0.455000, 0.000012, 0.000100
0.456000, 0.000013, 0.000098
0.457000, 0.000013, 0.000096
0.458000, 0.000013, 0.000094
0.459000, 0.000013, 0.000091
0.460000, 0.000013, 0.000087
0.461000, 0.000013, 0.000083
0.462000, 0.000013, 0.000079
0.463000, 0.000013, 0.000074
0.464000, 0.000013, 0.000068
0.465000, 0.000013, 0.000063
0.466000, 0.000013, 0.000057
0.467000, 0.000013, 0.000051
0.468000, 0.000013, 0.000045
0.469000, 0.000013, 0.000039
0.470000, 0.000013, 0.000033
0.471000, 0.000014, 0.000027
0.472000, 0.000014, 0.000021
0.473000, 0.000014, 0.000015
0.474000, 0.000014, 0.000009
0.475000, 0.000014, 0.000003
0.476000, 0.000014, -0.000003
0.477000, 0.000014, -0.000008
0.478000, 0.000014, -0.000014
0.479000, 0.000013, -0.000018
0.480000, 0.000013, -0.000023
0.481000, 0.000013, -0.000028
0.482000, 0.000013, -0.000032
0.483000, 0.000013, -0.000036
0.484000, 0.000013, -0.000039
0.485000, 0.000013, -0.000042
0.486000, 0.000013, -0.000045
0.487000, 0.000013, -0.000048
0.488000, 0.000013, -0.000050
0.489000, 0.000013, -0.000052
0.490000, 0.000013, -0.000054
0.491000, 0.000013, -0.000055
0.492000, 0.000013, -0.000056
0.493000, 0.000013, -0.000057
0.494000, 0.000013, -0.000057
0.495000, 0.000013, -0.000057
0.496000, 0.000013, -0.000057
0.497000, 0.000013, -0.000057
0.498000, 0.000013, -0.000057
0.499000, 0.000013, -0.000056
0.500000, 0.000012, -0.000055
0.501000, 0.000012, -0.000054
0.502000, 0.000012, -0.000053
0.503000, 0.000012, -0.000051
0.504000, 0.000012, -0.000050
0.505000, 0.000012, -0.000048
0.506000, 0.000012, -0.000046
0.507000, 0.000012, -0.000045
0.508000, 0.000012, -0.000043
0.509000, 0.000012, -0.000041
0.510000, 0.000012, -0.000039
0.511000, 0.000012, -0.000037
0.512000, 0.000012, -0.000035
0.513000, 0.000012, -0.000033
0.514000, 0.000012, -0.000031
0.515000, 0.000012, -0.000029
0.516000, 0.000012, -0.000027
0.517000, 0.000012, -0.000025
0.518000, 0.000012, -0.000024
0.519000, 0.000012, -0.000022
0.520000, 0.000012, -0.000020
0.521000, 0.000012, -0.000019
0.522000, 0.000012, -0.000017
0.523000, 0.000012, -0.000016
0.524000, 0.000012, -0.000015
0.525000, 0.000012, -0.000013
0.526000, 0.000012, -0.000012
0.527000, 0.000012, -0.000011
0.528000, 0.000012, -0.000010
0.529000, 0.000012, -0.000010
0.530000, 0.000012, -0.000009
0.531000, 0.000012, -0.000008
0.532000, 0.000012, -0.000008
0.533000, 0.000012, -0.000008
0.534000, 0.000012, -0.000007
0.535000, 0.000012, -0.000007
0.536000, 0.000012, -0.000007
0.537000, 0.000012, -0.000007
0.538000, 0.000012, -0.000007
0.539000, 0.000012, -0.000007
0.540000, 0.000012, -0.000007
0.541000, 0.000012, -0.000008
0.542000, 0.000012, -0.000008
0.543000, 0.000011, -0.000008
0.544000, 0.000011, -0.000009
0.545000, 0.000011, -0.000009
0.546000, 0.000011, -0.000010
0.547000, 0.000011, -0.000010
0.548000, 0.000011, -0.000011
0.549000, 0.000011, -0.000011
0.550000, 0.000011, -0.000012
0.551000, 0.000011, -0.000012
0.552000, 0.000011, -0.000013
0.553000, 0.000011, -0.000014
0.554000, 0.000011, -0.000014
0.555000, 0.000011, -0.000015
0.556000, 0.000011, -0.000015
0.557000, 0.000011, -0.000016
0.558000, 0.000011, -0.000017
0.559000, 0.000011, -0.000017
0.560000, 0.000011, -0.000018
0.561000, 0.000011, -0.000018
0.562000, 0.000011, -0.000019
0.563000, 0.000011, -0.000019
0.564000, 0.000011, -0.000020
0.565000, 0.000011, -0.000020
0.566000, 0.000011, -0.000020
0.567000, 0.000011, -0.000021
0.568000, 0.000011, -0.000021
0.569000, 0.000011, -0.000021
0.570000, 0.000011, -0.000022
0.571000, 0.000011, -0.000022
0.572000, 0.000011, -0.000022
0.573000, 0.000011, -0.000022
0.574000, 0.000011, -0.000022
0.575000, 0.000011, -0.000022
0.576000, 0.000011, -0.000022
0.577000, 0.000011, -0.000022
0.578000, 0.000011, -0.000022
0.579000, 0.000011, -0.000022
0.580000, 0.000011, -0.000022
0.581000, 0.000011, -0.000022
0.582000, 0.000011, -0.000022
0.583000, 0.000011, -0.000022
0.584000, 0.000011, -0.000022
0.585000, 0.000011, -0.000022
0.586000, 0.000011, -0.000022
0.587000, 0.000011, -0.000022
0.588000, 0.000011, -0.000021
0.589000, 0.000011, -0.000021
0.590000, 0.000011, -0.000021
0.591000, 0.000011, -0.000021
0.592000, 0.000011, -0.000021
0.593000, 0.000011, -0.000020
0.594000, 0.000011, -0.000020
0.595000, 0.000011, -0.000020
0.596000, 0.000011, -0.000020
0.597000, 0.000010, -0.000020
0.598000, 0.000010, -0.000019
0.599000, 0.000010, -0.000019
0.600000, 0.000010, -0.000019
0.601000, 0.000010, -0.000019
0.602000, 0.000010, -0.000019
0.603000, 0.000010, -0.000019
0.604000, 0.000010, -0.000018
0.605000, 0.000010, -0.000018
0.606000, 0.000010, -0.000018
0.607000, 0.000010, -0.000018
0.608000, 0.000010, -0.000018
0.609000, 0.000010, -0.000018
0.610000, 0.000010, -0.000018
0.611000, 0.000010, -0.000017
0.612000, 0.000010, -0.000017
0.613000, 0.000010, -0.000017
0.614000, 0.000010, -0.000017
0.615000, 0.000010, -0.000017
0.616000, 0.000010, -0.000017
0.617000, 0.000010, -0.000017
0.618000, 0.000010, -0.000017
0.619000, 0.000010, -0.000017
0.620000, 0.000010, -0.000017
0.621000, 0.000010, -0.000017
0.622000, 0.000010, -0.000017
0.623000, 0.000010, -0.000017
0.624000, 0.000010, -0.000017
0.625000, 0.000010, -0.000017
0.626000, 0.000010, -0.000017
0.627000, 0.000010, -0.000017
0.628000, 0.000010, -0.000017
0.629000, 0.000010, -0.000017
0.630000, 0.000010, -0.000017
0.631000, 0.000010, -0.000017
0.632000, 0.000010, -0.000017
0.633000, 0.000010, -0.000017
0.634000, 0.000010, -0.000018
0.635000, 0.000010, -0.000018
0.636000, 0.000010, -0.000018
0.637000, 0.000010, -0.000018
0.638000, 0.000010, -0.000018
0.639000, 0.000010, -0.000018
0.640000, 0.000010, -0.000018
0.641000, 0.000010, -0.000018
0.642000, 0.000010, -0.000018
0.643000, 0.000010, -0.000018
0.644000, 0.000010, -0.000018
0.645000, 0.000010, -0.000018
0.646000, 0.000010, -0.000018
0.647000, 0.000010, -0.000018
0.648000, 0.000010, -0.000018
0.649000, 0.000010, -0.000018
0.650000, 0.000010, -0.000018
0.651000, 0.000010, -0.000018
0.652000, 0.000010, -0.000018
0.653000, 0.000009, -0.000018
0.654000, 0.000009, -0.000018
0.655000, 0.000009, -0.000018
0.656000, 0.000009, -0.000018
0.657000, 0.000009, -0.000018
0.658000, 0.000009, -0.000018
0.659000, 0.000009, -0.000018
0.660000, 0.000009, -0.000018
0.661000, 0.000009, -0.000018
0.662000, 0.000009, -0.000018
0.663000, 0.000009, -0.000018
0.664000, 0.000009, -0.000018
0.665000, 0.000009, -0.000018
0.666000, 0.000009, -0.000018
0.667000, 0.000009, -0.000018
0.668000, 0.000009, -0.000018
0.669000, 0.000009, -0.000018
0.670000, 0.000009, -0.000018
0.671000, 0.000009, -0.000018
0.672000, 0.000009, -0.000018
0.673000, 0.000009, -0.000018
0.674000, 0.000009, -0.000018
0.675000, 0.000009, -0.000018
0.676000, 0.000009, -0.000018
0.677000, 0.000009, -0.000018
0.678000, 0.000009, -0.000018
0.679000, 0.000009, -0.000018
0.680000, 0.000009, -0.000018
0.681000, 0.000009, -0.000018
0.682000, 0.000009, -0.000018
0.683000, 0.000009, -0.000018
0.684000, 0.000009, -0.000018
0.685000, 0.000009, -0.000018
0.686000, 0.000009, -0.000018
0.687000, 0.000009, -0.000018
0.688000, 0.000009, -0.000018
0.689000, 0.000009, -0.000018
0.690000, 0.000009, -0.000018
0.691000, 0.000009, -0.000018
0.692000, 0.000009, -0.000018
0.693000, 0.000009, -0.000018
0.694000, 0.000009, -0.000018
0.695000, 0.000009, -0.000018
0.696000, 0.000009, -0.000018
0.697000, 0.000009, -0.000018
0.698000, 0.000009, -0.000018
0.699000, 0.000009, -0.000018
0.700000, 0.000009, -0.000018
0.701000, 0.000009, -0.000017
0.702000, 0.000009, -0.000017
0.703000, 0.000009, -0.000017
0.704000, 0.000009, -0.000017
0.705000, 0.000009, -0.000017
0.706000, 0.000009, -0.000017
0.707000, 0.000009, -0.000017
0.708000, 0.000009, -0.000017
0.709000, 0.000008, -0.000017
0.710000, 0.000008, -0.000017
0.711000, 0.000008, -0.000017
0.712000, 0.000008, -0.000017
0.713000, 0.000008, -0.000017
0.714000, 0.000008, -0.000017
0.715000, 0.000008, -0.000017
0.716000, 0.000008, -0.000017
0.717000, 0.000008, -0.000017
0.718000, 0.000008, -0.000017
0.719000, 0.000008, -0.000017
0.720000, 0.000008, -0.000017
0.721000, 0.000008, -0.000017
0.722000, 0.000008, -0.000017
0.723000, 0.000008, -0.000017
0.724000, 0.000008, -0.000017
0.725000, 0.000008, -0.000017
0.726000, 0.000008, -0.000017
0.727000, 0.000008, -0.000017
0.728000, 0.000008, -0.000017
0.729000, 0.000008, -0.000017
0.730000, 0.000008, -0.000017
0.731000, 0.000008, -0.000017
0.732000, 0.000008, -0.000017
0.733000, 0.000008, -0.000017
0.734000, 0.000008, -0.000017
0.735000, 0.000008, -0.000017
0.736000, 0.000008, -0.000017
0.737000, 0.000008, -0.000017
0.738000, 0.000008, -0.000017
0.739000, 0.000008, -0.000017
0.740000, 0.000008, -0.000017
0.741000, 0.000008, -0.000017
0.742000, 0.000008, -0.000017
0.743000, 0.000008, -0.000017
0.744000, 0.000008, -0.000017
0.745000, 0.000008, -0.000017
0.746000, 0.000008, -0.000017
0.747000, 0.000008, -0.000017
0.748000, 0.000008, -0.000017
0.749000, 0.000008, -0.000017
0.750000, 0.000008, -0.000017
0.751000, 0.000008, -0.000017
0.752000, 0.000008, -0.000017
0.753000, 0.000008, -0.000017
0.754000, 0.000008, -0.000017
0.755000, 0.000008, -0.000017
0.756000, 0.000008, -0.000017
0.757000, 0.000008, -0.000017
0.758000, 0.000008, -0.000017
0.759000, 0.000008, -0.000017
0.760000, 0.000008, -0.000017
0.761000, 0.000008, -0.000017
0.762000, 0.000008, -0.000017
0.763000, 0.000008, -0.000017
0.764000, 0.000008, -0.000017
0.765000, 0.000008, -0.000017
0.766000, 0.000007, -0.000017
0.767000, 0.000007, -0.000017
0.768000, 0.000007, -0.000017
0.769000, 0.000007, -0.000017
0.770000, 0.000007, -0.000017
0.771000, 0.000007, -0.000017
0.772000, 0.000007, -0.000017
0.773000, 0.000007, -0.000017
0.774000, 0.000007, -0.000017
0.775000, 0.000007, -0.000017
0.776000, 0.000007, -0.000017
0.777000, 0.000007, -0.000017
0.778000, 0.000007, -0.000017
0.779000, 0.000007, -0.000017
0.780000, 0.000007, -0.000017
0.781000, 0.000007, -0.000017
0.782000, 0.000007, -0.000017
0.783000, 0.000007, -0.000017
0.784000, 0.000007, -0.000017
0.785000, 0.000007, -0.000017
0.786000, 0.000007, -0.000017
0.787000, 0.000007, -0.000017
0.788000, 0.000007, -0.000017
0.789000, 0.000007, -0.000017
0.790000, 0.000007, -0.000017
0.791000, 0.000007, -0.000017
0.792000, 0.000007, -0.000017
0.793000, 0.000007, -0.000017
0.794000, 0.000007, -0.000017
0.795000, 0.000007, -0.000017
0.796000, 0.000007, -0.000017
0.797000, 0.000007, -0.000017
0.798000, 0.000007, -0.000017
0.799000, 0.000007, -0.000017
0.800000, 0.000007, -0.000017
0.801000, 0.000007, -0.000017
0.802000, 0.000007, -0.000017
0.803000, 0.000007, -0.000017
0.804000, 0.000007, -0.000017
0.805000, 0.000007, -0.000017
0.806000, 0.000007, -0.000017
0.807000, 0.000007, -0.000017
0.808000, 0.000007, -0.000017
0.809000, 0.000007, -0.000017
0.810000, 0.000007, -0.000017
0.811000, 0.000007, -0.000017
0.812000, 0.000007, -0.000017
0.813000, 0.000007, -0.000017
0.814000, 0.000007, -0.000017
0.815000, 0.000007, -0.000017
0.816000, 0.000007, -0.000017
0.817000, 0.000007, -0.000017
0.818000, 0.000007, -0.000017
0.819000, 0.000007, -0.000017
0.820000, 0.000007, -0.000017
0.821000, 0.000007, -0.000017
0.822000, 0.000007, -0.000017
0.823000, 0.000007, -0.000017
0.824000, 0.000007, -0.000017
0.825000, 0.000007, -0.000017
0.826000, 0.000006, -0.000017
0.827000, 0.000006, -0.000017
0.828000, 0.000006, -0.000017
0.829000, 0.000006, -0.000017
0.830000, 0.000006, -0.000017
0.831000, 0.000006, -0.000017
0.832000, 0.000006, -0.000017
0.833000, 0.000006, -0.000017
0.834000, 0.000006, -0.000017
0.835000, 0.000006, -0.000017
0.836000, 0.000006, -0.000017
0.837000, 0.000006, -0.000017
0.838000, 0.000006, -0.000017
0.839000, 0.000006, -0.000017
0.840000, 0.000006, -0.000017
0.841000, 0.000006, -0.000017
0.842000, 0.000006, -0.000017
0.843000, 0.000006, -0.000017
0.844000, 0.000006, -0.000017
0.845000, 0.000006, -0.000017
0.846000, 0.000006, -0.000017
0.847000, 0.000006, -0.000017
0.848000, 0.000006, -0.000017
0.849000, 0.000006, -0.000017
0.850000, 0.000006, -0.000017
0.851000, 0.000006, -0.000017
0.852000, 0.000006, -0.000017
0.853000, 0.000006, -0.000017
0.854000, 0.000006, -0.000017
0.855000, 0.000006, -0.000017
0.856000, 0.000006, -0.000017
0.857000, 0.000006, -0.000017
0.858000, 0.000006, -0.000016
0.859000, 0.000006, -0.000016
0.860000, 0.000006, -0.000016
0.861000, 0.000006, -0.000016
0.862000, 0.000006, -0.000016
0.863000, 0.000006, -0.000016
0.864000, 0.000006, -0.000016
0.865000, 0.000006, -0.000016
0.866000, 0.000006, -0.000016
0.867000, 0.000006, -0.000016
0.868000, 0.000006, -0.000016
0.869000, 0.000006, -0.000016
0.870000, 0.000006, -0.000016
0.871000, 0.000006, -0.000016
0.872000, 0.000006, -0.000016
0.873000, 0.000006, -0.000016
0.874000, 0.000006, -0.000016
0.875000, 0.000006, -0.000016
0.876000, 0.000006, -0.000016
0.877000, 0.000006, -0.000016
0.878000, 0.000006, -0.000016
0.879000, 0.000006, -0.000016
0.880000, 0.000006, -0.000016
0.881000, 0.000006, -0.000016
0.882000, 0.000006, -0.000016
0.883000, 0.000006, -0.000016
0.884000, 0.000006, -0.000016
0.885000, 0.000006, -0.000016
0.886000, 0.000005, -0.000016
0.887000, 0.000005, -0.000016
0.888000, 0.000005, -0.000016
0.889000, 0.000005, -0.000016
0.890000, 0.000005, -0.000016
0.891000, 0.000005, -0.000016
0.892000, 0.000005, -0.000016
0.893000, 0.000005, -0.000016
0.894000, 0.000005, -0.000016
0.895000, 0.000005, -0.000016
0.896000, 0.000005, -0.000016
0.897000, 0.000005, -0.000016
0.898000, 0.000005, -0.000016
0.899000, 0.000005, -0.000016
0.900000, 0.000005, -0.000016
0.901000, 0.000005, -0.000016
0.902000, 0.000005, -0.000016
0.903000, 0.000005, -0.000016
0.904000, 0.000005, -0.000016
0.905000, 0.000005, -0.000016
0.906000, 0.000005, -0.000016
0.907000, 0.000005, -0.000016
0.908000, 0.000005, -0.000016
0.909000, 0.000005, -0.000016
0.910000, 0.000005, -0.000016
0.911000, 0.000005, -0.000016
0.912000, 0.000005, -0.000016
0.913000, 0.000005, -0.000016
0.914000, 0.000005, -0.000016
0.915000, 0.000005, -0.000016
0.916000, 0.000005, -0.000016
0.917000, 0.000005, -0.000016
0.918000, 0.000005, -0.000016
0.919000, 0.000005, -0.000016
0.920000, 0.000005, -0.000016
0.921000, 0.000005, -0.000016
0.922000, 0.000005, -0.000016
0.923000, 0.000005, -0.000016
0.924000, 0.000005, -0.000016
0.925000, 0.000005, -0.000016
0.926000, 0.000005, -0.000016
0.927000, 0.000005, -0.000016
0.928000, 0.000005, -0.000016
0.929000, 0.000005, -0.000016
0.930000, 0.000005, -0.000016
0.931000, 0.000005, -0.000016
0.932000, 0.000005, -0.000016
0.933000, 0.000005, -0.000016
0.934000, 0.000005, -0.000016
0.935000, 0.000005, -0.000016
0.936000, 0.000005, -0.000016
0.937000, 0.000005, -0.000016
0.938000, 0.000005, -0.000016
0.939000, 0.000005, -0.000016
0.940000, 0.000005, -0.000016
0.941000, 0.000005, -0.000016
0.942000, 0.000005, -0.000016
0.943000, 0.000005, -0.000016
0.944000, 0.000005, -0.000016
0.945000, 0.000005, -0.000016
0.946000, 0.000005, -0.000016
0.947000, 0.000005, -0.000016
0.948000, 0.000004, -0.000016
0.949000, 0.000004, -0.000016
0.950000, 0.000004, -0.000016
0.951000, 0.000004, -0.000016
0.952000, 0.000004, -0.000016
0.953000, 0.000004, -0.000016
0.954000, 0.000004, -0.000016
0.955000, 0.000004, -0.000016
0.956000, 0.000004, -0.000016
0.957000, 0.000004, -0.000016
0.958000, 0.000004, -0.000016
0.959000, 0.000004, -0.000016
0.960000, 0.000004, -0.000016
0.961000, 0.000004, -0.000016
0.962000, 0.000004, -0.000016
0.963000, 0.000004, -0.000016
0.964000, 0.000004, -0.000016
0.965000, 0.000004, -0.000016
0.966000, 0.000004, -0.000016
0.967000, 0.000004, -0.000016
0.968000, 0.000004, -0.000016
0.969000, 0.000004, -0.000016
0.970000, 0.000004, -0.000016
0.971000, 0.000004, -0.000016
0.972000, 0.000004, -0.000016
0.973000, 0.000004, -0.000016
0.974000, 0.000004, -0.000016
0.975000, 0.000004, -0.000016
0.976000, 0.000004, -0.000016
0.977000, 0.000004, -0.000016
0.978000, 0.000004, -0.000016
0.979000, 0.000004, -0.000016
0.980000, 0.000004, -0.000016
0.981000, 0.000004, -0.000016
0.982000, 0.000004, -0.000016
0.983000, 0.000004, -0.000016
0.984000, 0.000004, -0.000016
0.985000, 0.000004, -0.000016
0.986000, 0.000004, -0.000016
0.987000, 0.000004, -0.000016
0.988000, 0.000004, -0.000016
0.989000, 0.000004, -0.000016
0.990000, 0.000004, -0.000016
0.991000, 0.000004, -0.000016
0.992000, 0.000004, -0.000016
0.993000, 0.000004, -0.000016
0.994000, 0.000004, -0.000016
0.995000, 0.000004, -0.000016
0.996000, 0.000004, -0.000016
0.997000, 0.000004, -0.000016
0.998000, 0.000004, -0.000016
0.999000, 0.000004, -0.000016
1.000000, 1.500004, -0.000016
1.001000, 1.485749, -9.502825
1.002000, 1.462851, -18.433196
1.003000, 1.431920, -26.764889
1.004000, 1.393588, -34.476661
1.005000, 1.348498, -41.552139
1.006000, 1.297304, -47.979732
1.007000, 1.240665, -53.752581
1.008000, 1.179239, -58.868515
1.009000, 1.113678, -63.329989
1.010000, 1.044627, -67.143968
1.011000, 0.972717, -70.321744
1.012000, 0.898559, -72.878660
1.013000, 0.822748, -74.833739
1.014000, 0.745851, -76.209230
1.015000, 0.668411, -77.030097
1.016000, 0.590940, -77.323483
1.017000, 0.513925, -77.118188
1.018000, 0.437818, -76.444188
1.019000, 0.363041, -75.332239
1.020000, 0.289987, -73.813553
1.021000, 0.219015, -71.919566
1.022000, 0.150452, -69.681789
1.023000, 0.084595, -67.131709
1.024000, 0.021710, -64.300732
1.025000, -0.037970, -61.220145
1.026000, -0.094241, -57.921073
1.027000, -0.146933, -54.434426
1.028000, -0.195902, -50.790812
1.029000, -0.241037, -47.020438
1.030000, -0.282256, -43.152978
1.031000, -0.319506, -39.217424
1.032000, -0.352760, -35.241928
1.033000, -0.382019, -31.253641
1.034000, -0.407310, -27.278549
1.035000, -0.428683, -23.341333
1.036000, -0.446210, -19.465232
1.037000, -0.459986, -15.671928
1.038000, -0.470122, -11.981457
1.039000, -0.476749, -8.412134
1.040000, -0.480014, -4.980503
1.041000, -0.480076, -1.701303
1.042000, -0.477106, 1.412538
1.043000, -0.471288, 4.349904
1.044000, -0.462810, 7.101469
1.045000, -0.451872, 9.659660
1.046000, -0.438674, 12.018611
1.047000, -0.423422, 14.174104
1.048000, -0.406323, 16.123503
1.049000, -0.387587, 17.865671
1.050000, -0.367418, 19.400892
1.051000, -0.346023, 20.730780
1.052000, -0.323601, 21.858185
1.053000, -0.300349, 22.787096
1.054000, -0.276459, 23.522543
1.055000, -0.252114, 24.070500
1.056000, -0.227493, 24.437788
1.057000, -0.202764, 24.631977
1.058000, -0.178088, 24.661292
1.059000, -0.153617, 24.534525
1.060000, -0.129493, 24.260944
1.061000, -0.105848, 23.850209
1.062000, -0.082804, 23.312296
1.063000, -0.060474, 22.657412
1.064000, -0.038959, 21.895929
1.065000, -0.018350, 21.038311
1.066000, 0.001274, 20.095046
1.067000, 0.019841, 19.076586
1.068000, 0.037293, 17.993288
1.069000, 0.053579, 16.855354
1.070000, 0.068661, 15.672783
1.071000, 0.082507, 14.455318
1.072000, 0.095098, 13.212404
1.073000, 0.106422, 11.953144
1.074000, 0.116474, 10.686265
1.075000, 0.125261, 9.420077
1.076000, 0.132795, 8.162450
1.077000, 0.139095, 6.920785
1.078000, 0.144188, 5.701994
1.079000, 0.148105, 4.512479
1.080000, 0.150886, 3.358123
1.081000, 0.152574, 2.244275
1.082000, 0.153215, 1.175749
1.083000, 0.152862, 0.156821
1.084000, 0.151571, -0.808773
1.085000, 0.149399, -1.717829
1.086000, 0.146406, -2.567666
1.087000, 0.142656, -3.356118
1.088000, 0.138211, -4.081518
1.089000, 0.133138, -4.742684
1.090000, 0.127501, -5.338899
1.091000, 0.121366, -5.869890
1.092000, 0.114797, -6.335807
1.093000, 0.107859, -6.737200
1.094000, 0.100615, -7.074994
1.095000, 0.093127, -7.350460
1.096000, 0.085454, -7.565195
1.097000, 0.077655, -7.721088
1.098000, 0.069785, -7.820296
1.099000, 0.061898, -7.865216
1.100000, 0.054043, -7.858457
1.101000, 0.046268, -7.802814
1.102000, 0.038617, -7.701236
1.103000, 0.031133, -7.556805
1.104000, 0.023852, -7.372707
1.105000, 0.016810, -7.152207
1.106000, 0.010038, -6.898625
1.107000, 0.003565, -6.615311
1.108000, -0.002586, -6.305623
1.109000, -0.008393, -5.972908
1.110000, -0.013837, -5.620478
1.111000, -0.018904, -5.251593
1.112000, -0.023583, -4.869444
1.113000, -0.027863, -4.477133
1.114000, -0.031741, -4.077664
1.115000, -0.035213, -3.673925
1.116000, -0.038280, -3.268676
1.117000, -0.040942, -2.864542
1.118000, -0.043206, -2.463998
1.119000, -0.045078, -2.069369
1.120000, -0.046567, -1.682814
1.121000, -0.047685, -1.306330
1.122000, -0.048445, -0.941742
1.123000, -0.048860, -0.590704
1.124000, -0.048947, -0.254696
1.125000, -0.048722, 0.064977
1.126000, -0.048204, 0.367179
1.127000, -0.047411, 0.650948
1.128000, -0.046363, 0.915487
1.129000, -0.045081, 1.160163
1.130000, -0.043584, 1.384502
1.131000, -0.041894, 1.588182
1.132000, -0.040031, 1.771031
1.133000, -0.038017, 1.933013
1.134000, -0.035873, 2.074227
1.135000, -0.033617, 2.194898
1.136000, -0.031272, 2.295365
1.137000, -0.028855, 2.376079
1.138000, -0.026387, 2.437588
1.139000, -0.023885, 2.480533
1.140000, -0.021367, 2.505636
1.141000, -0.018849, 2.513693
1.142000, -0.016348, 2.505564
1.143000, -0.013877, 2.482164
1.144000, -0.011451, 2.444455
1.145000, -0.009084, 2.393438
1.146000, -0.006785, 2.330143
1.147000, -0.004567, 2.255623
1.148000, -0.002438, 2.170943
1.149000, -0.000408, 2.077178
1.150000, 0.001517, 1.975398
1.151000, 0.003329, 1.866671
1.152000, 0.005024, 1.752047
1.153000, 0.006597, 1.632560
1.154000, 0.008044, 1.509219
1.155000, 0.009364, 1.383001
1.156000, 0.010555, 1.254851
1.157000, 0.011616, 1.125674
1.158000, 0.012548, 0.996336
1.159000, 0.013351, 0.867655
1.160000, 0.014028, 0.740402
1.161000, 0.014580, 0.615298
1.162000, 0.015012, 0.493013
1.163000, 0.015327, 0.374162
1.164000, 0.015529, 0.259307
1.165000, 0.015623, 0.148954
1.166000, 0.015614, 0.043555
1.167000, 0.015507, -0.056494
1.168000, 0.015309, -0.150852
1.169000, 0.015026, -0.239232
1.170000, 0.014663, -0.321397
1.171000, 0.014228, -0.397165
1.172000, 0.013727, -0.466402
1.173000, 0.013167, -0.529023
1.174000, 0.012554, -0.584988
1.175000, 0.011895, -0.634301
1.176000, 0.011196, -0.677008
1.177000, 0.010465, -0.713193
1.178000, 0.009707, -0.742979
1.179000, 0.008929, -0.766519
1.180000, 0.008136, -0.783999
1.181000, 0.007335, -0.795633
1.182000, 0.006530, -0.801659
1.183000, 0.005727, -0.802339
1.184000, 0.004932, -0.797954
1.185000, 0.004147, -0.788801
1.186000, 0.003379, -0.775193
1.187000, 0.002630, -0.757451
1.188000, 0.001905, -0.735908
1.189000, 0.001207, -0.710901
1.190000, 0.000538, -0.682773
1.191000, -0.000098, -0.651865
1.192000, -0.000700, -0.618520
1.193000, -0.001265, -0.583077
1.194000, -0.001793, -0.545869
1.195000, -0.002281, -0.507225
1.196000, -0.002728, -0.467463
1.197000, -0.003135, -0.426893
1.198000, -0.003500, -0.385810
1.199000, -0.003824, -0.344501
1.200000, -0.004107, -0.303236
1.201000, -0.004348, -0.262272
1.202000, -0.004550, -0.221849
1.203000, -0.004712, -0.182193
1.204000, -0.004836, -0.143510
1.205000, -0.004924, -0.105991
1.206000, -0.004975, -0.069809
1.207000, -0.004993, -0.035120
1.208000, -0.004979, -0.002061
1.209000, -0.004934, 0.029246
1.210000, -0.004860, 0.058700
1.211000, -0.004760, 0.086215
1.212000, -0.004636, 0.111721
1.213000, -0.004489, 0.135167
1.214000, -0.004322, 0.156514
1.215000, -0.004137, 0.175742
1.216000, -0.003935, 0.192842
1.217000, -0.003720, 0.207821
1.218000, -0.003493, 0.220698
1.219000, -0.003256, 0.231505
1.220000, -0.003011, 0.240285
1.221000, -0.002761, 0.247090
1.222000, -0.002506, 0.251983
1.223000, -0.002250, 0.255036
1.224000, -0.001993, 0.256328
1.225000, -0.001737, 0.255944
1.226000, -0.001484, 0.253977
1.227000, -0.001235, 0.250523
1.228000, -0.000992, 0.245683
1.229000, -0.000755, 0.239561
1.230000, -0.000527, 0.232265
1.231000, -0.000307, 0.223902
1.232000, -0.000097, 0.214582
1.233000, 0.000102, 0.204414
1.234000, 0.000290, 0.193508
1.235000, 0.000467, 0.181971
1.236000, 0.000630, 0.169909
1.237000, 0.000782, 0.157425
1.238000, 0.000920, 0.144621
1.239000, 0.001045, 0.131594
1.240000, 0.001157, 0.118437
1.241000, 0.001255, 0.105240
1.242000, 0.001341, 0.092087
1.243000, 0.001413, 0.079059
1.244000, 0.001473, 0.066230
1.245000, 0.001521, 0.053671
1.246000, 0.001556, 0.041445
1.247000, 0.001580, 0.029612
1.248000, 0.001592, 0.018225
1.249000, 0.001594, 0.007331
1.250000, 0.001586, -0.003028
1.251000, 0.001568, -0.012815
1.252000, 0.001542, -0.021999
1.253000, 0.001507, -0.030556
1.254000, 0.001464, -0.038465
1.255000, 0.001415, -0.045710
1.256000, 0.001359, -0.052283
1.257000, 0.001298, -0.058177
1.258000, 0.001232, -0.063392
1.259000, 0.001162, -0.067932
1.260000, 0.001088, -0.071803
1.261000, 0.001012, -0.075018
1.262000, 0.000933, -0.077591
1.263000, 0.000852, -0.079541
1.264000, 0.000771, -0.080888
1.265000, 0.000689, -0.081656
1.266000, 0.000607, -0.081871
1.267000, 0.000525, -0.081562
1.268000, 0.000445, -0.080758
1.269000, 0.000366, -0.079491
1.270000, 0.000289, -0.077793
1.271000, 0.000215, -0.075698
1.272000, 0.000143, -0.073240
1.273000, 0.000073, -0.070455
1.274000, 0.000008, -0.067376
1.275000, -0.000055, -0.064040
1.276000, -0.000113, -0.060480
1.277000, -0.000168, -0.056730
1.278000, -0.000219, -0.052826
1.279000, -0.000266, -0.048798
1.280000, -0.000309, -0.044680
1.281000, -0.000347, -0.040501
1.282000, -0.000381, -0.036291
1.283000, -0.000411, -0.032078
1.284000, -0.000437, -0.027889
1.285000, -0.000459, -0.023749
1.286000, -0.000476, -0.019681
1.287000, -0.000490, -0.015706
1.288000, -0.000500, -0.011845
1.289000, -0.000506, -0.008115
1.290000, -0.000509, -0.004534
1.291000, -0.000508, -0.001116
1.292000, -0.000505, 0.002128
1.293000, -0.000498, 0.005185
1.294000, -0.000488, 0.008046
1.295000, -0.000476, 0.010704
1.296000, -0.000462, 0.013154
1.297000, -0.000445, 0.015390
1.298000, -0.000427, 0.017411
1.299000, -0.000407, 0.019214
1.300000, -0.000385, 0.020801
1.301000, -0.000362, 0.022173
1.302000, -0.000339, 0.023333
1.303000, -0.000314, 0.024285
1.304000, -0.000288, 0.025034
1.305000, -0.000263, 0.025586
1.306000, -0.000236, 0.025948
1.307000, -0.000210, 0.026128
1.308000, -0.000184, 0.026135
1.309000, -0.000158, 0.025978
1.310000, -0.000133, 0.025666
1.311000, -0.000108, 0.025210
1.312000, -0.000083, 0.024620
1.313000, -0.000060, 0.023908
1.314000, -0.000037, 0.023084
1.315000, -0.000015, 0.022159
1.316000, 0.000005, 0.021145
1.317000, 0.000025, 0.020052
1.318000, 0.000043, 0.018891
1.319000, 0.000060, 0.017675
1.320000, 0.000076, 0.016412
1.321000, 0.000090, 0.015114
1.322000, 0.000104, 0.013791
1.323000, 0.000115, 0.012451
1.324000, 0.000126, 0.011106
1.325000, 0.000135, 0.009762
1.326000, 0.000143, 0.008429
1.327000, 0.000149, 0.007114
1.328000, 0.000154, 0.005825
1.329000, 0.000158, 0.004568
1.330000, 0.000161, 0.003349
1.331000, 0.000162, 0.002175
1.332000, 0.000163, 0.001049
1.333000, 0.000162, -0.000023
1.334000, 0.000161, -0.001038
1.335000, 0.000158, -0.001992
1.336000, 0.000155, -0.002882
1.337000, 0.000151, -0.003707
1.338000, 0.000146, -0.004465
1.339000, 0.000141, -0.005154
1.340000, 0.000135, -0.005775
1.341000, 0.000128, -0.006326
1.342000, 0.000121, -0.006808
1.343000, 0.000113, -0.007221
1.344000, 0.000106, -0.007567
1.345000, 0.000098, -0.007848
1.346000, 0.000090, -0.008064
1.347000, 0.000081, -0.008218
1.348000, 0.000073, -0.008312
1.349000, 0.000065, -0.008350
1.350000, 0.000056, -0.008333
1.351000, 0.000048, -0.008264
1.352000, 0.000040, -0.008148
1.353000, 0.000032, -0.007986
1.354000, 0.000024, -0.007783
1.355000, 0.000017, -0.007542
1.356000, 0.000010, -0.007267
1.357000, 0.000003, -0.006961
1.358000, -0.000004, -0.006628
1.359000, -0.000010, -0.006270
1.360000, -0.000015, -0.005893
1.361000, -0.000021, -0.005499
1.362000, -0.000026, -0.005091
1.363000, -0.000030, -0.004673
1.364000, -0.000034, -0.004248
1.365000, -0.000038, -0.003820
1.366000, -0.000041, -0.003390
1.367000, -0.000044, -0.002962
1.368000, -0.000046, -0.002538
1.369000, -0.000048, -0.002120
1.370000, -0.000049, -0.001712
1.371000, -0.000050, -0.001315
1.372000, -0.000051, -0.000931
1.373000, -0.000052, -0.000561
1.374000, -0.000052, -0.000208
1.375000, -0.000051, 0.000128
1.376000, -0.000051, 0.000445
1.377000, -0.000050, 0.000743
1.378000, -0.000049, 0.001020
1.379000, -0.000047, 0.001275
1.380000, -0.000046, 0.001510
1.381000, -0.000044, 0.001722
1.382000, -0.000042, 0.001912
1.383000, -0.000040, 0.002080
1.384000, -0.000037, 0.002226
1.385000, -0.000035, 0.002350
1.386000, -0.000032, 0.002453
1.387000, -0.000030, 0.002535
1.388000, -0.000027, 0.002597
1.389000, -0.000025, 0.002639
1.390000, -0.000022, 0.002662
1.391000, -0.000019, 0.002668
1.392000, -0.000017, 0.002656
1.393000, -0.000014, 0.002629
1.394000, -0.000011, 0.002586
1.395000, -0.000009, 0.002530
1.396000, -0.000006, 0.002460
1.397000, -0.000004, 0.002379
1.398000, -0.000002, 0.002288
1.399000, 0.000000, 0.002187
1.400000, 0.000002, 0.002077
1.401000, 0.000004, 0.001961
1.402000, 0.000006, 0.001838
1.403000, 0.000008, 0.001711
1.404000, 0.000009, 0.001579
1.405000, 0.000011, 0.001445
1.406000, 0.000012, 0.001308
1.407000, 0.000013, 0.001171
1.408000, 0.000014, 0.001034
1.409000, 0.000015, 0.000898
1.410000, 0.000015, 0.000763
1.411000, 0.000016, 0.000631
1.412000, 0.000016, 0.000502
1.413000, 0.000017, 0.000376
1.414000, 0.000017, 0.000255
1.415000, 0.000017, 0.000139
1.416000, 0.000017, 0.000028
1.417000, 0.000017, -0.000077
1.418000, 0.000017, -0.000176
1.419000, 0.000016, -0.000269
1.420000, 0.000016, -0.000355
1.421000, 0.000015, -0.000434
1.422000, 0.000015, -0.000507
1.423000, 0.000014, -0.000572
1.424000, 0.000014, -0.000630
1.425000, 0.000013, -0.000681
1.426000, 0.000012, -0.000725
1.427000, 0.000011, -0.000762
1.428000, 0.000011, -0.000793
1.429000, 0.000010, -0.000817
1.430000, 0.000009, -0.000834
1.431000, 0.000008, -0.000845
1.432000, 0.000007, -0.000851
1.433000, 0.000006, -0.000851
1.434000, 0.000005, -0.000845
1.435000, 0.000005, -0.000834
1.436000, 0.000004, -0.000819
1.437000, 0.000003, -0.000800
1.438000, 0.000002, -0.000776
1.439000, 0.000002, -0.000749
1.440000, 0.000001, -0.000719
1.441000, 0.000000, -0.000685
1.442000, -0.000000, -0.000650
1.443000, -0.000001, -0.000612
1.444000, -0.000002, -0.000572
1.445000, -0.000002, -0.000531
1.446000, -0.000003, -0.000488
1.447000, -0.000003, -0.000445
1.448000, -0.000003, -0.000401
1.449000, -0.000004, -0.000358
1.450000, -0.000004, -0.000314
1.451000, -0.000004, -0.000270
1.452000, -0.000004, -0.000228
1.453000, -0.000005, -0.000186
1.454000, -0.000005, -0.000145
1.455000, -0.000005, -0.000105
1.456000, -0.000005, -0.000067
1.457000, -0.000005, -0.000031
1.458000, -0.000005, 0.000004
1.459000, -0.000005, 0.000037
1.460000, -0.000005, 0.000068
1.461000, -0.000005, 0.000097
1.462000, -0.000004, 0.000123
1.463000, -0.000004, 0.000148
1.464000, -0.000004, 0.000170
1.465000, -0.000004, 0.000190
1.466000, -0.000004, 0.000208
1.467000, -0.000003, 0.000224
1.468000, -0.000003, 0.000237
1.469000, -0.000003, 0.000248
1.470000, -0.000003, 0.000257
1.471000, -0.000002, 0.000264
1.472000, -0.000002, 0.000269
1.473000, -0.000002, 0.000271
1.474000, -0.000002, 0.000273
1.475000, -0.000001, 0.000272
1.476000, -0.000001, 0.000269
1.477000, -0.000001, 0.000266
1.478000, -0.000001, 0.000260
1.479000, -0.000000, 0.000253
1.480000, -0.000000, 0.000245
1.481000, 0.000000, 0.000236
1.482000, 0.000000, 0.000226
1.483000, 0.000001, 0.000215
1.484000, 0.000001, 0.000204
1.485000, 0.000001, 0.000191
1.486000, 0.000001, 0.000179
1.487000, 0.000001, 0.000165
1.488000, 0.000001, 0.000152
1.489000, 0.000002, 0.000138
1.490000, 0.000002, 0.000124
1.491000, 0.000002, 0.000110
1.492000, 0.000002, 0.000096
1.493000, 0.000002, 0.000082
1.494000, 0.000002, 0.000068
1.495000, 0.000002, 0.000055
1.496000, 0.000002, 0.000042
1.497000, 0.000002, 0.000030
1.498000, 0.000002, 0.000018
1.499000, 0.000002, 0.000006
1.500000, 0.000002, -0.000005
1.501000, 0.000002, -0.000015
1.502000, 0.000002, -0.000025
1.503000, 0.000002, -0.000033
1.504000, 0.000002, -0.000042
1.505000, 0.000002, -0.000049
1.506000, 0.000002, -0.000056
1.507000, 0.000002, -0.000062
1.508000, 0.000002, -0.000068
1.509000, 0.000002, -0.000072
1.510000, 0.000002, -0.000076
1.511000, 0.000001, -0.000080
1.512000, 0.000001, -0.000082
1.513000, 0.000001, -0.000084
1.514000, 0.000001, -0.000086
1.515000, 0.000001, -0.000086
1.516000, 0.000001, -0.000086
1.517000, 0.000001, -0.000086
1.518000, 0.000001, -0.000085
1.519000, 0.000001, -0.000084
1.520000, 0.000001, -0.000082
1.521000, 0.000001, -0.000080
1.522000, 0.000001, -0.000077
1.523000, 0.000001, -0.000074
1.524000, 0.000000, -0.000071
1.525000, 0.000000, -0.000067
1.526000, 0.000000, -0.000063
1.527000, 0.000000, -0.000059
1.528000, 0.000000, -0.000055
1.529000, 0.000000, -0.000051
1.530000, 0.000000, -0.000046
1.531000, 0.000000, -0.000042
1.532000, 0.000000, -0.000037
1.533000, 0.000000, -0.000033
1.534000, -0.000000, -0.000028
1.535000, -0.000000, -0.000024
1.536000, -0.000000, -0.000020
1.537000, -0.000000, -0.000016
1.538000, -0.000000, -0.000011
1.539000, -0.000000, -0.000008
1.540000, -0.000000, -0.000004
1.541000, -0.000000, -0.000000
1.542000, -0.000000, 0.000003
1.543000, -0.000000, 0.000006
1.544000, -0.000000, 0.000009
1.545000, -0.000000, 0.000012
1.546000, -0.000000, 0.000015
1.547000, -0.000000, 0.000017
1.548000, 0.000000, 0.000019
1.549000, 0.000000, 0.000021
1.550000, 0.000000, 0.000023
1.551000, 0.000000, 0.000024
1.552000, 0.000000, 0.000025
1.553000, 0.000000, 0.000026
1.554000, 0.000000, 0.000027
1.555000, 0.000000, 0.000028
1.556000, 0.000000, 0.000028
1.557000, 0.000000, 0.000028
1.558000, 0.000000, 0.000028
1.559000, 0.000000, 0.000028
1.560000, 0.000000, 0.000028
1.561000, 0.000000, 0.000027
1.562000, 0.000000, 0.000026
1.563000, 0.000000, 0.000026
1.564000, 0.000000, 0.000025
1.565000, 0.000000, 0.000024
1.566000, 0.000000, 0.000023
1.567000, 0.000000, 0.000021
1.568000, 0.000001, 0.000020
1.569000, 0.000001, 0.000019
1.570000, 0.000001, 0.000018
1.571000, 0.000001, 0.000016
1.572000, 0.000001, 0.000015
1.573000, 0.000001, 0.000013
1.574000, 0.000001, 0.000012
1.575000, 0.000001, 0.000011
1.576000, 0.000001, 0.000009
1.577000, 0.000001, 0.000008
1.578000, 0.000001, 0.000006
1.579000, 0.000001, 0.000005
1.580000, 0.000001, 0.000004
1.581000, 0.000001, 0.000003
1.582000, 0.000001, 0.000001
1.583000, 0.000001, 0.000000
1.584000, 0.000001, -0.000001
1.585000, 0.000001, -0.000002
1.586000, 0.000001, -0.000003
1.587000, 0.000001, -0.000004
1.588000, 0.000001, -0.000004
1.589000, 0.000001, -0.000005
1.590000, 0.000001, -0.000006
1.591000, 0.000001, -0.000006
1.592000, 0.000001, -0.000007
1.593000, 0.000001, -0.000007
1.594000, 0.000001, -0.000008
1.595000, 0.000001, -0.000008
1.596000, 0.000001, -0.000008
1.597000, 0.000001, -0.000008
1.598000, 0.000001, -0.000008
1.599000, 0.000001, -0.000008
1.600000, 0.000001, -0.000008
1.601000, 0.000001, -0.000008
1.602000, 0.000001, -0.000008
1.603000, 0.000001, -0.000008
1.604000, 0.000000, -0.000008
1.605000, 0.000000, -0.000008
1.606000, 0.000000, -0.000007
1.607000, 0.000000, -0.000007
1.608000, 0.000000, -0.000007
1.609000, 0.000000, -0.000006
1.610000, 0.000000, -0.000006
1.611000, 0.000000, -0.000005
1.612000, 0.000000, -0.000005
1.613000, 0.000000, -0.000004
1.614000, 0.000000, -0.000004
1.615000, 0.000000, -0.000004
1.616000, 0.000000, -0.000003
1.617000, 0.000000, -0.000003
1.618000, 0.000000, -0.000002
1.619000, 0.000000, -0.000002
1.620000, 0.000000, -0.000001
1.621000, 0.000000, -0.000001
1.622000, 0.000000, -0.000001
1.623000, 0.000000, -0.000000
1.624000, 0.000000, 0.000000
1.625000, 0.000000, 0.000001
1.626000, 0.000000, 0.000001
1.627000, 0.000000, 0.000001
1.628000, 0.000000, 0.000002
1.629000, 0.000000, 0.000002
1.630000, 0.000000, 0.000002
1.631000, 0.000000, 0.000002
1.632000, 0.000000, 0.000002
1.633000, 0.000000, 0.000003
1.634000, 0.000000, 0.000003
1.635000, 0.000000, 0.000003
1.636000, 0.000000, 0.000003
1.637000, 0.000000, 0.000003
1.638000, 0.000000, 0.000003
1.639000, 0.000000, 0.000003
1.640000, 0.000000, 0.000003
1.641000, 0.000000, 0.000003
1.642000, 0.000000, 0.000003
1.643000, 0.000000, 0.000003
1.644000, 0.000000, 0.000003
1.645000, 0.000000, 0.000003
1.646000, 0.000000, 0.000003
1.647000, 0.000000, 0.000003
1.648000, 0.000000, 0.000003
1.649000, 0.000000, 0.000003
1.650000, 0.000000, 0.000003
1.651000, 0.000000, 0.000002
1.652000, 0.000000, 0.000002
1.653000, 0.000001, 0.000002
1.654000, 0.000001, 0.000002
1.655000, 0.000001, 0.000002
1.656000, 0.000001, 0.000002
1.657000, 0.000001, 0.000002
1.658000, 0.000001, 0.000001
1.659000, 0.000001, 0.000001
1.660000, 0.000001, 0.000001
1.661000, 0.000001, 0.000001
1.662000, 0.000001, 0.000001
1.663000, 0.000001, 0.000001
1.664000, 0.000001, 0.000001
1.665000, 0.000001, 0.000001
1.666000, 0.000001, 0.000000
1.667000, 0.000001, 0.000000
1.668000, 0.000001, 0.000000
1.669000, 0.000001, 0.000000
1.670000, 0.000001, 0.000000
1.671000, 0.000001, -0.000000
1.672000, 0.000001, -0.000000
1.673000, 0.000001, -0.000000
1.674000, 0.000001, -0.000000
1.675000, 0.000001, -0.000000
1.676000, 0.000001, -0.000000
1.677000, 0.000001, -0.000000
1.678000, 0.000001, -0.000000
1.679000, 0.000001, -0.000000
1.680000, 0.000001, -0.000000
1.681000, 0.000001, -0.000001
1.682000, 0.000001, -0.000001
1.683000, 0.000001, -0.000001
1.684000, 0.000001, -0.000000
1.685000, 0.000001, -0.000000
1.686000, 0.000001, -0.000000
1.687000, 0.000001, -0.000000
1.688000, 0.000001, -0.000000
1.689000, 0.000001, -0.000000
1.690000, 0.000001, -0.000000
1.691000, 0.000001, -0.000000
1.692000, 0.000001, -0.000000
1.693000, 0.000001, -0.000000
1.694000, 0.000001, -0.000000
1.695000, 0.000001, -0.000000
1.696000, 0.000001, -0.000000
1.697000, 0.000001, -0.000000
1.698000, 0.000001, -0.000000
1.699000, 0.000001, 0.000000
1.700000, 0.000001, 0.000000
1.701000, 0.000001, 0.000000
1.702000, 0.000001, 0.000000
1.703000, 0.000001, 0.000000
1.704000, 0.000001, 0.000000
1.705000, 0.000001, 0.000000
1.706000, 0.000001, 0.000000
1.707000, 0.000001, 0.000000
1.708000, 0.000001, 0.000000
1.709000, 0.000001, 0.000000
1.710000, 0.000001, 0.000000
1.711000, 0.000001, 0.000001
1.712000, 0.000001, 0.000001
1.713000, 0.000001, 0.000001
1.714000, 0.000001, 0.000001
1.715000, 0.000001, 0.000001
1.716000, 0.000001, 0.000001
1.717000, 0.000001, 0.000001
1.718000, 0.000001, 0.000001
1.719000, 0.000001, 0.000001
1.720000, 0.000001, 0.000001
1.721000, 0.000001, 0.000001
1.722000, 0.000001, 0.000001
1.723000, 0.000001, 0.000001
1.724000, 0.000001, 0.000001
1.725000, 0.000001, 0.000001
1.726000, 0.000001, 0.000001
1.727000, 0.000001, 0.000001
1.728000, 0.000001, 0.000001
1.729000, 0.000001, 0.000001
1.730000, 0.000001, 0.000001
1.731000, 0.000001, 0.000001
1.732000, 0.000001, 0.000001
1.733000, 0.000001, 0.000001
1.734000, 0.000001, 0.000001
1.735000, 0.000001, 0.000001
1.736000, 0.000001, 0.000001
1.737000, 0.000001, 0.000001
1.738000, 0.000001, 0.000001
1.739000, 0.000001, 0.000001
1.740000, 0.000001, 0.000001
1.741000, 0.000001, 0.000001
1.742000, 0.000001, 0.000000
1.743000, 0.000001, 0.000000
1.744000, 0.000001, 0.000000
1.745000, 0.000001, 0.000000
1.746000, 0.000001, 0.000000
1.747000, 0.000001, 0.000000
1.748000, 0.000001, 0.000000
1.749000, 0.000001, 0.000000
1.750000, 0.000001, 0.000000
1.751000, 0.000001, 0.000000
1.752000, 0.000001, 0.000000
1.753000, 0.000001, 0.000000
1.754000, 0.000001, 0.000000
1.755000, 0.000001, 0.000000
1.756000, 0.000001, 0.000000
1.757000, 0.000001, 0.000000
1.758000, 0.000001, 0.000000
1.759000, 0.000001, 0.000000
1.760000, 0.000001, 0.000000
1.761000, 0.000001, 0.000000
1.762000, 0.000001, 0.000000
1.763000, 0.000001, 0.000000
1.764000, 0.000001, 0.000000
1.765000, 0.000001, 0.000000
1.766000, 0.000001, 0.000000
1.767000, 0.000001, 0.000000
1.768000, 0.000001, 0.000000
1.769000, 0.000001, 0.000000
1.770000, 0.000001, 0.000000
1.771000, 0.000001, 0.000000
1.772000, 0.000001, 0.000000
1.773000, 0.000001, 0.000000
1.774000, 0.000001, 0.000000
1.775000, 0.000001, 0.000000
1.776000, 0.000001, 0.000000
1.777000, 0.000001, 0.000000
1.778000, 0.000001, 0.000000
1.779000, 0.000001, 0.000000
1.780000, 0.000001, 0.000000
1.781000, 0.000001, 0.000000
1.782000, 0.000001, 0.000000
1.783000, 0.000001, 0.000000
1.784000, 0.000001, 0.000000
1.785000, 0.000001, 0.000000
1.786000, 0.000001, 0.000000
1.787000, 0.000001, 0.000000
1.788000, 0.000001, 0.000000
1.789000, 0.000001, 0.000000
1.790000, 0.000001, 0.000000
1.791000, 0.000001, 0.000000
1.792000, 0.000001, 0.000000
1.793000, 0.000001, 0.000000
1.794000, 0.000001, 0.000000
1.795000, 0.000001, 0.000000
1.796000, 0.000001, 0.000000
1.797000, 0.000001, 0.000000
1.798000, 0.000001, 0.000000
1.799000, 0.000001, 0.000000
1.800000, 0.000001, 0.000000
1.801000, 0.000001, 0.000000
1.802000, 0.000001, 0.000000
1.803000, 0.000001, 0.000000
1.804000, 0.000001, 0.000000
1.805000, 0.000001, 0.000000
1.806000, 0.000001, 0.000000
1.807000, 0.000001, 0.000000
1.808000, 0.000001, 0.000000
1.809000, 0.000001, 0.000000
1.810000, 0.000001, 0.000000
1.811000, 0.000001, 0.000000
1.812000, 0.000001, 0.000000
1.813000, 0.000001, 0.000000
1.814000, 0.000001, 0.000000
1.815000, 0.000001, 0.000000
1.816000, 0.000001, 0.000000
1.817000, 0.000001, 0.000000
1.818000, 0.000001, 0.000000
1.819000, 0.000001, 0.000000
1.820000, 0.000001, 0.000000
1.821000, 0.000001, 0.000000
1.822000, 0.000001, 0.000000
1.823000, 0.000001, 0.000000
1.824000, 0.000001, 0.000000
1.825000, 0.000001, 0.000000
1.826000, 0.000001, 0.000000
1.827000, 0.000001, 0.000000
1.828000, 0.000001, 0.000000
1.829000, 0.000001, 0.000000
1.830000, 0.000001, 0.000000
1.831000, 0.000001, 0.000000
1.832000, 0.000001, 0.000000
1.833000, 0.000001, 0.000000
1.834000, 0.000001, 0.000000
1.835000, 0.000001, 0.000000
1.836000, 0.000001, 0.000000
1.837000, 0.000001, 0.000000
1.838000, 0.000001, 0.000000
1.839000, 0.000001, 0.000000
1.840000, 0.000001, 0.000000
1.841000, 0.000001, 0.000000
1.842000, 0.000001, 0.000000
1.843000, 0.000001, 0.000000
1.844000, 0.000001, 0.000000
1.845000, 0.000001, 0.000000
1.846000, 0.000001, 0.000000
1.847000, 0.000001, 0.000000
1.848000, 0.000001, 0.000000
1.849000, 0.000001, 0.000000
1.850000, 0.000001, 0.000000
1.851000, 0.000001, 0.000000
1.852000, 0.000001, 0.000000
1.853000, 0.000001, 0.000000
1.854000, 0.000001, 0.000000
1.855000, 0.000001, 0.000000
1.856000, 0.000001, 0.000000
1.857000, 0.000001, 0.000000
1.858000, 0.000001, 0.000000
1.859000, 0.000001, 0.000000
1.860000, 0.000001, 0.000000
1.861000, 0.000001, 0.000000
1.862000, 0.000001, 0.000000
1.863000, 0.000001, 0.000000
1.864000, 0.000001, 0.000000
1.865000, 0.000001, 0.000000
1.866000, 0.000001, 0.000000
1.867000, 0.000001, 0.000000
1.868000, 0.000001, 0.000000
1.869000, 0.000001, 0.000000
1.870000, 0.000001, 0.000000
1.871000, 0.000001, 0.000000
1.872000, 0.000001, 0.000000
1.873000, 0.000001, 0.000000
1.874000, 0.000001, 0.000000
1.875000, 0.000001, 0.000000
1.876000, 0.000001, 0.000000
1.877000, 0.000001, 0.000000
1.878000, 0.000001, 0.000000
1.879000, 0.000001, 0.000000
1.880000, 0.000001, 0.000000
1.881000, 0.000001, 0.000000
1.882000, 0.000001, 0.000000
1.883000, 0.000001, 0.000000
1.884000, 0.000001, 0.000000
1.885000, 0.000001, 0.000000
1.886000, 0.000001, 0.000000
1.887000, 0.000001, 0.000000
1.888000, 0.000001, 0.000000
1.889000, 0.000001, 0.000000
1.890000, 0.000001, 0.000000
1.891000, 0.000001, 0.000000
1.892000, 0.000001, 0.000000
1.893000, 0.000001, 0.000000
1.894000, 0.000001, 0.000000
1.895000, 0.000001, 0.000000
1.896000, 0.000001, 0.000000
1.897000, 0.000001, 0.000000
1.898000, 0.000001, 0.000000
1.899000, 0.000001, 0.000000
1.900000, 0.000001, 0.000000
1.901000, 0.000001, 0.000000
1.902000, 0.000001, 0.000000
1.903000, 0.000001, 0.000000
1.904000, 0.000001, 0.000000
1.905000, 0.000001, 0.000000
1.906000, 0.000001, 0.000000
1.907000, 0.000001, 0.000000
1.908000, 0.000001, 0.000000
1.909000, 0.000001, 0.000000
1.910000, 0.000001, 0.000000
1.911000, 0.000001, 0.000000
1.912000, 0.000001, 0.000000
1.913000, 0.000001, 0.000000
1.914000, 0.000001, 0.000000
1.915000, 0.000001, 0.000000
1.916000, 0.000001, 0.000000
1.917000, 0.000001, 0.000000
1.918000, 0.000001, 0.000000
1.919000, 0.000001, 0.000000
1.920000, 0.000001, 0.000000
1.921000, 0.000001, 0.000000
1.922000, 0.000001, 0.000000
1.923000, 0.000001, 0.000000
1.924000, 0.000001, 0.000000
1.925000, 0.000001, 0.000000
1.926000, 0.000001, 0.000000
1.927000, 0.000001, 0.000000
1.928000, 0.000001, 0.000000
1.929000, 0.000001, 0.000000
1.930000, 0.000001, 0.000000
1.931000, 0.000001, 0.000000
1.932000, 0.000001, 0.000000
1.933000, 0.000001, 0.000000
1.934000, 0.000001, 0.000000
1.935000, 0.000001, 0.000000
1.936000, 0.000001, 0.000000
1.937000, 0.000001, 0.000000
1.938000, 0.000001, 0.000000
1.939000, 0.000001, 0.000000
1.940000, 0.000001, 0.000000
1.941000, 0.000001, 0.000000
1.942000, 0.000001, 0.000000
1.943000, 0.000001, 0.000000
1.944000, 0.000001, 0.000000
1.945000, 0.000001, 0.000000
1.946000, 0.000001, 0.000000
1.947000, 0.000001, 0.000000
1.948000, 0.000001, 0.000000
1.949000, 0.000001, 0.000000
1.950000, 0.000001, 0.000000
1.951000, 0.000001, 0.000000
1.952000, 0.000001, 0.000000
1.953000, 0.000001, 0.000000
1.954000, 0.000001, 0.000000
1.955000, 0.000001, 0.000000
1.956000, 0.000001, 0.000000
1.957000, 0.000001, 0.000000
1.958000, 0.000001, 0.000000
1.959000, 0.000001, 0.000000
1.960000, 0.000001, 0.000000
1.961000, 0.000001, 0.000000
1.962000, 0.000001, 0.000000
1.963000, 0.000001, 0.000000
1.964000, 0.000001, 0.000000
1.965000, 0.000001, 0.000000
1.966000, 0.000001, 0.000000
1.967000, 0.000001, 0.000000
1.968000, 0.000001, 0.000000
1.969000, 0.000001, 0.000000
1.970000, 0.000001, 0.000000
1.971000, 0.000001, 0.000000
1.972000, 0.000001, 0.000000
1.973000, 0.000001, 0.000000
1.974000, 0.000001, 0.000000
1.975000, 0.000001, 0.000000
1.976000, 0.000001, 0.000000
1.977000, 0.000001, 0.000000
1.978000, 0.000001, 0.000000
1.979000, 0.000001, 0.000000
1.980000, 0.000001, 0.000000
1.981000, 0.000001, 0.000000
1.982000, 0.000001, 0.000000
1.983000, 0.000001, 0.000000
1.984000, 0.000001, 0.000000
1.985000, 0.000001, 0.000000
1.986000, 0.000001, 0.000000
1.987000, 0.000001, 0.000000
1.988000, 0.000001, 0.000000
1.989000, 0.000001, 0.000000
1.990000, 0.000001, 0.000000
1.991000, 0.000001, 0.000000
1.992000, 0.000001, 0.000000
1.993000, 0.000001, 0.000000
1.994000, 0.000001, 0.000000
1.995000, 0.000001, 0.000000
1.996000, 0.000001, 0.000000
1.997000, 0.000001, 0.000000
1.998000, 0.000001, 0.000000
1.999000, 0.000001, 0.000000
2.000000, 0.000001, 0.000000
2.001000, 1.500001, 0.000000
2.002000, 1.485894, -9.404483
2.003000, 1.463222, -18.249292
2.004000, 1.432582, -26.509886
2.005000, 1.394587, -34.166785
2.006000, 1.349862, -41.205437
2.007000, 1.299041, -47.615985
2.008000, 1.242759, -53.392949
2.009000, 1.181654, -58.534866
2.010000, 1.116355, -63.043902
2.011000, 1.047489, -66.925477
2.012000, 0.975670, -70.187937
2.013000, 0.901500, -72.842292
2.014000, 0.825568, -74.902035
2.015000, 0.748445, -76.383049
2.016000, 0.670681, -77.303581
2.017000, 0.592806, -77.684261
2.018000, 0.515326, -77.548136
2.019000, 0.438719, -76.920671
2.020000, 0.363435, -75.829694
2.021000, 0.289892, -74.305256
2.022000, 0.218476, -72.379400
2.023000, 0.149536, -70.085842
2.024000, 0.083390, -67.459578
2.025000, 0.020315, -64.536448
2.026000, -0.039446, -61.352688
2.027000, -0.070796, -57.944489
2.028000, -0.070796, -54.508773
2.029000, -0.070796, -51.250348
2.030000, -0.070796, -48.160053
2.031000, -0.070796, -45.229202
2.032000, -0.070796, -42.449558
2.033000, -0.070796, -39.813309
2.034000, -0.070796, -37.313048
2.035000, -0.070796, -34.941748
2.036000, -0.070796, -32.692749
2.037000, -0.070796, -30.559733
2.038000, -0.070796, -28.536707
2.039000, -0.070796, -26.617992
2.040000, -0.070796, -24.798198
2.041000, -0.070796, -23.072216
2.042000, -0.070796, -21.435201
2.043000, -0.070796, -19.882558
2.044000, -0.070796, -18.409929
2.045000, -0.070796, -17.013182
2.046000, -0.070796, -15.688398
2.047000, -0.070796, -14.431861
2.048000, -0.070796, -13.240047
2.049000, -0.070796, -12.109614
2.050000, -0.070796, -11.037393
2.051000, -0.070796, -10.020377
2.052000, -0.070796, -9.055717
2.053000, -0.070796, -8.140711
2.054000, -0.070796, -7.272795
2.055000, -0.070796, -6.449538
2.056000, -0.070796, -5.668635
2.057000, -0.070796, -4.927901
2.058000, -0.070796, -4.225262
2.059000, -0.070796, -3.558754
2.060000, -0.070796, -2.926511
2.061000, -0.070796, -2.326766
2.062000, -0.070796, -1.757842
2.063000, -0.070796, -1.218150
2.064000, -0.070796, -0.706183
2.065000, -0.070774, -0.220509
2.066000, -0.070304, 0.240082
2.067000, -0.069413, 0.674012
2.068000, -0.068130, 1.079959
2.069000, -0.066484, 1.456850
2.070000, -0.064507, 1.803861
2.071000, -0.062228, 2.120401
2.072000, -0.059679, 2.406109
2.073000, -0.056891, 2.660840
2.074000, -0.053895, 2.884656
2.075000, -0.050720, 3.077813
2.076000, -0.047398, 3.240750
2.077000, -0.043957, 3.374076
2.078000, -0.040427, 3.478556
2.079000, -0.036833, 3.555098
2.080000, -0.033204, 3.604739
2.081000, -0.029563, 3.628633
2.082000, -0.025935, 3.628034
2.083000, -0.022343, 3.604286
2.084000, -0.018807, 3.558808
2.085000, -0.015347, 3.493078
2.086000, -0.011980, 3.408627
2.087000, -0.008724, 3.307017
2.088000, -0.005593, 3.189839
2.089000, -0.002600, 3.058695
2.090000, 0.000244, 2.915187
2.091000, 0.002928, 2.760912
2.092000, 0.005443, 2.597446
2.093000, 0.007784, 2.426337
2.094000, 0.009945, 2.249100
2.095000, 0.011921, 2.067203
2.096000, 0.013710, 1.882066
2.097000, 0.015312, 1.695052
2.098000, 0.016726, 1.507458
2.099000, 0.017953, 1.320519
2.100000, 0.018995, 1.135394
2.101000, 0.019858, 0.953168
2.102000, 0.020543, 0.774849
2.103000, 0.021058, 0.601365
2.104000, 0.021407, 0.433560
2.105000, 0.021599, 0.272199
2.106000, 0.021640, 0.117960
2.107000, 0.021538, -0.028559
2.108000, 0.021302, -0.166843
2.109000, 0.020941, -0.296457
2.110000, 0.020463, -0.417046
2.111000, 0.019879, -0.528333
2.112000, 0.019198, -0.630115
2.113000, 0.018430, -0.722260
2.114000, 0.017584, -0.804706
2.115000, 0.016670, -0.877456
2.116000, 0.015698, -0.940576
2.117000, 0.014677, -0.994188
2.118000, 0.013617, -1.038470
2.119000, 0.012525, -1.073649
2.120000, 0.011412, -1.099999
2.121000, 0.010285, -1.117833
2.122000, 0.009153, -1.127505
2.123000, 0.008023, -1.129400
2.124000, 0.006902, -1.123930
2.125000, 0.005796, -1.111536
2.126000, 0.004713, -1.092674
2.127000, 0.003658, -1.067821
2.128000, 0.002635, -1.037464
2.129000, 0.001651, -1.002099
2.130000, 0.000709, -0.962226
2.131000, -0.000188, -0.918349
2.132000, -0.001035, -0.870967
2.133000, -0.001830, -0.820577
2.134000, -0.002572, -0.767666
2.135000, -0.003257, -0.712712
2.136000, -0.003885, -0.656178
2.137000, -0.004455, -0.598514
2.138000, -0.004965, -0.540151
2.139000, -0.005418, -0.481502
2.140000, -0.005811, -0.422958
2.141000, -0.006147, -0.364889
2.142000, -0.006426, -0.307641
2.143000, -0.006650, -0.251537
2.144000, -0.006819, -0.196873
2.145000, -0.006937, -0.143921
2.146000, -0.007004, -0.092928
2.147000, -0.007024, -0.044112
2.148000, -0.006998, 0.002333
2.149000, -0.006930, 0.046237
2.150000, -0.006822, 0.087460
2.151000, -0.006677, 0.125883
2.152000, -0.006498, 0.161412
2.153000, -0.006287, 0.193979
2.154000, -0.006049, 0.223537
2.155000, -0.005786, 0.250060
2.156000, -0.005501, 0.273546
2.157000, -0.005196, 0.294008
2.158000, -0.004876, 0.311481
2.159000, -0.004543, 0.326017
2.160000, -0.004199, 0.337683
2.161000, -0.003848, 0.346561
2.162000, -0.003492, 0.352747
2.163000, -0.003134, 0.356347
2.164000, -0.002776, 0.357481
2.165000, -0.002421, 0.356275
2.166000, -0.002069, 0.352865
2.167000, -0.001725, 0.347394
2.168000, -0.001388, 0.340008
2.169000, -0.001062, 0.330860
2.170000, -0.000747, 0.320105
2.171000, -0.000446, 0.307899
2.172000, -0.000158, 0.294399
2.173000, 0.000114, 0.279763
2.174000, 0.000371, 0.264146
2.175000, 0.000610, 0.247701
2.176000, 0.000832, 0.230580
2.177000, 0.001036, 0.212928
2.178000, 0.001222, 0.194888
2.179000, 0.001390, 0.176596
2.180000, 0.001539, 0.158183
2.181000, 0.001669, 0.139773
2.182000, 0.001782, 0.121484
2.183000, 0.001876, 0.103426
2.184000, 0.001953, 0.085701
2.185000, 0.002013, 0.068406
2.186000, 0.002056, 0.051627
2.187000, 0.002083, 0.035444
2.188000, 0.002095, 0.019926
2.189000, 0.002093, 0.005137
2.190000, 0.002077, -0.008868
2.191000, 0.002049, -0.022043
2.192000, 0.002008, -0.034349
2.193000, 0.001957, -0.045754
2.194000, 0.001895, -0.056236
2.195000, 0.001825, -0.065777
2.196000, 0.001746, -0.074369
2.197000, 0.001660, -0.082008
2.198000, 0.001568, -0.088697
2.199000, 0.001471, -0.094446
2.200000, 0.001369, -0.099270
2.201000, 0.001264, -0.103188
2.202000, 0.001156, -0.106226
2.203000, 0.001047, -0.108411
2.204000, 0.000936, -0.109776
2.205000, 0.000826, -0.110358
2.206000, 0.000715, -0.110197
2.207000, 0.000607, -0.109333
2.208000, 0.000499, -0.107811
2.209000, 0.000395, -0.105677
2.210000, 0.000293, -0.102978
2.211000, 0.000195, -0.099762
2.212000, 0.000101, -0.096078
2.213000, 0.000011, -0.091976
2.214000, -0.000074, -0.087505
2.215000, -0.000155, -0.082713
2.216000, -0.000230, -0.077649
2.217000, -0.000299, -0.072361
2.218000, -0.000364, -0.066894
2.219000, -0.000422, -0.061294
2.220000, -0.000475, -0.055603
2.221000, -0.000522, -0.049864
2.222000, -0.000563, -0.044115
2.223000, -0.000599, -0.038395
2.224000, -0.000629, -0.032738
2.225000, -0.000653, -0.027176
2.226000, -0.000672, -0.021742
2.227000, -0.000686, -0.016461
2.228000, -0.000695, -0.011361
2.229000, -0.000699, -0.006463
2.230000, -0.000698, -0.001789
2.231000, -0.000693, 0.002645
2.232000, -0.000684, 0.006822
2.233000, -0.000672, 0.010731
2.234000, -0.000655, 0.014360
2.235000, -0.000636, 0.017702
2.236000, -0.000614, 0.020750
2.237000, -0.000589, 0.023503
2.238000, -0.000562, 0.025956
2.239000, -0.000533, 0.028113
2.240000, -0.000502, 0.029974
2.241000, -0.000469, 0.031545
2.242000, -0.000436, 0.032830
2.243000, -0.000402, 0.033837
2.244000, -0.000367, 0.034575
2.245000, -0.000331, 0.035054
2.246000, -0.000296, 0.035285
2.247000, -0.000261, 0.035280
2.248000, -0.000226, 0.035052
2.249000, -0.000191, 0.034614
2.250000, -0.000158, 0.033981
2.251000, -0.000125, 0.033167
2.252000, -0.000093, 0.032188
2.253000, -0.000063, 0.031059
2.254000, -0.000033, 0.029794
2.255000, -0.000006, 0.028410
2.256000, 0.000020, 0.026922
2.257000, 0.000045, 0.025345
2.258000, 0.000068, 0.023695
2.259000, 0.000089, 0.021984
2.260000, 0.000108, 0.020229
2.261000, 0.000126, 0.018442
2.262000, 0.000142, 0.016636
2.263000, 0.000156, 0.014825
2.264000, 0.000168, 0.013020
2.265000, 0.000178, 0.011232
2.266000, 0.000187, 0.009471
2.267000, 0.000193, 0.007748
2.268000, 0.000199, 0.006072
2.269000, 0.000202, 0.004450
2.270000, 0.000204, 0.002889
2.271000, 0.000205, 0.001398
2.272000, 0.000204, -0.000020
2.273000, 0.000202, -0.001358
2.274000, 0.000199, -0.002613
2.275000, 0.000195, -0.003781
2.276000, 0.000189, -0.004859
2.277000, 0.000183, -0.005846
2.278000, 0.000176, -0.006740
2.279000, 0.000168, -0.007541
2.280000, 0.000159, -0.008248
2.281000, 0.000150, -0.008862
2.282000, 0.000140, -0.009385
2.283000, 0.000130, -0.009817
2.284000, 0.000120, -0.010162
2.285000, 0.000110, -0.010422
2.286000, 0.000099, -0.010599
2.287000, 0.000088, -0.010698
2.288000, 0.000077, -0.010721
2.289000, 0.000067, -0.010674
2.290000, 0.000056, -0.010559
2.291000, 0.000046, -0.010382
2.292000, 0.000036, -0.010148
2.293000, 0.000026, -0.009860
2.294000, 0.000017, -0.009523
2.295000, 0.000008, -0.009143
2.296000, -0.000001, -0.008724
2.297000, -0.000009, -0.008271
2.298000, -0.000016, -0.007789
2.299000, -0.000023, -0.007283
2.300000, -0.000030, -0.006756
2.301000, -0.000036, -0.006215
2.302000, -0.000041, -0.005662
2.303000, -0.000046, -0.005102
2.304000, -0.000050, -0.004539
2.305000, -0.000054, -0.003977
2.306000, -0.000057, -0.003420
2.307000, -0.000060, -0.002870
2.308000, -0.000062, -0.002331
2.309000, -0.000063, -0.001861
2.310000, -0.000065, -0.001972
2.311000, -0.000068, -0.002626
2.312000, -0.000073, -0.003777
2.313000, -0.000079, -0.005370
2.314000, -0.000087, -0.007344
2.315000, -0.000098, -0.009631
2.316000, -0.000111, -0.012159
2.317000, -0.000128, -0.014853
2.318000, -0.000147, -0.017633
2.319000, -0.000168, -0.020420
2.320000, -0.000193, -0.023136
2.321000, -0.000220, -0.025702
2.322000, -0.000249, -0.028044
2.323000, -0.000280, -0.030089
2.324000, -0.000313, -0.031773
2.325000, -0.000346, -0.033034
2.326000, -0.000381, -0.033820
2.327000, -0.000415, -0.034085
2.328000, -0.000449, -0.033794
2.329000, -0.000481, -0.032917
2.330000, -0.000512, -0.031439
2.331000, -0.000540, -0.029351
2.332000, -0.000565, -0.026657
2.333000, -0.000587, -0.023370
2.334000, -0.000605, -0.019512
2.335000, -0.000618, -0.015119
2.336000, -0.000625, -0.010233
2.337000, -0.000628, -0.005364
2.338000, -0.000627, -0.000735
2.339000, -0.000621, 0.003637
2.340000, -0.000611, 0.007739
2.341000, -0.000598, 0.011559
2.342000, -0.000581, 0.015088
2.343000, -0.000561, 0.018320
2.344000, -0.000538, 0.021251
2.345000, -0.000513, 0.023877
2.346000, -0.000486, 0.026200
2.347000, -0.000456, 0.028222
2.348000, -0.000426, 0.029945
2.349000, -0.000393, 0.031375
2.350000, -0.000360, 0.032519
2.351000, -0.000327, 0.033387
2.352000, -0.000292, 0.033986
2.353000, -0.000258, 0.034330
2.354000, -0.000223, 0.034428
2.355000, -0.000189, 0.034295
2.356000, -0.000155, 0.033944
2.357000, -0.000122, 0.033389
2.358000, -0.000090, 0.032646
2.359000, -0.000059, 0.031728
2.360000, -0.000028, 0.030653
2.361000, 0.000000, 0.029435
2.362000, 0.000028, 0.028090
2.363000, 0.000054, 0.026635
2.364000, 0.000078, 0.025083
2.365000, 0.000101, 0.023452
2.366000, 0.000122, 0.021755
2.367000, 0.000141, 0.020007
2.368000, 0.000158, 0.018223
2.369000, 0.000173, 0.016416
2.370000, 0.000187, 0.014598
2.371000, 0.000199, 0.012782
2.372000, 0.000209, 0.010981
2.373000, 0.000217, 0.009203
2.374000, 0.000224, 0.007461
2.375000, 0.000229, 0.005763
2.376000, 0.000232, 0.004117
2.377000, 0.000234, 0.002531
2.378000, 0.000234, 0.001013
2.379000, 0.000233, -0.000431
2.380000, 0.000231, -0.001797
2.381000, 0.000227, -0.003080
2.382000, 0.000222, -0.004276
2.383000, 0.000216, -0.005382
2.384000, 0.000209, -0.006395
2.385000, 0.000201, -0.007315
2.386000, 0.000193, -0.008141
2.387000, 0.000184, -0.008872
2.388000, 0.000174, -0.009509
2.389000, 0.000163, -0.010052
2.390000, 0.000153, -0.010504
2.391000, 0.000142, -0.010866
2.392000, 0.000130, -0.011142
2.393000, 0.000119, -0.011333
2.394000, 0.000107, -0.011443
2.395000, 0.000096, -0.011477
2.396000, 0.000085, -0.011437
2.397000, 0.000073, -0.011329
2.398000, 0.000062, -0.011156
2.399000, 0.000051, -0.010923
2.400000, 0.000041, -0.010635
2.401000, 0.000031, -0.010297
2.402000, 0.000021, -0.009913
2.403000, 0.000012, -0.009489
2.404000, 0.000003, -0.009029
2.405000, -0.000005, -0.008539
2.406000, -0.000013, -0.008022
2.407000, -0.000020, -0.007484
2.408000, -0.000027, -0.006930
2.409000, -0.000033, -0.006363
2.410000, -0.000039, -0.005788
2.411000, -0.000043, -0.005210
2.412000, -0.000048, -0.004631
2.413000, -0.000052, -0.004056
2.414000, -0.000055, -0.003488
2.415000, -0.000057, -0.002931
2.416000, -0.000060, -0.002387
2.417000, -0.000061, -0.001859
2.418000, -0.000062, -0.001349
2.419000, -0.000063, -0.000860
2.420000, -0.000063, -0.000394
2.421000, -0.000063, 0.000048
2.422000, -0.000062, 0.000463
2.423000, -0.000061, 0.000852
2.424000, -0.000060, 0.001213
2.425000, -0.000058, 0.001545
2.426000, -0.000056, 0.001847
2.427000, -0.000054, 0.002120
2.428000, -0.000051, 0.002363
2.429000, -0.000048, 0.002577
2.430000, -0.000046, 0.002761
2.431000, -0.000043, 0.002916
2.432000, -0.000040, 0.003043
2.433000, -0.000036, 0.003142
2.434000, -0.000033, 0.003215
2.435000, -0.000030, 0.003262
2.436000, -0.000026, 0.003284
2.437000, -0.000023, 0.003284
2.438000, -0.000020, 0.003261
2.439000, -0.000017, 0.003218
2.440000, -0.000014, 0.003155
2.441000, -0.000011, 0.003075
2.442000, -0.000008, 0.002979
2.443000, -0.000005, 0.002868
2.444000, -0.000002, 0.002744
2.445000, 0.000000, 0.002608
2.446000, 0.000003, 0.002462
2.447000, 0.000005, 0.002308
2.448000, 0.000007, 0.002146
2.449000, 0.000009, 0.001979
2.450000, 0.000011, 0.001808
2.451000, 0.000012, 0.001634
2.452000, 0.000014, 0.001458
2.453000, 0.000015, 0.001281
2.454000, 0.000016, 0.001106
2.455000, 0.000017, 0.000932
2.456000, 0.000017, 0.000762
2.457000, 0.000018, 0.000595
2.458000, 0.000018, 0.000433
2.459000, 0.000018, 0.000277
2.460000, 0.000018, 0.000126
2.461000, 0.000018, -0.000017
2.462000, 0.000018, -0.000153
2.463000, 0.000018, -0.000281
2.464000, 0.000017, -0.000401
2.465000, 0.000017, -0.000512
2.466000, 0.000016, -0.000614
2.467000, 0.000015, -0.000707
2.468000, 0.000014, -0.000791
2.469000, 0.000014, -0.000866
2.470000, 0.000013, -0.000931
2.471000, 0.000012, -0.000988
2.472000, 0.000011, -0.001035
2.473000, 0.000009, -0.001073
2.474000, 0.000008, -0.001103
2.475000, 0.000007, -0.001125
2.476000, 0.000006, -0.001138
2.477000, 0.000005, -0.001144
2.478000, 0.000004, -0.001143
2.479000, 0.000003, -0.001134
2.480000, 0.000002, -0.001120
2.481000, 0.000000, -0.001099
2.482000, -0.000001, -0.001072
2.483000, -0.000002, -0.001041
2.484000, -0.000003, -0.001004
2.485000, -0.000004, -0.000964
2.486000, -0.000004, -0.000920
2.487000, -0.000005, -0.000873
2.488000, -0.000006, -0.000823
2.489000, -0.000007, -0.000770
2.490000, -0.000008, -0.000716
2.491000, -0.000008, -0.000661
2.492000, -0.000009, -0.000604
2.493000, -0.000009, -0.000547
2.494000, -0.000010, -0.000490
2.495000, -0.000010, -0.000433
2.496000, -0.000010, -0.000377
2.497000, -0.000011, -0.000321
2.498000, -0.000011, -0.000267
2.499000, -0.000011, -0.000214
2.500000, -0.000011, -0.000162
2.501000, -0.000011, -0.000113
2.502000, -0.000011, -0.000066
2.503000, -0.000011, -0.000021
2.504000, -0.000011, 0.000021
2.505000, -0.000011, 0.000061
2.506000, -0.000011, 0.000098
2.507000, -0.000011, 0.000132
2.508000, -0.000011, 0.000163
2.509000, -0.000011, 0.000192
2.510000, -0.000010, 0.000217
2.511000, -0.000010, 0.000240
2.512000, -0.000010, 0.000260
2.513000, -0.000010, 0.000277
2.514000, -0.000009, 0.000291
2.515000, -0.000009, 0.000302
2.516000, -0.000009, 0.000311
2.517000, -0.000008, 0.000317
2.518000, -0.000008, 0.000321
2.519000, -0.000008, 0.000322
2.520000, -0.000007, 0.000321
2.521000, -0.000007, 0.000318
2.522000, -0.000007, 0.000313
2.523000, -0.000007, 0.000306
2.524000, -0.000006, 0.000298
2.525000, -0.000006, 0.000288
2.526000, -0.000006, 0.000277
2.527000, -0.000005, 0.000265
2.528000, -0.000005, 0.000251
2.529000, -0.000005, 0.000237
2.530000, -0.000005, 0.000221
2.531000, -0.000005, 0.000206
2.532000, -0.000004, 0.000189
2.533000, -0.000004, 0.000173
2.534000, -0.000004, 0.000156
2.535000, -0.000004, 0.000139
2.536000, -0.000004, 0.000122
2.537000, -0.000004, 0.000105
2.538000, -0.000004, 0.000089
2.539000, -0.000004, 0.000072
2.540000, -0.000004, 0.000057
2.541000, -0.000003, 0.000041
2.542000, -0.000003, 0.000027
2.543000, -0.000003, 0.000013
2.544000, -0.000003, -0.000001
2.545000, -0.000003, -0.000014
2.546000, -0.000004, -0.000025
2.547000, -0.000004, -0.000036
2.548000, -0.000004, -0.000047
2.549000, -0.000004, -0.000056
2.550000, -0.000004, -0.000064
2.551000, -0.000004, -0.000072
2.552000, -0.000004, -0.000079
2.553000, -0.000004, -0.000084
2.554000, -0.000004, -0.000089
2.555000, -0.000004, -0.000093
2.556000, -0.000004, -0.000096
2.557000, -0.000004, -0.000099
2.558000, -0.000004, -0.000100
2.559000, -0.000005, -0.000101
2.560000, -0.000005, -0.000101
2.561000, -0.000005, -0.000100
2.562000, -0.000005, -0.000099
2.563000, -0.000005, -0.000097
2.564000, -0.000005, -0.000094
2.565000, -0.000005, -0.000091
2.566000, -0.000005, -0.000088
2.567000, -0.000005, -0.000084
2.568000, -0.000005, -0.000080
2.569000, -0.000005, -0.000075
2.570000, -0.000006, -0.000070
2.571000, -0.000006, -0.000065
2.572000, -0.000006, -0.000060
2.573000, -0.000006, -0.000054
2.574000, -0.000006, -0.000049
2.575000, -0.000006, -0.000043
2.576000, -0.000006, -0.000037
2.577000, -0.000006, -0.000032
2.578000, -0.000006, -0.000026
2.579000, -0.000006, -0.000020
2.580000, -0.000006, -0.000015
2.581000, -0.000006, -0.000010
2.582000, -0.000006, -0.000004
2.583000, -0.000006, 0.000001
2.584000, -0.000006, 0.000005
2.585000, -0.000006, 0.000010
2.586000, -0.000006, 0.000014
2.587000, -0.000006, 0.000018
2.588000, -0.000006, 0.000022
2.589000, -0.000006, 0.000026
2.590000, -0.000006, 0.000029
2.591000, -0.000006, 0.000032
2.592000, -0.000006, 0.000035
2.593000, -0.000006, 0.000037
2.594000, -0.000006, 0.000039
2.595000, -0.000006, 0.000041
2.596000, -0.000006, 0.000043
2.597000, -0.000005, 0.000044
2.598000, -0.000005, 0.000045
2.599000, -0.000005, 0.000046
2.600000, -0.000005, 0.000046
2.601000, -0.000005, 0.000047
2.602000, -0.000005, 0.000047
2.603000, -0.000005, 0.000047
2.604000, -0.000005, 0.000046
2.605000, -0.000005, 0.000046
2.606000, -0.000005, 0.000045
2.607000, -0.000005, 0.000044
2.608000, -0.000005, 0.000043
2.609000, -0.000005, 0.000042
2.610000, -0.000005, 0.000041
2.611000, -0.000005, 0.000039
2.612000, -0.000005, 0.000038
2.613000, -0.000005, 0.000037
2.614000, -0.000005, 0.000035
2.615000, -0.000005, 0.000034
2.616000, -0.000005, 0.000032
2.617000, -0.000005, 0.000030
2.618000, -0.000005, 0.000029
2.619000, -0.000005, 0.000027
2.620000, -0.000005, 0.000026
2.621000, -0.000005, 0.000024
2.622000, -0.000005, 0.000022
2.623000, -0.000005, 0.000021
2.624000, -0.000005, 0.000020
2.625000, -0.000004, 0.000018
2.626000, -0.000004, 0.000017
2.627000, -0.000004, 0.000016
2.628000, -0.000004, 0.000014
2.629000, -0.000004, 0.000013
2.630000, -0.000004, 0.000012
2.631000, -0.000004, 0.000011
2.632000, -0.000004, 0.000011
2.633000, -0.000004, 0.000010
2.634000, -0.000004, 0.000009
2.635000, -0.000004, 0.000009
2.636000, -0.000004, 0.000008
2.637000, -0.000004, 0.000008
2.638000, -0.000004, 0.000007
2.639000, -0.000004, 0.000007
2.640000, -0.000004, 0.000007
2.641000, -0.000004, 0.000007
2.642000, -0.000004, 0.000007
2.643000, -0.000004, 0.000007
2.644000, -0.000004, 0.000007
2.645000, -0.000004, 0.000007
2.646000, -0.000004, 0.000007
2.647000, -0.000004, 0.000008
2.648000, -0.000004, 0.000008
2.649000, -0.000004, 0.000008
2.650000, -0.000004, 0.000009
2.651000, -0.000004, 0.000009
2.652000, -0.000004, 0.000010
2.653000, -0.000004, 0.000010
2.654000, -0.000004, 0.000011
2.655000, -0.000004, 0.000011
2.656000, -0.000004, 0.000012
2.657000, -0.000004, 0.000012
2.658000, -0.000004, 0.000013
2.659000, -0.000004, 0.000014
2.660000, -0.000004, 0.000014
2.661000, -0.000004, 0.000015
2.662000, -0.000004, 0.000015
2.663000, -0.000004, 0.000016
2.664000, -0.000004, 0.000016
2.665000, -0.000004, 0.000017
2.666000, -0.000004, 0.000017
2.667000, -0.000004, 0.000018
2.668000, -0.000004, 0.000018
2.669000, -0.000004, 0.000019
2.670000, -0.000004, 0.000019
2.671000, -0.000004, 0.000019
2.672000, -0.000004, 0.000020
2.673000, -0.000004, 0.000020
2.674000, -0.000004, 0.000020
2.675000, -0.000004, 0.000021
2.676000, -0.000004, 0.000021
2.677000, -0.000004, 0.000021
2.678000, -0.000004, 0.000021
2.679000, -0.000004, 0.000021
2.680000, -0.000004, 0.000021
2.681000, -0.000004, 0.000022
2.682000, -0.000004, 0.000022
2.683000, -0.000004, 0.000022
2.684000, -0.000004, 0.000022
2.685000, -0.000004, 0.000022
2.686000, -0.000004, 0.000022
2.687000, -0.000004, 0.000022
2.688000, -0.000004, 0.000022
2.689000, -0.000004, 0.000021
2.690000, -0.000004, 0.000021
2.691000, -0.000004, 0.000021
2.692000, -0.000004, 0.000021
2.693000, -0.000003, 0.000021
2.694000, -0.000003, 0.000021
2.695000, -0.000003, 0.000021
2.696000, -0.000003, 0.000021
2.697000, -0.000003, 0.000020
2.698000, -0.000003, 0.000020
2.699000, -0.000003, 0.000020
2.700000, -0.000003, 0.000020
2.701000, -0.000003, 0.000020
2.702000, -0.000003, 0.000020
2.703000, -0.000003, 0.000019
2.704000, -0.000003, 0.000019
2.705000, -0.000003, 0.000019
2.706000, -0.000003, 0.000019
2.707000, -0.000003, 0.000019
2.708000, -0.000003, 0.000019
2.709000, -0.000003, 0.000019
2.710000, -0.000003, 0.000018
2.711000, -0.000003, 0.000018
2.712000, -0.000003, 0.000018
2.713000, -0.000003, 0.000018
2.714000, -0.000003, 0.000018
2.715000, -0.000003, 0.000018
2.716000, -0.000003, 0.000018
2.717000, -0.000003, 0.000018
2.718000, -0.000003, 0.000018
2.719000, -0.000003, 0.000018
2.720000, -0.000003, 0.000018
2.721000, -0.000003, 0.000018
2.722000, -0.000003, 0.000018
2.723000, -0.000003, 0.000018
2.724000, -0.000003, 0.000018
2.725000, -0.000003, 0.000018
2.726000, -0.000003, 0.000018
2.727000, -0.000003, 0.000018
2.728000, -0.000003, 0.000018
2.729000, -0.000003, 0.000018
2.730000, -0.000003, 0.000018
2.731000, -0.000003, 0.000018
2.732000, -0.000003, 0.000018
2.733000, -0.000003, 0.000018
2.734000, -0.000003, 0.000018
2.735000, -0.000003, 0.000018
2.736000, -0.000003, 0.000018
2.737000, -0.000003, 0.000018
2.738000, -0.000003, 0.000018
2.739000, -0.000003, 0.000018
2.740000, -0.000003, 0.000018
2.741000, -0.000003, 0.000018
2.742000, -0.000003, 0.000018
2.743000, -0.000003, 0.000018
2.744000, -0.000003, 0.000018
2.745000, -0.000003, 0.000018
2.746000, -0.000003, 0.000018
2.747000, -0.000002, 0.000018
2.748000, -0.000002, 0.000018
2.749000, -0.000002, 0.000018
2.750000, -0.000002, 0.000018
2.751000, -0.000002, 0.000019
2.752000, -0.000002, 0.000019
2.753000, -0.000002, 0.000019
2.754000, -0.000002, 0.000019
2.755000, -0.000002, 0.000019
2.756000, -0.000002, 0.000019
2.757000, -0.000002, 0.000019
2.758000, -0.000002, 0.000019
2.759000, -0.000002, 0.000019
2.760000, -0.000002, 0.000019
2.761000, -0.000002, 0.000019
2.762000, -0.000002, 0.000019
2.763000, -0.000002, 0.000019
2.764000, -0.000002, 0.000019
2.765000, -0.000002, 0.000019
2.766000, -0.000002, 0.000019
2.767000, -0.000002, 0.000019
2.768000, -0.000002, 0.000019
2.769000, -0.000002, 0.000019
2.770000, -0.000002, 0.000019
2.771000, -0.000002, 0.000019
2.772000, -0.000002, 0.000019
2.773000, -0.000002, 0.000019
2.774000, -0.000002, 0.000019
2.775000, -0.000002, 0.000018
2.776000, -0.000002, 0.000018
2.777000, -0.000002, 0.000018
2.778000, -0.000002, 0.000018
2.779000, -0.000002, 0.000018
2.780000, -0.000002, 0.000018
2.781000, -0.000002, 0.000018
2.782000, -0.000002, 0.000018
2.783000, -0.000002, 0.000018
2.784000, -0.000002, 0.000018
2.785000, -0.000002, 0.000018
2.786000, -0.000002, 0.000018
2.787000, -0.000002, 0.000018
2.788000, -0.000002, 0.000018
2.789000, -0.000002, 0.000018
2.790000, -0.000002, 0.000018
2.791000, -0.000002, 0.000018
2.792000, -0.000002, 0.000018
2.793000, -0.000002, 0.000018
2.794000, -0.000002, 0.000018
2.795000, -0.000002, 0.000018
2.796000, -0.000002, 0.000018
2.797000, -0.000002, 0.000018
2.798000, -0.000002, 0.000018
2.799000, -0.000002, 0.000018
2.800000, -0.000002, 0.000018
2.801000, -0.000001, 0.000018
2.802000, -0.000001, 0.000018
2.803000, -0.000001, 0.000018
2.804000, -0.000001, 0.000018
2.805000, -0.000001, 0.000018
2.806000, -0.000001, 0.000018
2.807000, -0.000001, 0.000018
2.808000, -0.000001, 0.000018
2.809000, -0.000001, 0.000018
2.810000, -0.000001, 0.000018
2.811000, -0.000001, 0.000018
2.812000, -0.000001, 0.000018
2.813000, -0.000001, 0.000018
2.814000, -0.000001, 0.000018
2.815000, -0.000001, 0.000018
2.816000, -0.000001, 0.000018
2.817000, -0.000001, 0.000018
2.818000, -0.000001, 0.000018
2.819000, -0.000001, 0.000018
2.820000, -0.000001, 0.000018
2.821000, -0.000001, 0.000018
2.822000, -0.000001, 0.000018
2.823000, -0.000001, 0.000018
2.824000, -0.000001, 0.000018
2.825000, -0.000001, 0.000018
2.826000, -0.000001, 0.000018
2.827000, -0.000001, 0.000018
2.828000, -0.000001, 0.000018
2.829000, -0.000001, 0.000018
2.830000, -0.000001, 0.000018
2.831000, -0.000001, 0.000018
2.832000, -0.000001, 0.000018
2.833000, -0.000001, 0.000017
2.834000, -0.000001, 0.000017
2.835000, -0.000001, 0.000017
2.836000, -0.000001, 0.000017
2.837000, -0.000001, 0.000017
2.838000, -0.000001, 0.000017
2.839000, -0.000001, 0.000017
2.840000, -0.000001, 0.000017
2.841000, -0.000001, 0.000017
2.842000, -0.000001, 0.000017
2.843000, -0.000001, 0.000017
2.844000, -0.000001, 0.000017
2.845000, -0.000001, 0.000017
2.846000, -0.000001, 0.000017
2.847000, -0.000001, 0.000017
2.848000, -0.000001, 0.000017
2.849000, -0.000001, 0.000017
2.850000, -0.000001, 0.000017
2.851000, -0.000001, 0.000017
2.852000, -0.000001, 0.000017
2.853000, -0.000001, 0.000017
2.854000, -0.000001, 0.000017
2.855000, -0.000001, 0.000017
2.856000, -0.000001, 0.000017
2.857000, -0.000001, 0.000017
2.858000, -0.000000, 0.000017
2.859000, -0.000000, 0.000017
2.860000, -0.000000, 0.000017
2.861000, -0.000000, 0.000017
2.862000, -0.000000, 0.000017
2.863000, -0.000000, 0.000017
2.864000, -0.000000, 0.000017
2.865000, -0.000000, 0.000017
2.866000, -0.000000, 0.000017
2.867000, -0.000000, 0.000017
2.868000, -0.000000, 0.000017
2.869000, -0.000000, 0.000017
2.870000, -0.000000, 0.000017
2.871000, -0.000000, 0.000017
2.872000, -0.000000, 0.0