time, theta__error, theta_dot_error
0.000000, -1.500001, -0.000390
0.001000, -1.485894, 9.404153
0.002000, -1.464331, 17.509908
0.003000, -1.436431, 24.436904
0.004000, -1.403203, 30.297286
0.005000, -1.365559, 35.195451
0.006000, -1.324314, 39.228227
0.007000, -1.280201, 42.485098
0.008000, -1.233871, 45.048494
0.009000, -1.185904, 46.994125
0.010000, -1.136814, 48.391365
0.011000, -1.087054, 49.303648
0.012000, -1.037022, 49.788884
0.013000, -0.987067, 49.899866
0.014000, -0.937490, 49.684668
0.015000, -0.888552, 49.187020
0.016000, -0.840475, 48.446654
0.017000, -0.793449, 47.499623
0.018000, -0.747631, 46.378594
0.019000, -0.703151, 45.113105
0.020000, -0.660113, 43.729810
0.021000, -0.618598, 42.252684
0.022000, -0.578670, 40.703229
0.023000, -0.540371, 39.100653
0.024000, -0.503728, 37.462038
0.025000, -0.468755, 35.802498
0.026000, -0.435453, 34.135335
0.027000, -0.403813, 32.472174
0.028000, -0.373814, 30.823103
0.029000, -0.345431, 29.196803
0.030000, -0.318628, 27.600667
0.031000, -0.293367, 26.040920
0.032000, -0.269603, 24.522728
0.033000, -0.247289, 23.050302
0.034000, -0.226374, 21.626996
0.035000, -0.206804, 20.255396
0.036000, -0.188526, 18.937408
0.037000, -0.171483, 17.674335
0.038000, -0.155620, 16.466945
0.039000, -0.140880, 15.315546
0.040000, -0.127208, 14.220038
0.041000, -0.114548, 13.179972
0.042000, -0.102846, 12.194603
0.043000, -0.092049, 11.262929
0.044000, -0.082105, 10.383738
0.045000, -0.072963, 9.555641
0.046000, -0.064575, 8.777104
0.047000, -0.056894, 8.046483
0.048000, -0.049874, 7.362044
0.049000, -0.043472, 6.721990
0.050000, -0.037646, 6.124478
0.051000, -0.032357, 5.567642
0.052000, -0.027567, 5.049601
0.053000, -0.023239, 4.568482
0.054000, -0.019339, 4.122423
0.055000, -0.015836, 3.709588
0.056000, -0.012699, 3.328174
0.057000, -0.009898, 2.976419
0.058000, -0.007407, 2.652606
0.059000, -0.005201, 2.355071
0.060000, -0.003255, 2.082202
0.061000, -0.001548, 1.832447
0.062000, -0.000058, 1.604314
0.063000, 0.001235, 1.396371
0.064000, 0.002347, 1.207249
0.065000, 0.003297, 1.035644
0.066000, 0.004100, 0.880310
0.067000, 0.004770, 0.740068
0.068000, 0.005321, 0.613798
0.069000, 0.005764, 0.500440
0.070000, 0.006113, 0.398996
0.071000, 0.006376, 0.308522
0.072000, 0.006564, 0.228133
0.073000, 0.006685, 0.156995
0.074000, 0.006748, 0.094328
0.075000, 0.006760, 0.039402
0.076000, 0.006728, -0.008465
0.077000, 0.006657, -0.049909
0.078000, 0.006554, -0.085522
0.079000, 0.006423, -0.115855
0.080000, 0.006269, -0.141417
0.081000, 0.006095, -0.162682
0.082000, 0.005907, -0.180087
0.083000, 0.005706, -0.194034
0.084000, 0.005495, -0.204897
0.085000, 0.005278, -0.213016
0.086000, 0.005057, -0.218705
0.087000, 0.004833, -0.222252
0.088000, 0.004608, -0.223918
0.089000, 0.004384, -0.223945
0.090000, 0.004162, -0.222549
0.091000, 0.003943, -0.219928
0.092000, 0.003729, -0.216264
0.093000, 0.003519, -0.211716
0.094000, 0.003316, -0.206433
0.095000, 0.003118, -0.200545
0.096000, 0.002927, -0.194169
0.097000, 0.002743, -0.187412
0.098000, 0.002566, -0.180367
0.099000, 0.002397, -0.173117
0.100000, 0.002235, -0.165735
0.101000, 0.002080, -0.158285
0.102000, 0.001933, -0.150823
0.103000, 0.001793, -0.143399
0.104000, 0.001661, -0.136055
0.105000, 0.001536, -0.128825
0.106000, 0.001418, -0.121742
0.107000, 0.001306, -0.114830
0.108000, 0.001201, -0.108110
0.109000, 0.001103, -0.101600
0.110000, 0.001011, -0.095312
0.111000, 0.000925, -0.089257
0.112000, 0.000844, -0.083443
0.113000, 0.000769, -0.077873
0.114000, 0.000699, -0.072552
0.115000, 0.000634, -0.067478
0.116000, 0.000574, -0.062653
0.117000, 0.000518, -0.058073
0.118000, 0.000467, -0.053734
0.119000, 0.000419, -0.049632
0.120000, 0.000375, -0.045762
0.121000, 0.000335, -0.042117
0.122000, 0.000298, -0.038690
0.123000, 0.000264, -0.035474
0.124000, 0.000233, -0.032462
0.125000, 0.000205, -0.029644
0.126000, 0.000179, -0.027014
0.127000, 0.000156, -0.024563
0.128000, 0.000135, -0.022282
0.129000, 0.000116, -0.020164
0.130000, 0.000098, -0.018200
0.131000, 0.000083, -0.016382
0.132000, 0.000069, -0.014702
0.133000, 0.000057, -0.013153
0.134000, 0.000046, -0.011727
0.135000, 0.000036, -0.010416
0.136000, 0.000027, -0.009214
0.137000, 0.000020, -0.008113
0.138000, 0.000013, -0.007108
0.139000, 0.000007, -0.006191
0.140000, 0.000002, -0.005357
0.141000, -0.000002, -0.004601
0.142000, -0.000005, -0.003916
0.143000, -0.000008, -0.003297
0.144000, -0.000011, -0.002740
0.145000, -0.000013, -0.002240
0.146000, -0.000014, -0.001792
0.147000, -0.000016, -0.001393
0.148000, -0.000016, -0.001038
0.149000, -0.000017, -0.000723
0.150000, -0.000017, -0.000446
0.151000, -0.000017, -0.000203
0.152000, -0.000017, 0.000008
0.153000, -0.000017, 0.000192
0.154000, -0.000017, 0.000349
0.155000, -0.000016, 0.000484
0.156000, -0.000015, 0.000597
0.157000, -0.000015, 0.000692
0.158000, -0.000014, 0.000769
0.159000, -0.000013, 0.000831
0.160000, -0.000012, 0.000879
0.161000, -0.000011, 0.000916
0.162000, -0.000010, 0.000942
0.163000, -0.000009, 0.000958
0.164000, -0.000008, 0.000966
0.165000, -0.000007, 0.000966
0.166000, -0.000006, 0.000960
0.167000, -0.000005, 0.000949
0.168000, -0.000004, 0.000934
0.169000, -0.000003, 0.000914
0.170000, -0.000003, 0.000891
0.171000, -0.000002, 0.000865
0.172000, -0.000001, 0.000838
0.173000, -0.000000, 0.000808
0.174000, 0.000001, 0.000777
0.175000, 0.000001, 0.000746
0.176000, 0.000002, 0.000713
0.177000, 0.000003, 0.000681
0.178000, 0.000003, 0.000648
0.179000, 0.000004, 0.000616
0.180000, 0.000005, 0.000583
0.181000, 0.000005, 0.000552
0.182000, 0.000006, 0.000521
0.183000, 0.000006, 0.000490
0.184000, 0.000006, 0.000461
0.185000, 0.000007, 0.000432
0.186000, 0.000007, 0.000405
0.187000, 0.000008, 0.000378
0.188000, 0.000008, 0.000353
0.189000, 0.000008, 0.000328
0.190000, 0.000009, 0.000305
0.191000, 0.000009, 0.000282
0.192000, 0.000009, 0.000261
0.193000, 0.000009, 0.000241
0.194000, 0.000010, 0.000222
0.195000, 0.000010, 0.000204
0.196000, 0.000010, 0.000187
0.197000, 0.000010, 0.000171
0.198000, 0.000010, 0.000156
0.199000, 0.000010, 0.000142
0.200000, 0.000011, 0.000128
0.201000, 0.000011, 0.000116
0.202000, 0.000011, 0.000104
0.203000, 0.000011, 0.000094
0.204000, 0.000011, 0.000084
0.205000, 0.000011, 0.000074
0.206000, 0.000011, 0.000066
0.207000, 0.000011, 0.000058
0.208000, 0.000011, 0.000050
0.209000, 0.000011, 0.000043
0.210000, 0.000011, 0.000037
0.211000, 0.000011, 0.000031
0.212000, 0.000011, 0.000026
0.213000, 0.000011, 0.000021
0.214000, 0.000011, 0.000017
0.215000, 0.000011, 0.000013
0.216000, 0.000011, 0.000009
0.217000, 0.000011, 0.000006
0.218000, 0.000011, 0.000003
0.219000, 0.000011, -0.000000
0.220000, 0.000011, -0.000003
0.221000, 0.000011, -0.000005
0.222000, 0.000011, -0.000007
0.223000, 0.000011, -0.000008
0.224000, 0.000011, -0.000010
0.225000, 0.000011, -0.000011
0.226000, 0.000011, -0.000013
0.227000, 0.000011, -0.000014
0.228000, 0.000011, -0.000015
0.229000, 0.000011, -0.000015
0.230000, 0.000011, -0.000016
0.231000, 0.000011, -0.000017
0.232000, 0.000011, -0.000017
0.233000, 0.000011, -0.000018
0.234000, 0.000011, -0.000018
0.235000, 0.000011, -0.000018
0.236000, 0.000011, -0.000019
0.237000, 0.000011, -0.000019
0.238000, 0.000011, -0.000019
0.239000, 0.000011, -0.000019
0.240000, 0.000011, -0.000019
0.241000, 0.000011, -0.000019
0.242000, 0.000011, -0.000019
0.243000, 0.000011, -0.000019
0.244000, 0.000011, -0.000019
0.245000, 0.000011, -0.000019
0.246000, 0.000011, -0.000019
0.247000, 0.000011, -0.000018
0.248000, 0.000011, -0.000018
0.249000, 0.000011, -0.000018
0.250000, 0.000011, -0.000018
0.251000, 0.000011, -0.000018
0.252000, 0.000011, -0.000018
0.253000, 0.000011, -0.000018
0.254000, 0.000011, -0.000018
0.255000, 0.000011, -0.000017
0.256000, 0.000011, -0.000017
0.257000, 0.000011, -0.000017
0.258000, 0.000011, -0.000017
0.259000, 0.000011, -0.000017
0.260000, 0.000011, -0.000017
0.261000, 0.000011, -0.000017
0.262000, 0.000011, -0.000016
0.263000, 0.000011, -0.000016
0.264000, 0.000011, -0.000016
0.265000, 0.000011, -0.000016
0.266000, 0.000011, -0.000016
0.267000, 0.000011, -0.000016
0.268000, 0.000011, -0.000016
0.269000, 0.000010, -0.000016
0.270000, 0.000010, -0.000016
0.271000, 0.000010, -0.000016
0.272000, 0.000010, -0.000015
0.273000, 0.000010, -0.000015
0.274000, 0.000010, -0.000015
0.275000, 0.000010, -0.000015
0.276000, 0.000010, -0.000015
0.277000, 0.000010, -0.000015
0.278000, 0.000010, -0.000015
0.279000, 0.000010, -0.000015
0.280000, 0.000010, -0.000015
0.281000, 0.000010, -0.000015
0.282000, 0.000010, -0.000015
0.283000, 0.000010, -0.000015
0.284000, 0.000010, -0.000015
0.285000, 0.000010, -0.000015
0.286000, 0.000010, -0.000015
0.287000, 0.000010, -0.000015
0.288000, 0.000010, -0.000015
0.289000, 0.000010, -0.000015
0.290000, 0.000010, -0.000015
0.291000, 0.000010, -0.000015
0.292000, 0.000010, -0.000015
0.293000, 0.000010, -0.000015
0.294000, 0.000010, -0.000015
0.295000, 0.000010, -0.000015
0.296000, 0.000010, -0.000015
0.297000, 0.000010, -0.000015
0.298000, 0.000010, -0.000015
0.299000, 0.000010, -0.000015
0.300000, 0.000010, -0.000015
0.301000, 0.000010, -0.000014
0.302000, 0.000010, -0.000014
0.303000, 0.000010, -0.000014
0.304000, 0.000010, -0.000014
0.305000, 0.000010, -0.000014
0.306000, 0.000010, -0.000014
0.307000, 0.000010, -0.000014
0.308000, 0.000010, -0.000014
0.309000, 0.000010, -0.000014
0.310000, 0.000010, -0.000014
0.311000, 0.000010, -0.000014
0.312000, 0.000010, -0.000014
0.313000, 0.000010, -0.000014
0.314000, 0.000010, -0.000014
0.315000, 0.000010, -0.000014
0.316000, 0.000010, -0.000014
0.317000, 0.000010, -0.000014
0.318000, 0.000010, -0.000014
0.319000, 0.000010, -0.000014
0.320000, 0.000010, -0.000014
0.321000, 0.000010, -0.000014
0.322000, 0.000010, -0.000014
0.323000, 0.000010, -0.000014
0.324000, 0.000010, -0.000014
0.325000, 0.000010, -0.000014
0.326000, 0.000010, -0.000014
0.327000, 0.000010, -0.000014
0.328000, 0.000010, -0.000014
0.329000, 0.000010, -0.000014
0.330000, 0.000010, -0.000014
0.331000, 0.000010, -0.000014
0.332000, 0.000010, -0.000014
0.333000, 0.000010, -0.000014
0.334000, 0.000010, -0.000014
0.335000, 0.000010, -0.000014
0.336000, 0.000010, -0.000014
0.337000, 0.000009, -0.000014
0.338000, 0.000009, -0.000014
0.339000, 0.000009, -0.000014
0.340000, 0.000009, -0.000014
0.341000, 0.000009, -0.000014
0.342000, 0.000009, -0.000014
0.343000, 0.000009, -0.000014
0.344000, 0.000009, -0.000014
0.345000, 0.000009, -0.000014
0.346000, 0.000009, -0.000014
0.347000, 0.000009, -0.000014
0.348000, 0.000009, -0.000014
0.349000, 0.000009, -0.000014
0.350000, 0.000009, -0.000014
0.351000, 0.000009, -0.000014
0.352000, 0.000009, -0.000014
0.353000, 0.000009, -0.000014
0.354000, 0.000009, -0.000014
0.355000, 0.000009, -0.000014
0.356000, 0.000009, -0.000014
0.357000, 0.000009, -0.000014
0.358000, 0.000009, -0.000014
0.359000, 0.000009, -0.000014
0.360000, 0.000009, -0.000014
0.361000, 0.000009, -0.000014
0.362000, 0.000009, -0.000014
0.363000, 0.000009, -0.000014
0.364000, 0.000009, -0.000014
0.365000, 0.000009, -0.000014
0.366000, 0.000009, -0.000014
0.367000, 0.000009, -0.000014
0.368000, 0.000009, -0.000014
0.369000, 0.000009, -0.000014
0.370000, 0.000009, -0.000014
0.371000, 0.000009, -0.000014
0.372000, 0.000009, -0.000014
0.373000, 0.000009, -0.000014
0.374000, 0.000009, -0.000014
0.375000, 0.000009, -0.000014
0.376000, 0.000009, -0.000014
0.377000, 0.000009, -0.000014
0.378000, 0.000009, -0.000014
0.379000, 0.000009, -0.000014
0.380000, 0.000009, -0.000014
0.381000, 0.000009, -0.000014
0.382000, 0.000009, -0.000014
0.383000, 0.000009, -0.000014
0.384000, 0.000009, -0.000014
0.385000, 0.000009, -0.000014
0.386000, 0.000009, -0.000014
0.387000, 0.000009, -0.000014
0.388000, 0.000009, -0.000014
0.389000, 0.000009, -0.000014
0.390000, 0.000009, -0.000014
0.391000, 0.000009, -0.000014
0.392000, 0.000009, -0.000014
0.393000, 0.000009, -0.000014
0.394000, 0.000009, -0.000014
0.395000, 0.000009, -0.000014
0.396000, 0.000009, -0.000014
0.397000, 0.000009, -0.000014
0.398000, 0.000009, -0.000014
0.399000, 0.000009, -0.000014
0.400000, 0.000009, -0.000014
0.401000, 0.000009, -0.000014
0.402000, 0.000009, -0.000014
0.403000, 0.000009, -0.000014
0.404000, 0.000009, -0.000014
0.405000, 0.000009, -0.000014
0.406000, 0.000009, -0.000014
0.407000, 0.000009, -0.000014
0.408000, 0.000008, -0.000014
0.409000, 0.000008, -0.000014
0.410000, 0.000008, -0.000014
0.411000, 0.000008, -0.000014
0.412000, 0.000008, -0.000014
0.413000, 0.000008, -0.000014
0.414000, 0.000008, -0.000014
0.415000, 0.000008, -0.000014
0.416000, 0.000008, -0.000014
0.417000, 0.000008, -0.000014
0.418000, 0.000008, -0.000014
0.419000, 0.000008, -0.000014
0.420000, 0.000008, -0.000014
0.421000, 0.000008, -0.000014
0.422000, 0.000008, -0.000014
0.423000, 0.000008, -0.000014
0.424000, 0.000008, -0.000014
0.425000, 0.000008, -0.000014
0.426000, 0.000008, -0.000014
0.427000, 0.000008, -0.000014
0.428000, 0.000008, -0.000014
0.429000, 0.000008, -0.000014
0.430000, 0.000008, -0.000014
0.431000, 0.000008, -0.000014
0.432000, 0.000008, -0.000014
0.433000, 0.000008, -0.000014
0.434000, 0.000008, -0.000014
0.435000, 0.000008, -0.000014
0.436000, 0.000008, -0.000014
0.437000, 0.000008, -0.000014
0.438000, 0.000008, -0.000014
0.439000, 0.000008, -0.000014
0.440000, 0.000008, -0.000014
0.441000, 0.000008, -0.000014
0.442000, 0.000008, -0.000014
0.443000, 0.000008, -0.000014
0.444000, 0.000008, -0.000014
0.445000, 0.000008, -0.000014
0.446000, 0.000008, -0.000014
0.447000, 0.000008, -0.000014
0.448000, 0.000008, -0.000014
0.449000, 0.000008, -0.000014
0.450000, 0.000008, -0.000014
0.451000, 0.000008, -0.000014
0.452000, 0.000008, -0.000014
0.453000, 0.000008, -0.000014
0.454000, 0.000008, -0.000014
0.455000, 0.000008, -0.000014
0.456000, 0.000008, -0.000014
0.457000, 0.000008, -0.000014
0.458000, 0.000008, -0.000014
0.459000, 0.000008, -0.000014
0.460000, 0.000008, -0.000014
0.461000, 0.000008, -0.000014
0.462000, 0.000008, -0.000014
0.463000, 0.000008, -0.000014
0.464000, 0.000008, -0.000014
0.465000, 0.000008, -0.000014
0.466000, 0.000008, -0.000014
0.467000, 0.000008, -0.000014
0.468000, 0.000008, -0.000014
0.469000, 0.000008, -0.000014
0.470000, 0.000008, -0.000014
0.471000, 0.000008, -0.000014
0.472000, 0.000008, -0.000014
0.473000, 0.000008, -0.000014
0.474000, 0.000008, -0.000014
0.475000, 0.000008, -0.000014
0.476000, 0.000008, -0.000014
0.477000, 0.000008, -0.000014
0.478000, 0.000008, -0.000014
0.479000, 0.000007, -0.000014
0.480000, 0.000007, -0.000014
0.481000, 0.000007, -0.000014
0.482000, 0.000007, -0.000014
0.483000, 0.000007, -0.000014
0.484000, 0.000007, -0.000014
0.485000, 0.000007, -0.000014
0.486000, 0.000007, -0.000014
0.487000, 0.000007, -0.000014
0.488000, 0.000007, -0.000014
0.489000, 0.000007, -0.000014
0.490000, 0.000007, -0.000014
0.491000, 0.000007, -0.000014
0.492000, 0.000007, -0.000014
0.493000, 0.000007, -0.000014
0.494000, 0.000007, -0.000014
0.495000, 0.000007, -0.000014
0.496000, 0.000007, -0.000014
0.497000, 0.000007, -0.000014
0.498000, 0.000007, -0.000014
0.499000, 0.000007, -0.000014
0.500000, 0.000007, -0.000014
0.501000, 0.000007, -0.000014
0.502000, 0.000007, -0.000014
0.503000, 0.000007, -0.000014
0.504000, 0.000007, -0.000014
0.505000, 0.000007, -0.000014
0.506000, 0.000007, -0.000014
0.507000, 0.000007, -0.000014
0.508000, 0.000007, -0.000014
0.509000, 0.000007, -0.000014
0.510000, 0.000007, -0.000014
0.511000, 0.000007, -0.000014
0.512000, 0.000007, -0.000014
0.513000, 0.000007, -0.000014
0.514000, 0.000007, -0.000014
0.515000, 0.000007, -0.000014
0.516000, 0.000007, -0.000014
0.517000, 0.000007, -0.000014
0.518000, 0.000007, -0.000014
0.519000, 0.000007, -0.000014
0.520000, 0.000007, -0.000014
0.521000, 0.000007, -0.000014
0.522000, 0.000007, -0.000014
0.523000, 0.000007, -0.000014
0.524000, 0.000007, -0.000014
0.525000, 0.000007, -0.000014
0.526000, 0.000007, -0.000014
0.527000, 0.000007, -0.000014
0.528000, 0.000007, -0.000014
0.529000, 0.000007, -0.000014
0.530000, 0.000007, -0.000014
0.531000, 0.000007, -0.000014
0.532000, 0.000007, -0.000014
0.533000, 0.000007, -0.000014
0.534000, 0.000007, -0.000014
0.535000, 0.000007, -0.000014
0.536000, 0.000007, -0.000014
0.537000, 0.000007, -0.000014
0.538000, 0.000007, -0.000014
0.539000, 0.000007, -0.000014
0.540000, 0.000007, -0.000014
0.541000, 0.000007, -0.000014
0.542000, 0.000007, -0.000014
0.543000, 0.000007, -0.000014
0.544000, 0.000007, -0.000014
0.545000, 0.000007, -0.000014
0.546000, 0.000007, -0.000014
0.547000, 0.000007, -0.000014
0.548000, 0.000007, -0.000014
0.549000, 0.000007, -0.000014
0.550000, 0.000007, -0.000014
0.551000, 0.000007, -0.000014
0.552000, 0.000007, -0.000014
0.553000, 0.000006, -0.000014
0.554000, 0.000006, -0.000014
0.555000, 0.000006, -0.000014
0.556000, 0.000006, -0.000013
0.557000, 0.000006, -0.000013
0.558000, 0.000006, -0.000013
0.559000, 0.000006, -0.000013
0.560000, 0.000006, -0.000013
0.561000, 0.000006, -0.000013
0.562000, 0.000006, -0.000013
0.563000, 0.000006, -0.000013
0.564000, 0.000006, -0.000013
0.565000, 0.000006, -0.000013
0.566000, 0.000006, -0.000013
0.567000, 0.000006, -0.000013
0.568000, 0.000006, -0.000013
0.569000, 0.000006, -0.000013
0.570000, 0.000006, -0.000013
0.571000, 0.000006, -0.000013
0.572000, 0.000006, -0.000013
0.573000, 0.000006, -0.000013
0.574000, 0.000006, -0.000013
0.575000, 0.000006, -0.000013
0.576000, 0.000006, -0.000013
0.577000, 0.000006, -0.000013
0.578000, 0.000006, -0.000013
0.579000, 0.000006, -0.000013
0.580000, 0.000006, -0.000013
0.581000, 0.000006, -0.000013
0.582000, 0.000006, -0.000013
0.583000, 0.000006, -0.000013
0.584000, 0.000006, -0.000013
0.585000, 0.000006, -0.000013
0.586000, 0.000006, -0.000013
0.587000, 0.000006, -0.000013
0.588000, 0.000006, -0.000013
0.589000, 0.000006, -0.000013
0.590000, 0.000006, -0.000013
0.591000, 0.000006, -0.000013
0.592000, 0.000006, -0.000013
0.593000, 0.000006, -0.000013
0.594000, 0.000006, -0.000013
0.595000, 0.000006, -0.000013
0.596000, 0.000006, -0.000013
0.597000, 0.000006, -0.000013
0.598000, 0.000006, -0.000013
0.599000, 0.000006, -0.000013
0.600000, 0.000006, -0.000013
0.601000, 0.000006, -0.000013
0.602000, 0.000006, -0.000013
0.603000, 0.000006, -0.000013
0.604000, 0.000006, -0.000013
0.605000, 0.000006, -0.000013
0.606000, 0.000006, -0.000013
0.607000, 0.000006, -0.000013
0.608000, 0.000006, -0.000013
0.609000, 0.000006, -0.000013
0.610000, 0.000006, -0.000013
0.611000, 0.000006, -0.000013
0.612000, 0.000006, -0.000013
0.613000, 0.000006, -0.000013
0.614000, 0.000006, -0.000013
0.615000, 0.000006, -0.000013
0.616000, 0.000006, -0.000013
0.617000, 0.000006, -0.000013
0.618000, 0.000006, -0.000013
0.619000, 0.000006, -0.000013
0.620000, 0.000006, -0.000013
0.621000, 0.000006, -0.000013
0.622000, 0.000006, -0.000013
0.623000, 0.000006, -0.000013
0.624000, 0.000006, -0.000013
0.625000, 0.000006, -0.000013
0.626000, 0.000006, -0.000013
0.627000, 0.000005, -0.000013
0.628000, 0.000005, -0.000013
0.629000, 0.000005, -0.000013
0.630000, 0.000005, -0.000013
0.631000, 0.000005, -0.000013
0.632000, 0.000005, -0.000013
0.633000, 0.000005, -0.000013
0.634000, 0.000005, -0.000013
0.635000, 0.000005, -0.000013
0.636000, 0.000005, -0.000013
0.637000, 0.000005, -0.000013
0.638000, 0.000005, -0.000013
0.639000, 0.000005, -0.000013
0.640000, 0.000005, -0.000013
0.641000, 0.000005, -0.000013
0.642000, 0.000005, -0.000013
0.643000, 0.000005, -0.000013
0.644000, 0.000005, -0.000013
0.645000, 0.000005, -0.000013
0.646000, 0.000005, -0.000013
0.647000, 0.000005, -0.000013
0.648000, 0.000005, -0.000013
0.649000, 0.000005, -0.000013
0.650000, 0.000005, -0.000013
0.651000, 0.000005, -0.000013
0.652000, 0.000005, -0.000013
0.653000, 0.000005, -0.000013
0.654000, 0.000005, -0.000013
0.655000, 0.000005, -0.000013
0.656000, 0.000005, -0.000013
0.657000, 0.000005, -0.000013
0.658000, 0.000005, -0.000013
0.659000, 0.000005, -0.000013
0.660000, 0.000005, -0.000013
0.661000, 0.000005, -0.000013
0.662000, 0.000005, -0.000013
0.663000, 0.000005, -0.000013
0.664000, 0.000005, -0.000013
0.665000, 0.000005, -0.000013
0.666000, 0.000005, -0.000013
0.667000, 0.000005, -0.000013
0.668000, 0.000005, -0.000013
0.669000, 0.000005, -0.000013
0.670000, 0.000005, -0.000013
0.671000, 0.000005, -0.000013
0.672000, 0.000005, -0.000013
0.673000, 0.000005, -0.000013
0.674000, 0.000005, -0.000013
0.675000, 0.000005, -0.000013
0.676000, 0.000005, -0.000013
0.677000, 0.000005, -0.000013
0.678000, 0.000005, -0.000013
0.679000, 0.000005, -0.000013
0.680000, 0.000005, -0.000013
0.681000, 0.000005, -0.000013
0.682000, 0.000005, -0.000013
0.683000, 0.000005, -0.000013
0.684000, 0.000005, -0.000013
0.685000, 0.000005, -0.000013
0.686000, 0.000005, -0.000013
0.687000, 0.000005, -0.000013
0.688000, 0.000005, -0.000013
0.689000, 0.000005, -0.000013
0.690000, 0.000005, -0.000013
0.691000, 0.000005, -0.000013
0.692000, 0.000005, -0.000013
0.693000, 0.000005, -0.000013
0.694000, 0.000005, -0.000013
0.695000, 0.000005, -0.000013
0.696000, 0.000005, -0.000013
0.697000, 0.000005, -0.000013
0.698000, 0.000005, -0.000013
0.699000, 0.000005, -0.000013
0.700000, 0.000005, -0.000013
0.701000, 0.000005, -0.000013
0.702000, 0.000005, -0.000013
0.703000, 0.000005, -0.000013
0.704000, 0.000004, -0.000013
0.705000, 0.000004, -0.000013
0.706000, 0.000004, -0.000013
0.707000, 0.000004, -0.000013
0.708000, 0.000004, -0.000013
0.709000, 0.000004, -0.000013
0.710000, 0.000004, -0.000013
0.711000, 0.000004, -0.000013
0.712000, 0.000004, -0.000013
0.713000, 0.000004, -0.000013
0.714000, 0.000004, -0.000013
0.715000, 0.000004, -0.000013
0.716000, 0.000004, -0.000013
0.717000, 0.000004, -0.000013
0.718000, 0.000004, -0.000013
0.719000, 0.000004, -0.000013
0.720000, 0.000004, -0.000013
0.721000, 0.000004, -0.000013
0.722000, 0.000004, -0.000013
0.723000, 0.000004, -0.000013
0.724000, 0.000004, -0.000013
0.725000, 0.000004, -0.000013
0.726000, 0.000004, -0.000013
0.727000, 0.000004, -0.000013
0.728000, 0.000004, -0.000013
0.729000, 0.000004, -0.000013
0.730000, 0.000004, -0.000013
0.731000, 0.000004, -0.000013
0.732000, 0.000004, -0.000013
0.733000, 0.000004, -0.000013
0.734000, 0.000004, -0.000013
0.735000, 0.000004, -0.000013
0.736000, 0.000004, -0.000013
0.737000, 0.000004, -0.000013
0.738000, 0.000004, -0.000013
0.739000, 0.000004, -0.000013
0.740000, 0.000004, -0.000013
0.741000, 0.000004, -0.000013
0.742000, 0.000004, -0.000013
0.743000, 0.000004, -0.000013
0.744000, 0.000004, -0.000013
0.745000, 0.000004, -0.000013
0.746000, 0.000004, -0.000013
0.747000, 0.000004, -0.000013
0.748000, 0.000004, -0.000013
0.749000, 0.000004, -0.000013
0.750000, 0.000004, -0.000013
0.751000, 0.000004, -0.000013
0.752000, 0.000004, -0.000013
0.753000, 0.000004, -0.000013
0.754000, 0.000004, -0.000013
0.755000, 0.000004, -0.000013
0.756000, 0.000004, -0.000013
0.757000, 0.000004, -0.000013
0.758000, 0.000004, -0.000013
0.759000, 0.000004, -0.000013
0.760000, 0.000004, -0.000013
0.761000, 0.000004, -0.000013
0.762000, 0.000004, -0.000013
0.763000, 0.000004, -0.000013
0.764000, 0.000004, -0.000013
0.765000, 0.000004, -0.000013
0.766000, 0.000004, -0.000013
0.767000, 0.000004, -0.000013
0.768000, 0.000004, -0.000013
0.769000, 0.000004, -0.000013
0.770000, 0.000004, -0.000013
0.771000, 0.000004, -0.000013
0.772000, 0.000004, -0.000013
0.773000, 0.000004, -0.000013
0.774000, 0.000004, -0.000013
0.775000, 0.000004, -0.000013
0.776000, 0.000004, -0.000013
0.777000, 0.000004, -0.000013
0.778000, 0.000004, -0.000013
0.779000, 0.000004, -0.000013
0.780000, 0.000004, -0.000013
0.781000, 0.000003, -0.000013
0.782000, 0.000003, -0.000013
0.783000, 0.000003, -0.000013
0.784000, 0.000003, -0.000013
0.785000, 0.000003, -0.000013
0.786000, 0.000003, -0.000013
0.787000, 0.000003, -0.000013
0.788000, 0.000003, -0.000013
0.789000, 0.000003, -0.000013
0.790000, 0.000003, -0.000013
0.791000, 0.000003, -0.000013
0.792000, 0.000003, -0.000013
0.793000, 0.000003, -0.000013
0.794000, 0.000003, -0.000013
0.795000, 0.000003, -0.000013
0.796000, 0.000003, -0.000013
0.797000, 0.000003, -0.000013
0.798000, 0.000003, -0.000013
0.799000, 0.000003, -0.000013
0.800000, 0.000003, -0.000013
0.801000, 0.000003, -0.000013
0.802000, 0.000003, -0.000013
0.803000, 0.000003, -0.000013
0.804000, 0.000003, -0.000013
0.805000, 0.000003, -0.000013
0.806000, 0.000003, -0.000013
0.807000, 0.000003, -0.000013
0.808000, 0.000003, -0.000013
0.809000, 0.000003, -0.000013
0.810000, 0.000003, -0.000013
0.811000, 0.000003, -0.000013
0.812000, 0.000003, -0.000013
0.813000, 0.000003, -0.000013
0.814000, 0.000003, -0.000013
0.815000, 0.000003, -0.000013
0.816000, 0.000003, -0.000013
0.817000, 0.000003, -0.000013
0.818000, 0.000003, -0.000013
0.819000, 0.000003, -0.000013
0.820000, 0.000003, -0.000013
0.821000, 0.000003, -0.000013
0.822000, 0.000003, -0.000013
0.823000, 0.000003, -0.000013
0.824000, 0.000003, -0.000013
0.825000, 0.000003, -0.000013
0.826000, 0.000003, -0.000013
0.827000, 0.000003, -0.000013
0.828000, 0.000003, -0.000013
0.829000, 0.000003, -0.000013
0.830000, 0.000003, -0.000013
0.831000, 0.000003, -0.000013
0.832000, 0.000003, -0.000013
0.833000, 0.000003, -0.000013
0.834000, 0.000003, -0.000013
0.835000, 0.000003, -0.000013
0.836000, 0.000003, -0.000013
0.837000, 0.000003, -0.000013
0.838000, 0.000003, -0.000013
0.839000, 0.000003, -0.000013
0.840000, 0.000003, -0.000013
0.841000, 0.000003, -0.000013
0.842000, 0.000003, -0.000013
0.843000, 0.000003, -0.000013
0.844000, 0.000003, -0.000013
0.845000, 0.000003, -0.000013
0.846000, 0.000003, -0.000013
0.847000, 0.000003, -0.000013
0.848000, 0.000003, -0.000013
0.849000, 0.000003, -0.000013
0.850000, 0.000003, -0.000013
0.851000, 0.000003, -0.000013
0.852000, 0.000003, -0.000013
0.853000, 0.000003, -0.000013
0.854000, 0.000003, -0.000013
0.855000, 0.000003, -0.000013
0.856000, 0.000003, -0.000013
0.857000, 0.000003, -0.000013
0.858000, 0.000003, -0.000013
0.859000, 0.000003, -0.000013
0.860000, 0.000002, -0.000013
0.861000, 0.000002, -0.000013
0.862000, 0.000002, -0.000013
0.863000, 0.000002, -0.000013
0.864000, 0.000002, -0.000013
0.865000, 0.000002, -0.000013
0.866000, 0.000002, -0.000013
0.867000, 0.000002, -0.000013
0.868000, 0.000002, -0.000013
0.869000, 0.000002, -0.000013
0.870000, 0.000002, -0.000013
0.871000, 0.000002, -0.000013
0.872000, 0.000002, -0.000013
0.873000, 0.000002, -0.000013
0.874000, 0.000002, -0.000013
0.875000, 0.000002, -0.000013
0.876000, 0.000002, -0.000013
0.877000, 0.000002, -0.000013
0.878000, 0.000002, -0.000013
0.879000, 0.000002, -0.000013
0.880000, 0.000002, -0.000013
0.881000, 0.000002, -0.000013
0.882000, 0.000002, -0.000013
0.883000, 0.000002, -0.000013
0.884000, 0.000002, -0.000013
0.885000, 0.000002, -0.000013
0.886000, 0.000002, -0.000013
0.887000, 0.000002, -0.000013
0.888000, 0.000002, -0.000013
0.889000, 0.000002, -0.000013
0.890000, 0.000002, -0.000013
0.891000, 0.000002, -0.000013
0.892000, 0.000002, -0.000013
0.893000, 0.000002, -0.000013
0.894000, 0.000002, -0.000013
0.895000, 0.000002, -0.000013
0.896000, 0.000002, -0.000013
0.897000, 0.000002, -0.000013
0.898000, 0.000002, -0.000013
0.899000, 0.000002, -0.000013
0.900000, 0.000002, -0.000013
0.901000, 0.000002, -0.000013
0.902000, 0.000002, -0.000013
0.903000, 0.000002, -0.000013
0.904000, 0.000002, -0.000013
0.905000, 0.000002, -0.000013
0.906000, 0.000002, -0.000013
0.907000, 0.000002, -0.000013
0.908000, 0.000002, -0.000013
0.909000, 0.000002, -0.000013
0.910000, 0.000002, -0.000013
0.911000, 0.000002, -0.000013
0.912000, 0.000002, -0.000013
0.913000, 0.000002, -0.000013
0.914000, 0.000002, -0.000013
0.915000, 0.000002, -0.000013
0.916000, 0.000002, -0.000013
0.917000, 0.000002, -0.000013
0.918000, 0.000002, -0.000012
0.919000, 0.000002, -0.000012
0.920000, 0.000002, -0.000012
0.921000, 0.000002, -0.000012
0.922000, 0.000002, -0.000012
0.923000, 0.000002, -0.000012
0.924000, 0.000002, -0.000012
0.925000, 0.000002, -0.000012
0.926000, 0.000002, -0.000012
0.927000, 0.000002, -0.000012
0.928000, 0.000002, -0.000012
0.929000, 0.000002, -0.000012
0.930000, 0.000002, -0.000012
0.931000, 0.000002, -0.000012
0.932000, 0.000002, -0.000012
0.933000, 0.000002, -0.000012
0.934000, 0.000002, -0.000012
0.935000, 0.000002, -0.000012
0.936000, 0.000002, -0.000012
0.937000, 0.000002, -0.000012
0.938000, 0.000002, -0.000012
0.939000, 0.000001, -0.000012
0.940000, 0.000001, -0.000012
0.941000, 0.000001, -0.000012
0.942000, 0.000001, -0.000012
0.943000, 0.000001, -0.000012
0.944000, 0.000001, -0.000012
0.945000, 0.000001, -0.000012
0.946000, 0.000001, -0.000012
0.947000, 0.000001, -0.000012
0.948000, 0.000001, -0.000012
0.949000, 0.000001, -0.000012
0.950000, 0.000001, -0.000012
0.951000, 0.000001, -0.000012
0.952000, 0.000001, -0.000012
0.953000, 0.000001, -0.000012
0.954000, 0.000001, -0.000012
0.955000, 0.000001, -0.000012
0.956000, 0.000001, -0.000012
0.957000, 0.000001, -0.000012
0.958000, 0.000001, -0.000012
0.959000, 0.000001, -0.000012
0.960000, 0.000001, -0.000012
0.961000, 0.000001, -0.000012
0.962000, 0.000001, -0.000012
0.963000, 0.000001, -0.000012
0.964000, 0.000001, -0.000012
0.965000, 0.000001, -0.000012
0.966000, 0.000001, -0.000012
0.967000, 0.000001, -0.000012
0.968000, 0.000001, -0.000012
0.969000, 0.000001, -0.000012
0.970000, 0.000001, -0.000012
0.971000, 0.000001, -0.000012
0.972000, 0.000001, -0.000012
0.973000, 0.000001, -0.000012
0.974000, 0.000001, -0.000012
0.975000, 0.000001, -0.000012
0.976000, 0.000001, -0.000012
0.977000, 0.000001, -0.000012
0.978000, 0.000001, -0.000012
0.979000, 0.000001, -0.000012
0.980000, 0.000001, -0.000012
0.981000, 0.000001, -0.000012
0.982000, 0.000001, -0.000012
0.983000, 0.000001, -0.000012
0.984000, 0.000001, -0.000012
0.985000, 0.000001, -0.000012
0.986000, 0.000001, -0.000012
0.987000, 0.000001, -0.000012
0.988000, 0.000001, -0.000012
0.989000, 0.000001, -0.000012
0.990000, 0.000001, -0.000012
0.991000, 0.000001, -0.000012
0.992000, 0.000001, -0.000012
0.993000, 0.000001, -0.000012
0.994000, 0.000001, -0.000012
0.995000, 0.000001, -0.000012
0.996000, 0.000001, -0.000012
0.997000, 0.000001, -0.000012
0.998000, 0.000001, -0.000012
0.999000, 0.000001, -0.000012
1.000000, 1.500001, -0.000012
1.001000, 1.485747, -9.502808
1.002000, 1.463977, -17.680664
1.003000, 1.435831, -24.657706
1.004000, 1.402336, -30.549115
1.005000, 1.364418, -35.461628
1.006000, 1.322908, -39.494049
1.007000, 1.278548, -42.737741
1.008000, 1.232001, -45.277071
1.009000, 1.183855, -47.189825
1.010000, 1.134629, -48.547576
1.011000, 1.084779, -49.416028
1.012000, 1.034704, -49.855338
1.013000, 0.984751, -49.920425
1.014000, 0.935219, -49.661267
1.015000, 0.886365, -49.123205
1.016000, 0.838405, -48.347234
1.017000, 0.791524, -47.370307
1.018000, 0.745870, -46.225621
1.019000, 0.701569, -44.942909
1.020000, 0.658717, -43.548716
1.021000, 0.617392, -42.066669
1.022000, 0.577648, -40.517727
1.023000, 0.539526, -38.920426
1.024000, 0.503050, -37.291095
1.025000, 0.468229, -35.644067
1.026000, 0.435064, -33.991864
1.027000, 0.403542, -32.345373
1.028000, 0.373643, -30.714005
1.029000, 0.345342, -29.105835
1.030000, 0.318603, -27.527739
1.031000, 0.293388, -25.985507
1.032000, 0.269655, -24.483958
1.033000, 0.247357, -23.027037
1.034000, 0.226443, -21.617905
1.035000, 0.206864, -20.259021
1.036000, 0.188565, -18.952221
1.037000, 0.171493, -17.698785
1.038000, 0.155593, -16.499503
1.039000, 0.140811, -15.354728
1.040000, 0.127091, -14.264436
1.041000, 0.114381, -13.228271
1.042000, 0.102627, -12.245590
1.043000, 0.091776, -11.315504
1.044000, 0.081779, -10.436914
1.045000, 0.072585, -9.608547
1.046000, 0.064145, -8.828983
1.047000, 0.056415, -8.096686
1.048000, 0.049348, -7.410025
1.049000, 0.042902, -6.767300
1.050000, 0.037036, -6.166759
1.051000, 0.031709, -5.606614
1.052000, 0.026885, -5.085063
1.053000, 0.022527, -4.600296
1.054000, 0.018601, -4.150511
1.055000, 0.015076, -3.733925
1.056000, 0.011919, -3.348779
1.057000, 0.009104, -2.993351
1.058000, 0.006602, -2.665956
1.059000, 0.004387, -2.364957
1.060000, 0.002436, -2.088766
1.061000, 0.000727, -1.835848
1.062000, -0.000762, -1.604725
1.063000, -0.002051, -1.393976
1.064000, -0.003157, -1.202239
1.065000, -0.004098, -1.028214
1.066000, -0.004890, -0.870657
1.067000, -0.005547, -0.728390
1.068000, -0.006084, -0.600289
1.069000, -0.006511, -0.485292
1.070000, -0.006842, -0.382394
1.071000, -0.007087, -0.290647
1.072000, -0.007256, -0.209158
1.073000, -0.007357, -0.137085
1.074000, -0.007399, -0.073641
1.075000, -0.007389, -0.018086
1.076000, -0.007334, 0.030269
1.077000, -0.007241, 0.072071
1.078000, -0.007116, 0.107920
1.079000, -0.006962, 0.138376
1.080000, -0.006785, 0.163958
1.081000, -0.006590, 0.185148
1.082000, -0.006378, 0.202391
1.083000, -0.006156, 0.216099
1.084000, -0.005924, 0.226652
1.085000, -0.005685, 0.234399
1.086000, -0.005443, 0.239661
1.087000, -0.005199, 0.242733
1.088000, -0.004954, 0.243883
1.089000, -0.004711, 0.243357
1.090000, -0.004471, 0.241380
1.091000, -0.004234, 0.238154
1.092000, -0.004003, 0.233865
1.093000, -0.003776, 0.228679
1.094000, -0.003557, 0.222747
1.095000, -0.003344, 0.216205
1.096000, -0.003138, 0.209172
1.097000, -0.002940, 0.201759
1.098000, -0.002750, 0.194062
1.099000, -0.002568, 0.186165
1.100000, -0.002394, 0.178146
1.101000, -0.002227, 0.170070
1.102000, -0.002070, 0.161995
1.103000, -0.001920, 0.153971
1.104000, -0.001777, 0.146043
1.105000, -0.001643, 0.138247
1.106000, -0.001516, 0.130615
1.107000, -0.001397, 0.123172
1.108000, -0.001285, 0.115940
1.109000, -0.001179, 0.108938
1.110000, -0.001080, 0.102178
1.111000, -0.000988, 0.095671
1.112000, -0.000902, 0.089424
1.113000, -0.000821, 0.083442
1.114000, -0.000746, 0.077728
1.115000, -0.000677, 0.072282
1.116000, -0.000612, 0.067102
1.117000, -0.000552, 0.062187
1.118000, -0.000497, 0.057532
1.119000, -0.000446, 0.053132
1.120000, -0.000399, 0.048981
1.121000, -0.000356, 0.045072
1.122000, -0.000317, 0.041398
1.123000, -0.000281, 0.037950
1.124000, -0.000247, 0.034721
1.125000, -0.000217, 0.031702
1.126000, -0.000190, 0.028884
1.127000, -0.000165, 0.026258
1.128000, -0.000142, 0.023815
1.129000, -0.000122, 0.021547
1.130000, -0.000103, 0.019445
1.131000, -0.000087, 0.017499
1.132000, -0.000072, 0.015702
1.133000, -0.000059, 0.014045
1.134000, -0.000047, 0.012520
1.135000, -0.000037, 0.011119
1.136000, -0.000027, 0.009835
1.137000, -0.000019, 0.008660
1.138000, -0.000012, 0.007587
1.139000, -0.000006, 0.006610
1.140000, -0.000001, 0.005721
1.141000, 0.000004, 0.004915
1.142000, 0.000007, 0.004187
1.143000, 0.000011, 0.003529
1.144000, 0.000013, 0.002937
1.145000, 0.000015, 0.002406
1.146000, 0.000017, 0.001932
1.147000, 0.000018, 0.001509
1.148000, 0.000019, 0.001134
1.149000, 0.000020, 0.000803
1.150000, 0.000020, 0.000511
1.151000, 0.000020, 0.000256
1.152000, 0.000020, 0.000034
1.153000, 0.000020, -0.000157
1.154000, 0.000020, -0.000321
1.155000, 0.000019, -0.000461
1.156000, 0.000019, -0.000578
1.157000, 0.000018, -0.000674
1.158000, 0.000017, -0.000753
1.159000, 0.000016, -0.000815
1.160000, 0.000015, -0.000863
1.161000, 0.000014, -0.000899
1.162000, 0.000013, -0.000923
1.163000, 0.000012, -0.000937
1.164000, 0.000012, -0.000942
1.165000, 0.000011, -0.000940
1.166000, 0.000010, -0.000931
1.167000, 0.000009, -0.000916
1.168000, 0.000008, -0.000897
1.169000, 0.000007, -0.000874
1.170000, 0.000006, -0.000847
1.171000, 0.000005, -0.000818
1.172000, 0.000005, -0.000787
1.173000, 0.000004, -0.000754
1.174000, 0.000003, -0.000720
1.175000, 0.000002, -0.000685
1.176000, 0.000002, -0.000649
1.177000, 0.000001, -0.000614
1.178000, 0.000001, -0.000578
1.179000, 0.000000, -0.000543
1.180000, -0.000000, -0.000508
1.181000, -0.000001, -0.000474
1.182000, -0.000001, -0.000441
1.183000, -0.000002, -0.000409
1.184000, -0.000002, -0.000378
1.185000, -0.000002, -0.000347
1.186000, -0.000003, -0.000318
1.187000, -0.000003, -0.000291
1.188000, -0.000003, -0.000264
1.189000, -0.000003, -0.000239
1.190000, -0.000004, -0.000214
1.191000, -0.000004, -0.000192
1.192000, -0.000004, -0.000170
1.193000, -0.000004, -0.000150
1.194000, -0.000004, -0.000130
1.195000, -0.000004, -0.000112
1.196000, -0.000004, -0.000095
1.197000, -0.000004, -0.000080
1.198000, -0.000004, -0.000065
1.199000, -0.000005, -0.000051
1.200000, -0.000005, -0.000039
1.201000, -0.000005, -0.000027
1.202000, -0.000005, -0.000016
1.203000, -0.000005, -0.000006
1.204000, -0.000005, 0.000003
1.205000, -0.000005, 0.000011
1.206000, -0.000005, 0.000019
1.207000, -0.000004, 0.000026
1.208000, -0.000004, 0.000032
1.209000, -0.000004, 0.000038
1.210000, -0.000004, 0.000043
1.211000, -0.000004, 0.000047
1.212000, -0.000004, 0.000051
1.213000, -0.000004, 0.000055
1.214000, -0.000004, 0.000058
1.215000, -0.000004, 0.000061
1.216000, -0.000004, 0.000063
1.217000, -0.000004, 0.000065
1.218000, -0.000004, 0.000067
1.219000, -0.000004, 0.000068
1.220000, -0.000004, 0.000069
1.221000, -0.000004, 0.000070
1.222000, -0.000004, 0.000070
1.223000, -0.000004, 0.000071
1.224000, -0.000003, 0.000071
1.225000, -0.000003, 0.000071
1.226000, -0.000003, 0.000071
1.227000, -0.000003, 0.000071
1.228000, -0.000003, 0.000070
1.229000, -0.000003, 0.000070
1.230000, -0.000003, 0.000069
1.231000, -0.000003, 0.000068
1.232000, -0.000003, 0.000068
1.233000, -0.000003, 0.000067
1.234000, -0.000003, 0.000066
1.235000, -0.000003, 0.000065
1.236000, -0.000003, 0.000064
1.237000, -0.000003, 0.000063
1.238000, -0.000003, 0.000062
1.239000, -0.000002, 0.000061
1.240000, -0.000002, 0.000060
1.241000, -0.000002, 0.000058
1.242000, -0.000002, 0.000057
1.243000, -0.000002, 0.000056
1.244000, -0.000002, 0.000055
1.245000, -0.000002, 0.000054
1.246000, -0.000002, 0.000053
1.247000, -0.000002, 0.000052
1.248000, -0.000002, 0.000051
1.249000, -0.000002, 0.000050
1.250000, -0.000002, 0.000049
1.251000, -0.000002, 0.000048
1.252000, -0.000002, 0.000046
1.253000, -0.000002, 0.000045
1.254000, -0.000002, 0.000044
1.255000, -0.000002, 0.000043
1.256000, -0.000002, 0.000042
1.257000, -0.000002, 0.000042
1.258000, -0.000002, 0.000041
1.259000, -0.000002, 0.000040
1.260000, -0.000001, 0.000039
1.261000, -0.000001, 0.000038
1.262000, -0.000001, 0.000037
1.263000, -0.000001, 0.000036
1.264000, -0.000001, 0.000035
1.265000, -0.000001, 0.000035
1.266000, -0.000001, 0.000034
1.267000, -0.000001, 0.000033
1.268000, -0.000001, 0.000032
1.269000, -0.000001, 0.000032
1.270000, -0.000001, 0.000031
1.271000, -0.000001, 0.000030
1.272000, -0.000001, 0.000030
1.273000, -0.000001, 0.000029
1.274000, -0.000001, 0.000028
1.275000, -0.000001, 0.000028
1.276000, -0.000001, 0.000027
1.277000, -0.000001, 0.000027
1.278000, -0.000001, 0.000026
1.279000, -0.000001, 0.000026
1.280000, -0.000001, 0.000025
1.281000, -0.000001, 0.000024
1.282000, -0.000001, 0.000024
1.283000, -0.000001, 0.000023
1.284000, -0.000001, 0.000023
1.285000, -0.000001, 0.000023
1.286000, -0.000001, 0.000022
1.287000, -0.000001, 0.000022
1.288000, -0.000001, 0.000021
1.289000, -0.000001, 0.000021
1.290000, -0.000001, 0.000020
1.291000, -0.000001, 0.000020
1.292000, -0.000001, 0.000019
1.293000, -0.000001, 0.000019
1.294000, -0.000001, 0.000019
1.295000, -0.000001, 0.000018
1.296000, -0.000001, 0.000018
1.297000, -0.000000, 0.000018
1.298000, -0.000000, 0.000017
1.299000, -0.000000, 0.000017
1.300000, -0.000000, 0.000017
1.301000, -0.000000, 0.000016
1.302000, -0.000000, 0.000016
1.303000, -0.000000, 0.000016
1.304000, -0.000000, 0.000015
1.305000, -0.000000, 0.000015
1.306000, -0.000000, 0.000015
1.307000, -0.000000, 0.000014
1.308000, -0.000000, 0.000014
1.309000, -0.000000, 0.000014
1.310000, -0.000000, 0.000014
1.311000, -0.000000, 0.000013
1.312000, -0.000000, 0.000013
1.313000, -0.000000, 0.000013
1.314000, -0.000000, 0.000013
1.315000, -0.000000, 0.000012
1.316000, -0.000000, 0.000012
1.317000, -0.000000, 0.000012
1.318000, -0.000000, 0.000012
1.319000, -0.000000, 0.000011
1.320000, -0.000000, 0.000011
1.321000, -0.000000, 0.000011
1.322000, -0.000000, 0.000011
1.323000, -0.000000, 0.000011
1.324000, -0.000000, 0.000010
1.325000, -0.000000, 0.000010
1.326000, -0.000000, 0.000010
1.327000, -0.000000, 0.000010
1.328000, -0.000000, 0.000010
1.329000, -0.000000, 0.000009
1.330000, -0.000000, 0.000009
1.331000, -0.000000, 0.000009
1.332000, -0.000000, 0.000009
1.333000, -0.000000, 0.000009
1.334000, -0.000000, 0.000009
1.335000, -0.000000, 0.000008
1.336000, -0.000000, 0.000008
1.337000, -0.000000, 0.000008
1.338000, -0.000000, 0.000008
1.339000, -0.000000, 0.000008
1.340000, 0.000000, 0.000008
1.341000, 0.000000, 0.000008
1.342000, 0.000000, 0.000007
1.343000, 0.000000, 0.000007
1.344000, 0.000000, 0.000007
1.345000, 0.000000, 0.000007
1.346000, 0.000000, 0.000007
1.347000, 0.000000, 0.000007
1.348000, 0.000000, 0.000007
1.349000, 0.000000, 0.000007
1.350000, 0.000000, 0.000006
1.351000, 0.000000, 0.000006
1.352000, 0.000000, 0.000006
1.353000, 0.000000, 0.000006
1.354000, 0.000000, 0.000006
1.355000, 0.000000, 0.000006
1.356000, 0.000000, 0.000006
1.357000, 0.000000, 0.000006
1.358000, 0.000000, 0.000006
1.359000, 0.000000, 0.000005
1.360000, 0.000000, 0.000005
1.361000, 0.000000, 0.000005
1.362000, 0.000000, 0.000005
1.363000, 0.000000, 0.000005
1.364000, 0.000000, 0.000005
1.365000, 0.000000, 0.000005
1.366000, 0.000000, 0.000005
1.367000, 0.000000, 0.000005
1.368000, 0.000000, 0.000005
1.369000, 0.000000, 0.000005
1.370000, 0.000000, 0.000004
1.371000, 0.000000, 0.000004
1.372000, 0.000000, 0.000004
1.373000, 0.000000, 0.000004
1.374000, 0.000000, 0.000004
1.375000, 0.000000, 0.000004
1.376000, 0.000000, 0.000004
1.377000, 0.000000, 0.000004
1.378000, 0.000000, 0.000004
1.379000, 0.000000, 0.000004
1.380000, 0.000000, 0.000004
1.381000, 0.000000, 0.000004
1.382000, 0.000000, 0.000004
1.383000, 0.000000, 0.000004
1.384000, 0.000000, 0.000003
1.385000, 0.000000, 0.000003
1.386000, 0.000000, 0.000003
1.387000, 0.000000, 0.000003
1.388000, 0.000000, 0.000003
1.389000, 0.000000, 0.000003
1.390000, 0.000000, 0.000003
1.391000, 0.000000, 0.000003
1.392000, 0.000000, 0.000003
1.393000, 0.000000, 0.000003
1.394000, 0.000000, 0.000003
1.395000, 0.000000, 0.000003
1.396000, 0.000000, 0.000003
1.397000, 0.000000, 0.000003
1.398000, 0.000000, 0.000003
1.399000, 0.000000, 0.000003
1.400000, 0.000000, 0.000003
1.401000, 0.000000, 0.000003
1.402000, 0.000000, 0.000003
1.403000, 0.000000, 0.000002
1.404000, 0.000000, 0.000002
1.405000, 0.000000, 0.000002
1.406000, 0.000000, 0.000002
1.407000, 0.000000, 0.000002
1.408000, 0.000000, 0.000002
1.409000, 0.000000, 0.000002
1.410000, 0.000000, 0.000002
1.411000, 0.000000, 0.000002
1.412000, 0.000000, 0.000002
1.413000, 0.000000, 0.000002
1.414000, 0.000000, 0.000002
1.415000, 0.000000, 0.000002
1.416000, 0.000000, 0.000002
1.417000, 0.000000, 0.000002
1.418000, 0.000000, 0.000002
1.419000, 0.000000, 0.000002
1.420000, 0.000000, 0.000002
1.421000, 0.000000, 0.000002
1.422000, 0.000000, 0.000002
1.423000, 0.000000, 0.000002
1.424000, 0.000000, 0.000002
1.425000, 0.000000, 0.000002
1.426000, 0.000000, 0.000002
1.427000, 0.000000, 0.000002
1.428000, 0.000000, 0.000002
1.429000, 0.000000, 0.000002
1.430000, 0.000000, 0.000002
1.431000, 0.000000, 0.000002
1.432000, 0.000000, 0.000002
1.433000, 0.000000, 0.000002
1.434000, 0.000000, 0.000002
1.435000, 0.000000, 0.000001
1.436000, 0.000000, 0.000001
1.437000, 0.000000, 0.000001
1.438000, 0.000000, 0.000001
1.439000, 0.000000, 0.000001
1.440000, 0.000000, 0.000001
1.441000, 0.000000, 0.000001
1.442000, 0.000000, 0.000001
1.443000, 0.000000, 0.000001
1.444000, 0.000000, 0.000001
1.445000, 0.000000, 0.000001
1.446000, 0.000000, 0.000001
1.447000, 0.000000, 0.000001
1.448000, 0.000000, 0.000001
1.449000, 0.000000, 0.000001
1.450000, 0.000000, 0.000001
1.451000, 0.000000, 0.000001
1.452000, 0.000000, 0.000001
1.453000, 0.000000, 0.000001
1.454000, 0.000000, 0.000001
1.455000, 0.000000, 0.000001
1.456000, 0.000000, 0.000001
1.457000, 0.000000, 0.000001
1.458000, 0.000000, 0.000001
1.459000, 0.000000, 0.000001
1.460000, 0.000000, 0.000001
1.461000, 0.000000, 0.000001
1.462000, 0.000000, 0.000001
1.463000, 0.000000, 0.000001
1.464000, 0.000000, 0.000001
1.465000, 0.000000, 0.000001
1.466000, 0.000000, 0.000001
1.467000, 0.000000, 0.000001
1.468000, 0.000000, 0.000001
1.469000, 0.000000, 0.000001
1.470000, 0.000000, 0.000001
1.471000, 0.000000, 0.000001
1.472000, 0.000000, 0.000001
1.473000, 0.000000, 0.000001
1.474000, 0.000000, 0.000001
1.475000, 0.000000, 0.000001
1.476000, 0.000000, 0.000001
1.477000, 0.000000, 0.000001
1.478000, 0.000000, 0.000001
1.479000, 0.000000, 0.000001
1.480000, 0.000000, 0.000001
1.481000, 0.000000, 0.000001
1.482000, 0.000000, 0.000001
1.483000, 0.000000, 0.000001
1.484000, 0.000000, 0.000001
1.485000, 0.000000, 0.000001
1.486000, 0.000000, 0.000001
1.487000, 0.000000, 0.000001
1.488000, 0.000000, 0.000001
1.489000, 0.000000, 0.000001
1.490000, 0.000000, 0.000001
1.491000, 0.000000, 0.000001
1.492000, 0.000000, 0.000001
1.493000, 0.000000, 0.000001
1.494000, 0.000000, 0.000001
1.495000, 0.000000, 0.000001
1.496000, 0.000000, 0.000001
1.497000, 0.000000, 0.000001
1.498000, 0.000000, 0.000001
1.499000, 0.000000, 0.000001
1.500000, 0.000000, 0.000001
1.501000, 0.000000, 0.000001
1.502000, 0.000000, 0.000001
1.503000, 0.000000, 0.000001
1.504000, 0.000000, 0.000001
1.505000, 0.000000, 0.000001
1.506000, 0.000000, 0.000001
1.507000, 0.000000, 0.000001
1.508000, 0.000000, 0.000001
1.509000, 0.000000, 0.000001
1.510000, 0.000000, 0.000001
1.511000, 0.000000, 0.000001
1.512000, 0.000000, 0.000001
1.513000, 0.000000, 0.000001
1.514000, 0.000000, 0.000001
1.515000, 0.000000, 0.000001
1.516000, 0.000000, 0.000001
1.517000, 0.000000, 0.000001
1.518000, 0.000000, 0.000001
1.519000, 0.000000, 0.000001
1.520000, 0.000000, 0.000001
1.521000, 0.000000, 0.000001
1.522000, 0.000000, 0.000001
1.523000, 0.000000, 0.000001
1.524000, 0.000000, 0.000001
1.525000, 0.000000, 0.000001
1.526000, 0.000000, 0.000001
1.527000, 0.000000, 0.000001
1.528000, 0.000000, 0.000001
1.529000, 0.000000, 0.000001
1.530000, 0.000000, 0.000001
1.531000, 0.000000, 0.000001
1.532000, 0.000000, 0.000001
1.533000, 0.000000, 0.000001
1.534000, 0.000000, 0.000001
1.535000, 0.000000, 0.000001
1.536000, 0.000000, 0.000001
1.537000, 0.000000, 0.000001
1.538000, 0.000000, 0.000001
1.539000, 0.000000, 0.000001
1.540000, 0.000000, 0.000001
1.541000, 0.000000, 0.000001
1.542000, 0.000000, 0.000001
1.543000, 0.000000, 0.000001
1.544000, 0.000000, 0.000001
1.545000, 0.000000, 0.000001
1.546000, 0.000000, 0.000001
1.547000, 0.000000, 0.000001
1.548000, 0.000000, 0.000001
1.549000, 0.000000, 0.000001
1.550000, 0.000000, 0.000001
1.551000, 0.000000, 0.000001
1.552000, 0.000000, 0.000001
1.553000, 0.000000, 0.000000
1.554000, 0.000000, 0.000000
1.555000, 0.000000, 0.000000
1.556000, 0.000000, 0.000000
1.557000, 0.000000, 0.000000
1.558000, 0.000000, 0.000000
1.559000, 0.000000, 0.000000
1.560000, 0.000000, 0.000000
1.561000, 0.000000, 0.000000
1.562000, 0.000000, 0.000000
1.563000, 0.000000, 0.000000
1.564000, 0.000000, 0.000000
1.565000, 0.000000, 0.000000
1.566000, 0.000000, 0.000000
1.567000, 0.000000, 0.000000
1.568000, 0.000000, 0.000000
1.569000, 0.000000, 0.000000
1.570000, 0.000000, 0.000000
1.571000, 0.000000, 0.000000
1.572000, 0.000000, 0.000000
1.573000, 0.000000, 0.000000
1.574000, 0.000000, 0.000000
1.575000, 0.000000, 0.000000
1.576000, 0.000000, 0.000000
1.577000, 0.000000, 0.000000
1.578000, 0.000000, 0.000000
1.579000, 0.000000, 0.000000
1.580000, 0.000000, 0.000000
1.581000, 0.000000, 0.000000
1.582000, 0.000000, 0.000000
1.583000, 0.000000, 0.000000
1.584000, 0.000000, 0.000000
1.585000, 0.000000, 0.000000
1.586000, 0.000000, 0.000000
1.587000, 0.000000, 0.000000
1.588000, 0.000000, 0.000000
1.589000, 0.000000, 0.000000
1.590000, 0.000000, 0.000000
1.591000, 0.000000, 0.000000
1.592000, 0.000000, 0.000000
1.593000, 0.000000, 0.000000
1.594000, 0.000000, 0.000000
1.595000, 0.000000, 0.000000
1.596000, 0.000000, 0.000000
1.597000, 0.000000, 0.000000
1.598000, 0.000000, 0.000000
1.599000, 0.000000, 0.000000
1.600000, 0.000000, 0.000000
1.601000, 0.000000, 0.000000
1.602000, 0.000000, 0.000000
1.603000, 0.000000, 0.000000
1.604000, 0.000000, 0.000000
1.605000, 0.000000, 0.000000
1.606000, 0.000000, 0.000000
1.607000, 0.000000, 0.000000
1.608000, 0.000000, 0.000000
1.609000, 0.000000, 0.000000
1.610000, 0.000000, 0.000000
1.611000, 0.000000, 0.000000
1.612000, 0.000000, 0.000000
1.613000, 0.000000, 0.000000
1.614000, 0.000000, 0.000000
1.615000, 0.000000, 0.000000
1.616000, 0.000000, 0.000000
1.617000, 0.000000, 0.000000
1.618000, 0.000000, 0.000000
1.619000, 0.000000, 0.000000
1.620000, 0.000000, 0.000000
1.621000, 0.000000, 0.000000
1.622000, 0.000000, 0.000000
1.623000, 0.000000, 0.000000
1.624000, 0.000000, 0.000000
1.625000, 0.000000, 0.000000
1.626000, 0.000000, 0.000000
1.627000, 0.000000, 0.000000
1.628000, 0.000000, 0.000000
1.629000, 0.000000, 0.000000
1.630000, 0.000000, 0.000000
1.631000, 0.000000, 0.000000
1.632000, 0.000000, 0.000000
1.633000, 0.000000, 0.000000
1.634000, 0.000000, 0.000000
1.635000, 0.000000, 0.000000
1.636000, 0.000000, 0.000000
1.637000, 0.000000, 0.000000
1.638000, 0.000000, 0.000000
1.639000, 0.000000, 0.000000
1.640000, 0.000000, 0.000000
1.641000, 0.000000, 0.000000
1.642000, 0.000000, 0.000000
1.643000, 0.000000, 0.000000
1.644000, 0.000000, 0.000000
1.645000, 0.000000, 0.000000
1.646000, 0.000000, 0.000000
1.647000, 0.000000, 0.000000
1.648000, 0.000000, 0.000000
1.649000, 0.000000, 0.000000
1.650000, 0.000000, 0.000000
1.651000, 0.000000, 0.000000
1.652000, 0.000000, 0.000000
1.653000, 0.000000, 0.000000
1.654000, 0.000000, 0.000000
1.655000, 0.000000, 0.000000
1.656000, 0.000000, 0.000000
1.657000, 0.000000, 0.000000
1.658000, 0.000000, 0.000000
1.659000, 0.000000, 0.000000
1.660000, 0.000000, 0.000000
1.661000, 0.000000, 0.000000
1.662000, 0.000000, 0.000000
1.663000, 0.000000, 0.000000
1.664000, 0.000000, 0.000000
1.665000, 0.000000, 0.000000
1.666000, 0.000000, 0.000000
1.667000, 0.000000, 0.000000
1.668000, 0.000000, 0.000000
1.669000, 0.000000, 0.000000
1.670000, 0.000000, 0.000000
1.671000, 0.000000, 0.000000
1.672000, 0.000000, 0.000000
1.673000, 0.000000, 0.000000
1.674000, 0.000000, 0.000000
1.675000, 0.000000, 0.000000
1.676000, 0.000000, 0.000000
1.677000, 0.000000, 0.000000
1.678000, 0.000000, 0.000000
1.679000, 0.000000, 0.000000
1.680000, 0.000000, 0.000000
1.681000, 0.000000, 0.000000
1.682000, 0.000000, 0.000000
1.683000, 0.000000, 0.000000
1.684000, 0.000001, 0.000000
1.685000, 0.000001, 0.000000
1.686000, 0.000001, 0.000000
1.687000, 0.000001, 0.000000
1.688000, 0.000001, 0.000000
1.689000, 0.000001, 0.000000
1.690000, 0.000001, 0.000000
1.691000, 0.000001, 0.000000
1.692000, 0.000001, 0.000000
1.693000, 0.000001, 0.000000
1.694000, 0.000001, 0.000000
1.695000, 0.000001, 0.000000
1.696000, 0.000001, 0.000000
1.697000, 0.000001, 0.000000
1.698000, 0.000001, 0.000000
1.699000, 0.000001, 0.000000
1.700000, 0.000001, 0.000000
1.701000, 0.000001, 0.000000
1.702000, 0.000001, 0.000000
1.703000, 0.000001, 0.000000
1.704000, 0.000001, 0.000000
1.705000, 0.000001, 0.000000
1.706000, 0.000001, 0.000000
1.707000, 0.000001, 0.000000
1.708000, 0.000001, 0.000000
1.709000, 0.000001, 0.000000
1.710000, 0.000001, 0.000000
1.711000, 0.000001, 0.000000
1.712000, 0.000001, 0.000000
1.713000, 0.000001, 0.000000
1.714000, 0.000001, 0.000000
1.715000, 0.000001, 0.000000
1.716000, 0.000001, 0.000000
1.717000, 0.000001, 0.000000
1.718000, 0.000001, 0.000000
1.719000, 0.000001, 0.000000
1.720000, 0.000001, 0.000000
1.721000, 0.000001, 0.000000
1.722000, 0.000001, 0.000000
1.723000, 0.000001, 0.000000
1.724000, 0.000001, 0.000000
1.725000, 0.000001, 0.000000
1.726000, 0.000001, 0.000000
1.727000, 0.000001, 0.000000
1.728000, 0.000001, 0.000000
1.729000, 0.000001, 0.000000
1.730000, 0.000001, 0.000000
1.731000, 0.000001, 0.000000
1.732000, 0.000001, 0.000000
1.733000, 0.000001, 0.000000
1.734000, 0.000001, 0.000000
1.735000, 0.000001, 0.000000
1.736000, 0.000001, 0.000000
1.737000, 0.000001, 0.000000
1.738000, 0.000001, 0.000000
1.739000, 0.000001, 0.000000
1.740000, 0.000001, 0.000000
1.741000, 0.000001, 0.000000
1.742000, 0.000001, 0.000000
1.743000, 0.000001, 0.000000
1.744000, 0.000001, 0.000000
1.745000, 0.000001, 0.000000
1.746000, 0.000001, 0.000000
1.747000, 0.000001, 0.000000
1.748000, 0.000001, 0.000000
1.749000, 0.000001, 0.000000
1.750000, 0.000001, 0.000000
1.751000, 0.000001, 0.000000
1.752000, 0.000001, 0.000000
1.753000, 0.000001, 0.000000
1.754000, 0.000001, 0.000000
1.755000, 0.000001, 0.000000
1.756000, 0.000001, 0.000000
1.757000, 0.000001, 0.000000
1.758000, 0.000001, 0.000000
1.759000, 0.000001, 0.000000
1.760000, 0.000001, 0.000000
1.761000, 0.000001, 0.000000
1.762000, 0.000001, 0.000000
1.763000, 0.000001, 0.000000
1.764000, 0.000001, 0.000000
1.765000, 0.000001, 0.000000
1.766000, 0.000001, 0.000000
1.767000, 0.000001, 0.000000
1.768000, 0.000001, 0.000000
1.769000, 0.000001, 0.000000
1.770000, 0.000001, 0.000000
1.771000, 0.000001, 0.000000
1.772000, 0.000001, 0.000000
1.773000, 0.000001, 0.000000
1.774000, 0.000001, 0.000000
1.775000, 0.000001, 0.000000
1.776000, 0.000001, 0.000000
1.777000, 0.000001, 0.000000
1.778000, 0.000001, 0.000000
1.779000, 0.000001, 0.000000
1.780000, 0.000001, 0.000000
1.781000, 0.000001, 0.000000
1.782000, 0.000001, 0.000000
1.783000, 0.000001, 0.000000
1.784000, 0.000001, 0.000000
1.785000, 0.000001, 0.000000
1.786000, 0.000001, 0.000000
1.787000, 0.000001, 0.000000
1.788000, 0.000001, 0.000000
1.789000, 0.000001, 0.000000
1.790000, 0.000001, 0.000000
1.791000, 0.000001, 0.000000
1.792000, 0.000001, 0.000000
1.793000, 0.000001, 0.000000
1.794000, 0.000001, 0.000000
1.795000, 0.000001, 0.000000
1.796000, 0.000001, 0.000000
1.797000, 0.000001, 0.000000
1.798000, 0.000001, 0.000000
1.799000, 0.000001, 0.000000
1.800000, 0.000001, 0.000000
1.801000, 0.000001, 0.000000
1.802000, 0.000001, 0.000000
1.803000, 0.000001, 0.000000
1.804000, 0.000001, 0.000000
1.805000, 0.000001, 0.000000
1.806000, 0.000001, 0.000000
1.807000, 0.000001, 0.000000
1.808000, 0.000001, 0.000000
1.809000, 0.000001, 0.000000
1.810000, 0.000001, 0.000000
1.811000, 0.000001, 0.000000
1.812000, 0.000001, 0.000000
1.813000, 0.000001, 0.000000
1.814000, 0.000001, 0.000000
1.815000, 0.000001, 0.000000
1.816000, 0.000001, 0.000000
1.817000, 0.000001, 0.000000
1.818000, 0.000001, 0.000000
1.819000, 0.000001, 0.000000
1.820000, 0.000001, 0.000000
1.821000, 0.000001, 0.000000
1.822000, 0.000001, 0.000000
1.823000, 0.000001, 0.000000
1.824000, 0.000001, 0.000000
1.825000, 0.000001, 0.000000
1.826000, 0.000001, 0.000000
1.827000, 0.000001, 0.000000
1.828000, 0.000001, 0.000000
1.829000, 0.000001, 0.000000
1.830000, 0.000001, 0.000000
1.831000, 0.000001, 0.000000
1.832000, 0.000001, 0.000000
1.833000, 0.000001, 0.000000
1.834000, 0.000001, 0.000000
1.835000, 0.000001, 0.000000
1.836000, 0.000001, 0.000000
1.837000, 0.000001, 0.000000
1.838000, 0.000001, 0.000000
1.839000, 0.000001, 0.000000
1.840000, 0.000001, 0.000000
1.841000, 0.000001, 0.000000
1.842000, 0.000001, 0.000000
1.843000, 0.000001, 0.000000
1.844000, 0.000001, 0.000000
1.845000, 0.000001, 0.000000
1.846000, 0.000001, 0.000000
1.847000, 0.000001, 0.000000
1.848000, 0.000001, 0.000000
1.849000, 0.000001, 0.000000
1.850000, 0.000001, 0.000000
1.851000, 0.000001, 0.000000
1.852000, 0.000001, 0.000000
1.853000, 0.000001, 0.000000
1.854000, 0.000001, 0.000000
1.855000, 0.000001, 0.000000
1.856000, 0.000001, 0.000000
1.857000, 0.000001, 0.000000
1.858000, 0.000001, 0.000000
1.859000, 0.000001, 0.000000
1.860000, 0.000001, 0.000000
1.861000, 0.000001, 0.000000
1.862000, 0.000001, 0.000000
1.863000, 0.000001, 0.000000
1.864000, 0.000001, 0.000000
1.865000, 0.000001, 0.000000
1.866000, 0.000001, 0.000000
1.867000, 0.000001, 0.000000
1.868000, 0.000001, 0.000000
1.869000, 0.000001, 0.000000
1.870000, 0.000001, 0.000000
1.871000, 0.000001, 0.000000
1.872000, 0.000001, 0.000000
1.873000, 0.000001, 0.000000
1.874000, 0.000001, 0.000000
1.875000, 0.000001, 0.000000
1.876000, 0.000001, 0.000000
1.877000, 0.000001, 0.000000
1.878000, 0.000001, 0.000000
1.879000, 0.000001, 0.000000
1.880000, 0.000001, 0.000000
1.881000, 0.000001, 0.000000
1.882000, 0.000001, 0.000000
1.883000, 0.000001, 0.000000
1.884000, 0.000001, 0.000000
1.885000, 0.000001, 0.000000
1.886000, 0.000001, 0.000000
1.887000, 0.000001, 0.000000
1.888000, 0.000001, 0.000000
1.889000, 0.000001, 0.000000
1.890000, 0.000001, 0.000000
1.891000, 0.000001, 0.000000
1.892000, 0.000001, 0.000000
1.893000, 0.000001, 0.000000
1.894000, 0.000001, 0.000000
1.895000, 0.000001, 0.000000
1.896000, 0.000001, 0.000000
1.897000, 0.000001, 0.000000
1.898000, 0.000001, 0.000000
1.899000, 0.000001, 0.000000
1.900000, 0.000001, 0.000000
1.901000, 0.000001, 0.000000
1.902000, 0.000001, 0.000000
1.903000, 0.000001, 0.000000
1.904000, 0.000001, 0.000000
1.905000, 0.000001, 0.000000
1.906000, 0.000001, 0.000000
1.907000, 0.000001, 0.000000
1.908000, 0.000001, 0.000000
1.909000, 0.000001, 0.000000
1.910000, 0.000001, 0.000000
1.911000, 0.000001, 0.000000
1.912000, 0.000001, 0.000000
1.913000, 0.000001, 0.000000
1.914000, 0.000001, 0.000000
1.915000, 0.000001, 0.000000
1.916000, 0.000001, 0.000000
1.917000, 0.000001, 0.000000
1.918000, 0.000001, 0.000000
1.919000, 0.000001, 0.000000
1.920000, 0.000001, 0.000000
1.921000, 0.000001, 0.000000
1.922000, 0.000001, 0.000000
1.923000, 0.000001, 0.000000
1.924000, 0.000001, 0.000000
1.925000, 0.000001, 0.000000
1.926000, 0.000001, 0.000000
1.927000, 0.000001, 0.000000
1.928000, 0.000001, 0.000000
1.929000, 0.000001, 0.000000
1.930000, 0.000001, 0.000000
1.931000, 0.000001, 0.000000
1.932000, 0.000001, 0.000000
1.933000, 0.000001, 0.000000
1.934000, 0.000001, 0.000000
1.935000, 0.000001, 0.000000
1.936000, 0.000001, 0.000000
1.937000, 0.000001, 0.000000
1.938000, 0.000001, 0.000000
1.939000, 0.000001, 0.000000
1.940000, 0.000001, 0.000000
1.941000, 0.000001, 0.000000
1.942000, 0.000001, 0.000000
1.943000, 0.000001, 0.000000
1.944000, 0.000001, 0.000000
1.945000, 0.000001, 0.000000
1.946000, 0.000001, 0.000000
1.947000, 0.000001, 0.000000
1.948000, 0.000001, 0.000000
1.949000, 0.000001, 0.000000
1.950000, 0.000001, 0.000000
1.951000, 0.000001, 0.000000
1.952000, 0.000001, 0.000000
1.953000, 0.000001, 0.000000
1.954000, 0.000001, 0.000000
1.955000, 0.000001, 0.000000
1.956000, 0.000001, 0.000000
1.957000, 0.000001, 0.000000
1.958000, 0.000001, 0.000000
1.959000, 0.000001, 0.000000
1.960000, 0.000001, 0.000000
1.961000, 0.000001, 0.000000
1.962000, 0.000001, 0.000000
1.963000, 0.000001, 0.000000
1.964000, 0.000001, 0.000000
1.965000, 0.000001, 0.000000
1.966000, 0.000001, 0.000000
1.967000, 0.000001, 0.000000
1.968000, 0.000001, 0.000000
1.969000, 0.000001, 0.000000
1.970000, 0.000001, 0.000000
1.971000, 0.000001, 0.000000
1.972000, 0.000001, 0.000000
1.973000, 0.000001, 0.000000
1.974000, 0.000001, 0.000000
1.975000, 0.000001, 0.000000
1.976000, 0.000001, 0.000000
1.977000, 0.000001, 0.000000
1.978000, 0.000001, 0.000000
1.979000, 0.000001, 0.000000
1.980000, 0.000001, 0.000000
1.981000, 0.000001, 0.000000
1.982000, 0.000001, 0.000000
1.983000, 0.000001, 0.000000
1.984000, 0.000001, 0.000000
1.985000, 0.000001, 0.000000
1.986000, 0.000001, 0.000000
1.987000, 0.000001, 0.000000
1.988000, 0.000001, 0.000000
1.989000, 0.000001, 0.000000
1.990000, 0.000001, 0.000000
1.991000, 0.000001, 0.000000
1.992000, 0.000001, 0.000000
1.993000, 0.000001, 0.000000
1.994000, 0.000001, 0.000000
1.995000, 0.000001, 0.000000
1.996000, 0.000001, 0.000000
1.997000, 0.000001, 0.000000
1.998000, 0.000001, 0.000000
1.999000, 0.000001, 0.000000
2.000000, 0.000001, 0.000000
2.001000, 1.500001, 0.000000
2.002000, 1.485894, -9.404482
2.003000, 1.464328, -17.512182
2.004000, 1.436418, -24.443795
2.005000, 1.403173, -30.311321
2.006000, 1.365501, -35.218535
2.007000, 1.324218, -39.261402
2.008000, 1.280056, -42.528470
2.009000, 1.233669, -45.101282
2.010000, 1.185637, -47.054782
2.011000, 1.136478, -48.457741
2.012000, 1.086647, -49.373174
2.013000, 1.036545, -49.858756
2.014000, 0.986524, -49.967220
2.015000, 0.936887, -49.746733
2.016000, 0.887899, -49.241243
2.017000, 0.839783, -48.490799
2.018000, 0.792731, -47.531844
2.019000, 0.746901, -46.397476
2.020000, 0.702423, -45.117682
2.021000, 0.659402, -43.719559
2.022000, 0.617921, -42.227510
2.023000, 0.578039, -40.663426
2.024000, 0.539801, -39.046858
2.025000, 0.503232, -37.395183
2.026000, 0.468344, -35.723756
2.027000, 0.435136, -34.046062
2.028000, 0.403599, -32.373861
2.029000, 0.373710, -30.717324
2.030000, 0.345440, -29.085169
2.031000, 0.318756, -27.484790
2.032000, 0.293615, -25.922375
2.033000, 0.269971, -24.403027
2.034000, 0.247776, -22.930871
2.035000, 0.226978, -21.509157
2.036000, 0.207522, -20.140356
2.037000, 0.189353, -18.826246
2.038000, 0.172414, -17.568001
2.039000, 0.156649, -16.366260
2.040000, 0.142000, -15.221198
2.041000, 0.128412, -14.132590
2.042000, 0.115828, -13.099866
2.043000, 0.104195, -12.122165
2.044000, 0.093459, -11.198380
2.045000, 0.083567, -10.327199
2.046000, 0.074470, -9.507143
2.047000, 0.066118, -8.736599
2.048000, 0.058466, -8.013849
2.049000, 0.051467, -7.337096
2.050000, 0.045079, -6.704489
2.051000, 0.039260, -6.114139
2.052000, 0.033971, -5.564140
2.053000, 0.029174, -5.052581
2.054000, 0.024834, -4.577562
2.055000, 0.020917, -4.137205
2.056000, 0.017391, -3.729660
2.057000, 0.014226, -3.353117
2.058000, 0.011394, -3.005811
2.059000, 0.008868, -2.686025
2.060000, 0.006623, -2.392099
2.061000, 0.004635, -2.122430
2.062000, 0.002883, -1.875477
2.063000, 0.001346, -1.649759
2.064000, 0.000006, -1.443860
2.065000, -0.001157, -1.256427
2.066000, -0.002158, -1.086172
2.067000, -0.003013, -0.931869
2.068000, -0.003736, -0.792356
2.069000, -0.004339, -0.666534
2.070000, -0.004836, -0.553363
2.071000, -0.005237, -0.451863
2.072000, -0.005553, -0.361111
2.073000, -0.005793, -0.280240
2.074000, -0.005965, -0.208435
2.075000, -0.006078, -0.144935
2.076000, -0.006139, -0.089028
2.077000, -0.006155, -0.040047
2.078000, -0.006131, 0.002625
2.079000, -0.006073, 0.039566
2.080000, -0.005986, 0.071312
2.081000, -0.005874, 0.098359
2.082000, -0.005741, 0.121166
2.083000, -0.005592, 0.140160
2.084000, -0.005428, 0.155730
2.085000, -0.005254, 0.168240
2.086000, -0.005071, 0.178021
2.087000, -0.004882, 0.185377
2.088000, -0.004688, 0.190587
2.089000, -0.004493, 0.193908
2.090000, -0.004296, 0.195572
2.091000, -0.004101, 0.195791
2.092000, -0.003906, 0.194758
2.093000, -0.003715, 0.192647
2.094000, -0.003527, 0.189618
2.095000, -0.003343, 0.185813
2.096000, -0.003164, 0.181359
2.097000, -0.002990, 0.176374
2.098000, -0.002821, 0.170959
2.099000, -0.002659, 0.165206
2.100000, -0.002503, 0.159199
2.101000, -0.002353, 0.153008
2.102000, -0.002210, 0.146698
2.103000, -0.002072, 0.140325
2.104000, -0.001942, 0.133937
2.105000, -0.001817, 0.127578
2.106000, -0.001699, 0.121283
2.107000, -0.001587, 0.115083
2.108000, -0.001481, 0.109006
2.109000, -0.001381, 0.103072
2.110000, -0.001287, 0.097301
2.111000, -0.001198, 0.091707
2.112000, -0.001114, 0.086301
2.113000, -0.001036, 0.081092
2.114000, -0.000962, 0.076086
2.115000, -0.000893, 0.071289
2.116000, -0.000829, 0.066701
2.117000, -0.000769, 0.062325
2.118000, -0.000713, 0.058158
2.119000, -0.000660, 0.054199
2.120000, -0.000612, 0.050446
2.121000, -0.000567, 0.046893
2.122000, -0.000525, 0.043537
2.123000, -0.000486, 0.040371
2.124000, -0.000450, 0.037391
2.125000, -0.000417, 0.034590
2.126000, -0.000386, 0.031961
2.127000, -0.000358, 0.029498
2.128000, -0.000332, 0.027193
2.129000, -0.000308, 0.025041
2.130000, -0.000286, 0.023034
2.131000, -0.000266, 0.021164
2.132000, -0.000247, 0.019425
2.133000, -0.000230, 0.017811
2.134000, -0.000215, 0.016314
2.135000, -0.000200, 0.014928
2.136000, -0.000187, 0.013647
2.137000, -0.000175, 0.012465
2.138000, -0.000165, 0.011374
2.139000, -0.000155, 0.010371
2.140000, -0.000146, 0.009449
2.141000, -0.000138, 0.008603
2.142000, -0.000130, 0.007827
2.143000, -0.000123, 0.007118
2.144000, -0.000117, 0.006471
2.145000, -0.000112, 0.005880
2.146000, -0.000107, 0.005342
2.147000, -0.000102, 0.004854
2.148000, -0.000098, 0.004411
2.149000, -0.000094, 0.004010
2.150000, -0.000091, 0.003647
2.151000, -0.000087, 0.003320
2.152000, -0.000084, 0.003026
2.153000, -0.000082, 0.002761
2.154000, -0.000079, 0.002524
2.155000, -0.000077, 0.002312
2.156000, -0.000075, 0.002123
2.157000, -0.000073, 0.001954
2.158000, -0.000072, 0.001805
2.159000, -0.000070, 0.001673
2.160000, -0.000069, 0.001556
2.161000, -0.000067, 0.001453
2.162000, -0.000066, 0.001363
2.163000, -0.000065, 0.001284
2.164000, -0.000063, 0.001216
2.165000, -0.000062, 0.001156
2.166000, -0.000061, 0.001105
2.167000, -0.000060, 0.001060
2.168000, -0.000059, 0.001023
2.169000, -0.000058, 0.000990
2.170000, -0.000057, 0.000963
2.171000, -0.000056, 0.000940
2.172000, -0.000055, 0.000921
2.173000, -0.000054, 0.000905
2.174000, -0.000054, 0.000891
2.175000, -0.000053, 0.000880
2.176000, -0.000052, 0.000871
2.177000, -0.000051, 0.000864
2.178000, -0.000050, 0.000858
2.179000, -0.000049, 0.000853
2.180000, -0.000048, 0.000849
2.181000, -0.000048, 0.000846
2.182000, -0.000047, 0.000843
2.183000, -0.000046, 0.000841
2.184000, -0.000045, 0.000839
2.185000, -0.000044, 0.000837
2.186000, -0.000043, 0.000835
2.187000, -0.000043, 0.000833
2.188000, -0.000042, 0.000830
2.189000, -0.000041, 0.000828
2.190000, -0.000040, 0.000825
2.191000, -0.000039, 0.000822
2.192000, -0.000038, 0.000818
2.193000, -0.000038, 0.000815
2.194000, -0.000037, 0.000810
2.195000, -0.000036, 0.000806
2.196000, -0.000035, 0.000801
2.197000, -0.000034, 0.000796
2.198000, -0.000034, 0.000790
2.199000, -0.000033, 0.000784
2.200000, -0.000032, 0.000778
2.201000, -0.000031, 0.000771
2.202000, -0.000031, 0.000764
2.203000, -0.000030, 0.000757
2.204000, -0.000029, 0.000750
2.205000, -0.000028, 0.000742
2.206000, -0.000028, 0.000734
2.207000, -0.000027, 0.000726
2.208000, -0.000026, 0.000717
2.209000, -0.000025, 0.000708
2.210000, -0.000025, 0.000700
2.211000, -0.000024, 0.000691
2.212000, -0.000023, 0.000682
2.213000, -0.000023, 0.000672
2.214000, -0.000022, 0.000663
2.215000, -0.000021, 0.000654
2.216000, -0.000021, 0.000644
2.217000, -0.000020, 0.000635
2.218000, -0.000020, 0.000625
2.219000, -0.000019, 0.000616
2.220000, -0.000018, 0.000606
2.221000, -0.000018, 0.000596
2.222000, -0.000017, 0.000587
2.223000, -0.000017, 0.000577
2.224000, -0.000016, 0.000568
2.225000, -0.000015, 0.000558
2.226000, -0.000015, 0.000549
2.227000, -0.000014, 0.000540
2.228000, -0.000014, 0.000530
2.229000, -0.000013, 0.000521
2.230000, -0.000013, 0.000512
2.231000, -0.000012, 0.000503
2.232000, -0.000012, 0.000494
2.233000, -0.000011, 0.000486
2.234000, -0.000011, 0.000477
2.235000, -0.000010, 0.000468
2.236000, -0.000010, 0.000460
2.237000, -0.000010, 0.000452
2.238000, -0.000009, 0.000443
2.239000, -0.000009, 0.000435
2.240000, -0.000008, 0.000427
2.241000, -0.000008, 0.000419
2.242000, -0.000007, 0.000412
2.243000, -0.000007, 0.000404
2.244000, -0.000007, 0.000396
2.245000, -0.000006, 0.000389
2.246000, -0.000006, 0.000382
2.247000, -0.000005, 0.000375
2.248000, -0.000005, 0.000368
2.249000, -0.000005, 0.000361
2.250000, -0.000004, 0.000354
2.251000, -0.000004, 0.000347
2.252000, -0.000004, 0.000341
2.253000, -0.000003, 0.000335
2.254000, -0.000003, 0.000328
2.255000, -0.000003, 0.000322
2.256000, -0.000002, 0.000316
2.257000, -0.000002, 0.000310
2.258000, -0.000002, 0.000304
2.259000, -0.000002, 0.000299
2.260000, -0.000001, 0.000293
2.261000, -0.000001, 0.000288
2.262000, -0.000001, 0.000282
2.263000, -0.000000, 0.000277
2.264000, -0.000000, 0.000272
2.265000, 0.000000, 0.000267
2.266000, 0.000000, 0.000262
2.267000, 0.000001, 0.000257
2.268000, 0.000001, 0.000252
2.269000, 0.000001, 0.000247
2.270000, 0.000001, 0.000243
2.271000, 0.000002, 0.000238
2.272000, 0.000002, 0.000234
2.273000, 0.000002, 0.000230
2.274000, 0.000002, 0.000225
2.275000, 0.000003, 0.000221
2.276000, 0.000003, 0.000217
2.277000, 0.000003, 0.000213
2.278000, 0.000003, 0.000209
2.279000, 0.000003, 0.000205
2.280000, 0.000004, 0.000202
2.281000, 0.000004, 0.000198
2.282000, 0.000004, 0.000194
2.283000, 0.000004, 0.000191
2.284000, 0.000004, 0.000187
2.285000, 0.000005, 0.000184
2.286000, 0.000005, 0.000180
2.287000, 0.000005, 0.000177
2.288000, 0.000005, 0.000174
2.289000, 0.000005, 0.000171
2.290000, 0.000005, 0.000168
2.291000, 0.000006, 0.000165
2.292000, 0.000006, 0.000162
2.293000, 0.000006, 0.000159
2.294000, 0.000006, 0.000156
2.295000, 0.000006, 0.000153
2.296000, 0.000006, 0.000151
2.297000, 0.000006, 0.000148
2.298000, 0.000007, 0.000145
2.299000, 0.000007, 0.000143
2.300000, 0.000007, 0.000140
2.301000, 0.000007, 0.000138
2.302000, 0.000007, 0.000135
2.303000, 0.000007, 0.000133
2.304000, 0.000007, 0.000131
2.305000, 0.000008, 0.000128
2.306000, 0.000008, 0.000025
2.307000, 0.000007, -0.000630
2.308000, 0.000004, -0.001753
2.309000, 0.000000, -0.003261
2.310000, -0.000006, -0.005071
2.311000, -0.000014, -0.007103
2.312000, -0.000024, -0.009281
2.313000, -0.000037, -0.011528
2.314000, -0.000052, -0.013776
2.315000, -0.000069, -0.015956
2.316000, -0.000088, -0.018007
2.317000, -0.000109, -0.019873
2.318000, -0.000131, -0.021501
2.319000, -0.000155, -0.022847
2.320000, -0.000179, -0.023872
2.321000, -0.000204, -0.024543
2.322000, -0.000229, -0.024835
2.323000, -0.000253, -0.024730
2.324000, -0.000277, -0.024215
2.325000, -0.000300, -0.023286
2.326000, -0.000321, -0.021946
2.327000, -0.000341, -0.020204
2.328000, -0.000358, -0.018077
2.329000, -0.000372, -0.015587
2.330000, -0.000384, -0.012761
2.331000, -0.000392, -0.009635
2.332000, -0.000396, -0.006247
2.333000, -0.000397, -0.002641
2.334000, -0.000395, 0.000629
2.335000, -0.000390, 0.003446
2.336000, -0.000383, 0.005853
2.337000, -0.000374, 0.007889
2.338000, -0.000363, 0.009592
2.339000, -0.000352, 0.010997
2.340000, -0.000339, 0.012134
2.341000, -0.000326, 0.013033
2.342000, -0.000312, 0.013720
2.343000, -0.000297, 0.014219
2.344000, -0.000282, 0.014553
2.345000, -0.000267, 0.014743
2.346000, -0.000253, 0.014806
2.347000, -0.000238, 0.014759
2.348000, -0.000223, 0.014618
2.349000, -0.000209, 0.014397
2.350000, -0.000195, 0.014107
2.351000, -0.000182, 0.013760
2.352000, -0.000168, 0.013367
2.353000, -0.000156, 0.012935
2.354000, -0.000143, 0.012473
2.355000, -0.000132, 0.011989
2.356000, -0.000120, 0.011488
2.357000, -0.000110, 0.010976
2.358000, -0.000099, 0.010457
2.359000, -0.000090, 0.009937
2.360000, -0.000081, 0.009419
2.361000, -0.000072, 0.008906
2.362000, -0.000064, 0.008400
2.363000, -0.000056, 0.007904
2.364000, -0.000049, 0.007420
2.365000, -0.000042, 0.006950
2.366000, -0.000036, 0.006495
2.367000, -0.000030, 0.006055
2.368000, -0.000025, 0.005632
2.369000, -0.000020, 0.005225
2.370000, -0.000015, 0.004837
2.371000, -0.000011, 0.004466
2.372000, -0.000007, 0.004113
2.373000, -0.000003, 0.003777
2.374000, -0.000000, 0.003459
2.375000, 0.000003, 0.003158
2.376000, 0.000006, 0.002875
2.377000, 0.000008, 0.002607
2.378000, 0.000010, 0.002356
2.379000, 0.000012, 0.002121
2.380000, 0.000014, 0.001900
2.381000, 0.000016, 0.001694
2.382000, 0.000017, 0.001502
2.383000, 0.000018, 0.001323
2.384000, 0.000020, 0.001157
2.385000, 0.000020, 0.001003
2.386000, 0.000021, 0.000861
2.387000, 0.000022, 0.000729
2.388000, 0.000022, 0.000608
2.389000, 0.000023, 0.000497
2.390000, 0.000023, 0.000395
2.391000, 0.000024, 0.000302
2.392000, 0.000024, 0.000217
2.393000, 0.000024, 0.000140
2.394000, 0.000024, 0.000069
2.395000, 0.000024, 0.000006
2.396000, 0.000024, -0.000051
2.397000, 0.000024, -0.000103
2.398000, 0.000023, -0.000149
2.399000, 0.000023, -0.000190
2.400000, 0.000023, -0.000226
2.401000, 0.000023, -0.000258
2.402000, 0.000022, -0.000286
2.403000, 0.000022, -0.000311
2.404000, 0.000022, -0.000332
2.405000, 0.000021, -0.000350
2.406000, 0.000021, -0.000365
2.407000, 0.000021, -0.000378
2.408000, 0.000020, -0.000388
2.409000, 0.000020, -0.000396
2.410000, 0.000019, -0.000402
2.411000, 0.000019, -0.000407
2.412000, 0.000019, -0.000410
2.413000, 0.000018, -0.000411
2.414000, 0.000018, -0.000411
2.415000, 0.000017, -0.000410
2.416000, 0.000017, -0.000408
2.417000, 0.000017, -0.000406
2.418000, 0.000016, -0.000402
2.419000, 0.000016, -0.000398
2.420000, 0.000015, -0.000393
2.421000, 0.000015, -0.000388
2.422000, 0.000015, -0.000382
2.423000, 0.000014, -0.000376
2.424000, 0.000014, -0.000369
2.425000, 0.000013, -0.000363
2.426000, 0.000013, -0.000356
2.427000, 0.000013, -0.000349
2.428000, 0.000012, -0.000341
2.429000, 0.000012, -0.000334
2.430000, 0.000012, -0.000327
2.431000, 0.000011, -0.000320
2.432000, 0.000011, -0.000312
2.433000, 0.000011, -0.000305
2.434000, 0.000011, -0.000298
2.435000, 0.000010, -0.000291
2.436000, 0.000010, -0.000283
2.437000, 0.000010, -0.000277
2.438000, 0.000009, -0.000270
2.439000, 0.000009, -0.000263
2.440000, 0.000009, -0.000256
2.441000, 0.000009, -0.000250
2.442000, 0.000008, -0.000243
2.443000, 0.000008, -0.000237
2.444000, 0.000008, -0.000231
2.445000, 0.000008, -0.000225
2.446000, 0.000008, -0.000219
2.447000, 0.000007, -0.000214
2.448000, 0.000007, -0.000208
2.449000, 0.000007, -0.000203
2.450000, 0.000007, -0.000198
2.451000, 0.000007, -0.000193
2.452000, 0.000006, -0.000188
2.453000, 0.000006, -0.000183
2.454000, 0.000006, -0.000178
2.455000, 0.000006, -0.000174
2.456000, 0.000006, -0.000169
2.457000, 0.000006, -0.000165
2.458000, 0.000005, -0.000161
2.459000, 0.000005, -0.000157
2.460000, 0.000005, -0.000153
2.461000, 0.000005, -0.000149
2.462000, 0.000005, -0.000145
2.463000, 0.000005, -0.000142
2.464000, 0.000004, -0.000138
2.465000, 0.000004, -0.000135
2.466000, 0.000004, -0.000131
2.467000, 0.000004, -0.000128
2.468000, 0.000004, -0.000125
2.469000, 0.000004, -0.000122
2.470000, 0.000004, -0.000119
2.471000, 0.000004, -0.000116
2.472000, 0.000004, -0.000113
2.473000, 0.000003, -0.000110
2.474000, 0.000003, -0.000108
2.475000, 0.000003, -0.000105
2.476000, 0.000003, -0.000103
2.477000, 0.000003, -0.000100
2.478000, 0.000003, -0.000098
2.479000, 0.000003, -0.000095
2.480000, 0.000003, -0.000093
2.481000, 0.000003, -0.000091
2.482000, 0.000003, -0.000089
2.483000, 0.000002, -0.000086
2.484000, 0.000002, -0.000084
2.485000, 0.000002, -0.000082
2.486000, 0.000002, -0.000080
2.487000, 0.000002, -0.000078
2.488000, 0.000002, -0.000076
2.489000, 0.000002, -0.000075
2.490000, 0.000002, -0.000073
2.491000, 0.000002, -0.000071
2.492000, 0.000002, -0.000069
2.493000, 0.000002, -0.000068
2.494000, 0.000002, -0.000066
2.495000, 0.000002, -0.000064
2.496000, 0.000002, -0.000063
2.497000, 0.000001, -0.000061
2.498000, 0.000001, -0.000060
2.499000, 0.000001, -0.000058
2.500000, 0.000001, -0.000057
2.501000, 0.000001, -0.000055
2.502000, 0.000001, -0.000054
2.503000, 0.000001, -0.000052
2.504000, 0.000001, -0.000051
2.505000, 0.000001, -0.000050
2.506000, 0.000001, -0.000048
2.507000, 0.000001, -0.000047
2.508000, 0.000001, -0.000046
2.509000, 0.000001, -0.000045
2.510000, 0.000001, -0.000043
2.511000, 0.000001, -0.000042
2.512000, 0.000001, -0.000041
2.513000, 0.000001, -0.000040
2.514000, 0.000001, -0.000039
2.515000, 0.000001, -0.000038
2.516000, 0.000001, -0.000037
2.517000, 0.000001, -0.000036
2.518000, 0.000001, -0.000035
2.519000, 0.000000, -0.000034
2.520000, 0.000000, -0.000033
2.521000, 0.000000, -0.000032
2.522000, 0.000000, -0.000031
2.523000, 0.000000, -0.000030
2.524000, 0.000000, -0.000029
2.525000, 0.000000, -0.000028
2.526000, 0.000000, -0.000027
2.527000, 0.000000, -0.000026
2.528000, 0.000000, -0.000026
2.529000, 0.000000, -0.000025
2.530000, 0.000000, -0.000024
2.531000, 0.000000, -0.000023
2.532000, 0.000000, -0.000022
2.533000, 0.000000, -0.000022
2.534000, 0.000000, -0.000021
2.535000, 0.000000, -0.000020
2.536000, 0.000000, -0.000020
2.537000, 0.000000, -0.000019
2.538000, -0.000000, -0.000018
2.539000, -0.000000, -0.000017
2.540000, -0.000000, -0.000017
2.541000, -0.000000, -0.000016
2.542000, -0.000000, -0.000016
2.543000, -0.000000, -0.000015
2.544000, -0.000000, -0.000014
2.545000, -0.000000, -0.000014
2.546000, -0.000000, -0.000013
2.547000, -0.000000, -0.000013
2.548000, -0.000000, -0.000012
2.549000, -0.000000, -0.000011
2.550000, -0.000000, -0.000011
2.551000, -0.000000, -0.000010
2.552000, -0.000000, -0.000010
2.553000, -0.000000, -0.000009
2.554000, -0.000000, -0.000009
2.555000, -0.000000, -0.000008
2.556000, -0.000000, -0.000008
2.557000, -0.000000, -0.000007
2.558000, -0.000000, -0.000007
2.559000, -0.000000, -0.000006
2.560000, -0.000000, -0.000006
2.561000, -0.000000, -0.000006
2.562000, -0.000000, -0.000005
2.563000, -0.000000, -0.000005
2.564000, -0.000000, -0.000004
2.565000, -0.000000, -0.000004
2.566000, -0.000000, -0.000004
2.567000, -0.000000, -0.000003
2.568000, -0.000000, -0.000003
2.569000, -0.000000, -0.000002
2.570000, -0.000000, -0.000002
2.571000, -0.000000, -0.000002
2.572000, -0.000000, -0.000001
2.573000, -0.000000, -0.000001
2.574000, -0.000000, -0.000001
2.575000, -0.000000, -0.000000
2.576000, -0.000000, -0.000000
2.577000, -0.000000, 0.000000
2.578000, -0.000000, 0.000001
2.579000, -0.000000, 0.000001
2.580000, -0.000000, 0.000001
2.581000, -0.000000, 0.000001
2.582000, -0.000000, 0.000002
2.583000, -0.000000, 0.000002
2.584000, -0.000000, 0.000002
2.585000, -0.000000, 0.000003
2.586000, -0.000000, 0.000003
2.587000, -0.000000, 0.000003
2.588000, -0.000000, 0.000003
2.589000, -0.000000, 0.000004
2.590000, -0.000000, 0.000004
2.591000, -0.000000, 0.000004
2.592000, -0.000000, 0.000004
2.593000, -0.000000, 0.000004
2.594000, -0.000000, 0.000005
2.595000, -0.000000, 0.000005
2.596000, -0.000000, 0.000005
2.597000, -0.000000, 0.000005
2.598000, -0.000000, 0.000006
2.599000, -0.000000, 0.000006
2.600000, -0.000000, 0.000006
2.601000, -0.000000, 0.000006
2.602000, -0.000000, 0.000006
2.603000, -0.000000, 0.000007
2.604000, -0.000000, 0.000007
2.605000, -0.000000, 0.000007
2.606000, -0.000000, 0.000007
2.607000, -0.000000, 0.000007
2.608000, -0.000000, 0.000007
2.609000, -0.000000, 0.000008
2.610000, -0.000000, 0.000008
2.611000, -0.000000, 0.000008
2.612000, -0.000000, 0.000008
2.613000, -0.000000, 0.000008
2.614000, -0.000000, 0.000008
2.615000, -0.000000, 0.000008
2.616000, -0.000000, 0.000009
2.617000, -0.000000, 0.000009
2.618000, -0.000000, 0.000009
2.619000, -0.000000, 0.000009
2.620000, -0.000000, 0.000009
2.621000, -0.000000, 0.000009
2.622000, -0.000000, 0.000009
2.623000, -0.000000, 0.000009
2.624000, -0.000000, 0.000010
2.625000, 0.000000, 0.000010
2.626000, 0.000000, 0.000010
2.627000, 0.000000, 0.000010
2.628000, 0.000000, 0.000010
2.629000, 0.000000, 0.000010
2.630000, 0.000000, 0.000010
2.631000, 0.000000, 0.000010
2.632000, 0.000000, 0.000010
2.633000, 0.000000, 0.000011
2.634000, 0.000000, 0.000011
2.635000, 0.000000, 0.000011
2.636000, 0.000000, 0.000011
2.637000, 0.000000, 0.000011
2.638000, 0.000000, 0.000011
2.639000, 0.000000, 0.000011
2.640000, 0.000000, 0.000011
2.641000, 0.000000, 0.000011
2.642000, 0.000000, 0.000011
2.643000, 0.000000, 0.000011
2.644000, 0.000000, 0.000011
2.645000, 0.000000, 0.000012
2.646000, 0.000000, 0.000012
2.647000, 0.000000, 0.000012
2.648000, 0.000000, 0.000012
2.649000, 0.000000, 0.000012
2.650000, 0.000000, 0.000012
2.651000, 0.000000, 0.000012
2.652000, 0.000000, 0.000012
2.653000, 0.000000, 0.000012
2.654000, 0.000000, 0.000012
2.655000, 0.000000, 0.000012
2.656000, 0.000000, 0.000012
2.657000, 0.000000, 0.000012
2.658000, 0.000000, 0.000012
2.659000, 0.000000, 0.000012
2.660000, 0.000000, 0.000012
2.661000, 0.000000, 0.000013
2.662000, 0.000000, 0.000013
2.663000, 0.000000, 0.000013
2.664000, 0.000000, 0.000013
2.665000, 0.000000, 0.000013
2.666000, 0.000000, 0.000013
2.667000, 0.000000, 0.000013
2.668000, 0.000001, 0.000013
2.669000, 0.000001, 0.000013
2.670000, 0.000001, 0.000013
2.671000, 0.000001, 0.000013
2.672000, 0.000001, 0.000013
2.673000, 0.000001, 0.000013
2.674000, 0.000001, 0.000013
2.675000, 0.000001, 0.000013
2.676000, 0.000001, 0.000013
2.677000, 0.000001, 0.000013
2.678000, 0.000001, 0.000013
2.679000, 0.000001, 0.000013
2.680000, 0.000001, 0.000013
2.681000, 0.000001, 0.000013
2.682000, 0.000001, 0.000013
2.683000, 0.000001, 0.000013
2.684000, 0.000001, 0.000013
2.685000, 0.000001, 0.000013
2.686000, 0.000001, 0.000013
2.687000, 0.000001, 0.000014
2.688000, 0.000001, 0.000014
2.689000, 0.000001, 0.000014
2.690000, 0.000001, 0.000014
2.691000, 0.000001, 0.000014
2.692000, 0.000001, 0.000014
2.693000, 0.000001, 0.000014
2.694000, 0.000001, 0.000014
2.695000, 0.000001, 0.000014
2.696000, 0.000001, 0.000014
2.697000, 0.000001, 0.000014
2.698000, 0.000001, 0.000014
2.699000, 0.000001, 0.000014
2.700000, 0.000001, 0.000014
2.701000, 0.000001, 0.000014
2.702000, 0.000001, 0.000014
2.703000, 0.000001, 0.000014
2.704000, 0.000001, 0.000014
2.705000, 0.000001, 0.000014
2.706000, 0.000001, 0.000014
2.707000, 0.000001, 0.000014
2.708000, 0.000001, 0.000014
2.709000, 0.000001, 0.000014
2.710000, 0.000001, 0.000014
2.711000, 0.000001, 0.000014
2.712000, 0.000001, 0.000014
2.713000, 0.000001, 0.000014
2.714000, 0.000001, 0.000014
2.715000, 0.000001, 0.000014
2.716000, 0.000001, 0.000014
2.717000, 0.000001, 0.000014
2.718000, 0.000001, 0.000014
2.719000, 0.000001, 0.000014
2.720000, 0.000001, 0.000014
2.721000, 0.000001, 0.000014
2.722000, 0.000001, 0.000014
2.723000, 0.000001, 0.000014
2.724000, 0.000001, 0.000014
2.725000, 0.000001, 0.000014
2.726000, 0.000001, 0.000014
2.727000, 0.000001, 0.000014
2.728000, 0.000001, 0.000014
2.729000, 0.000001, 0.000014
2.730000, 0.000001, 0.000014
2.731000, 0.000001, 0.000014
2.732000, 0.000001, 0.000014
2.733000, 0.000001, 0.000014
2.734000, 0.000001, 0.000014
2.735000, 0.000001, 0.000014
2.736000, 0.000001, 0.000014
2.737000, 0.000001, 0.000014
2.738000, 0.000001, 0.000014
2.739000, 0.000001, 0.000014
2.740000, 0.000001, 0.000014
2.741000, 0.000002, 0.000014
2.742000, 0.000002, 0.000014
2.743000, 0.000002, 0.000014
2.744000, 0.000002, 0.000014
2.745000, 0.000002, 0.000014
2.746000, 0.000002, 0.000014
2.747000, 0.000002, 0.000014
2.748000, 0.000002, 0.000014
2.749000, 0.000002, 0.000014
2.750000, 0.000002, 0.000014
2.751000, 0.000002, 0.000014
2.752000, 0.000002, 0.000014
2.753000, 0.000002, 0.000014
2.754000, 0.000002, 0.000014
2.755000, 0.000002, 0.000014
2.756000, 0.000002, 0.000014
2.757000, 0.000002, 0.000014
2.758000, 0.000002, 0.000014
2.759000, 0.000002, 0.000014
2.760000, 0.000002, 0.000014
2.761000, 0.000002, 0.000014
2.762000, 0.000002, 0.000014
2.763000, 0.000002, 0.000014
2.764000, 0.000002, 0.000014
2.765000, 0.000002, 0.000014
2.766000, 0.000002, 0.000014
2.767000, 0.000002, 0.000014
2.768000, 0.000002, 0.000014
2.769000, 0.000002, 0.000014
2.770000, 0.000002, 0.000014
2.771000, 0.000002, 0.000014
2.772000, 0.000002, 0.000014
2.773000, 0.000002, 0.000014
2.774000, 0.000002, 0.000014
2.775000, 0.000002, 0.000014
2.776000, 0.000002, 0.000014
2.777000, 0.000002, 0.000014
2.778000, 0.000002, 0.000014
2.779000, 0.000002, 0.000014
2.780000, 0.000002, 0.000014
2.781000, 0.000002, 0.000014
2.782000, 0.000002, 0.000014
2.783000, 0.000002, 0.000014
2.784000, 0.000002, 0.000014
2.785000, 0.000002, 0.000014
2.786000, 0.000002, 0.000014
2.787000, 0.000002, 0.000014
2.788000, 0.000002, 0.000014
2.789000, 0.000002, 0.000014
2.790000, 0.000002, 0.000014
2.791000, 0.000002, 0.000014
2.792000, 0.000002, 0.000014
2.793000, 0.000002, 0.000014
2.794000, 0.000002, 0.000014
2.795000, 0.000002, 0.000014
2.796000, 0.000002, 0.000014
2.797000, 0.000002, 0.000014
2.798000, 0.000002, 0.000014
2.799000, 0.000002, 0.000014
2.800000, 0.000002, 0.000014
2.801000, 0.000002, 0.000014
2.802000, 0.000002, 0.000014
2.803000, 0.000002, 0.000014
2.804000, 0.000002, 0.000014
2.805000, 0.000002, 0.000014
2.806000, 0.000002, 0.000014
2.807000, 0.000002, 0.000014
2.808000, 0.000002, 0.000014
2.809000, 0.000002, 0.000014
2.810000, 0.000002, 0.000014
2.811000, 0.000002, 0.000014
2.812000, 0.000003, 0.000014
2.813000, 0.000003, 0.000014
2.814000, 0.000003, 0.000014
2.815000, 0.000003, 0.000014
2.816000, 0.000003, 0.000014
2.817000, 0.000003, 0.000014
2.818000, 0.000003, 0.000014
2.819000, 0.000003, 0.000014
2.820000, 0.000003, 0.000014
2.821000, 0.000003, 0.000014
2.822000, 0.000003, 0.000014
2.823000, 0.000003, 0.000014
2.824000, 0.000003, 0.000014
2.825000, 0.000003, 0.000014
2.826000, 0.000003, 0.000014
2.827000, 0.000003, 0.000014
2.828000, 0.000003, 0.000014
2.829000, 0.000003, 0.000014
2.830000, 0.000003, 0.000014
2.831000, 0.000003, 0.000014
2.832000, 0.000003, 0.000014
2.833000, 0.000003, 0.000014
2.834000, 0.000003, 0.000014
2.835000, 0.000003, 0.000014
2.836000, 0.000003, 0.000014
2.837000, 0.000003, 0.000014
2.838000, 0.000003, 0.000014
2.839000, 0.000003, 0.000014
2.840000, 0.000003, 0.000014
2.841000, 0.000003, 0.000014
2.842000, 0.000003, 0.000014
2.843000, 0.000003, 0.000014
2.844000, 0.000003, 0.000014
2.845000, 0.000003, 0.000014
2.846000, 0.000003, 0.000014
2.847000, 0.000003, 0.000013
2.848000, 0.000003, 0.000013
2.849000, 0.000003, 0.000013
2.850000, 0.000003, 0.000013
2.851000, 0.000003, 0.000013
2.852000, 0.000003, 0.000013
2.853000, 0.000003, 0.000013
2.854000, 0.000003, 0.000013
2.855000, 0.000003, 0.000013
2.856000, 0.000003, 0.000013
2.857000, 0.000003, 0.000013
2.858000, 0.000003, 0.000013
2.859000, 0.000003, 0.000013
2.860000, 0.000003, 0.000013
2.861000, 0.000003, 0.000013
2.862000, 0.000003, 0.000013
2.863000, 0.000003, 0.000013
2.864000, 0.000003, 0.000013
2.865000, 0.000003, 0.000013
2.866000, 0.000003, 0.000013
2.867000, 0.000003, 0.000013
2.868000, 0.000003, 0.000013
2.869000, 0.000003, 0.000013
2.870000, 0.000003, 0.000013
2.871000, 0.000003, 0.000013
2.872000, 0.000003, 0.000013
2.873000, 0.000003, 0.000013
2.874000, 0.000003, 0.000013
2.875000, 0.000003, 0.000013
2.876000, 0.000003, 0.000013
2.877000, 0.000003, 0.000013
2.878000, 0.000003, 0.000013
2.879000, 0.000003, 0.000013
2.880000, 0.000003, 0.000013
2.881000, 0.000003, 0.000013
2.882000, 0.000003, 0.000013
2.883000, 0.000003, 0.000013
2.884000, 0.000003, 0.000013
2.885000, 0.000003, 0.000013
2.886000, 0.000003, 0.000013
2.887000, 0.000004, 0.000013
2.888000, 0.000004, 0.000013
2.889000, 0.000004, 0.000013
2.890000, 0.000004, 0.000013
2.891000, 0.000004, 0.000013
2.892000, 0.000004, 0.00001