time, theta__error, theta_dot_error
0.000000, -1.500001, -0.000390
0.001000, -1.485894, 9.404541
0.002000, -1.478348, 8.164900
0.003000, -1.470027, 8.269416
0.004000, -1.461855, 8.204475
0.005000, -1.453715, 8.161228
0.006000, -1.445623, 8.115524
0.007000, -1.437575, 8.070415
0.008000, -1.429572, 8.025512
0.009000, -1.421613, 7.980864
0.010000, -1.413699, 7.936463
0.011000, -1.405829, 7.892308
0.012000, -1.398002, 7.848397
0.013000, -1.390219, 7.804730
0.014000, -1.382480, 7.761305
0.015000, -1.374783, 7.718121
0.016000, -1.367129, 7.675177
0.017000, -1.359518, 7.632470
0.018000, -1.351950, 7.590001
0.019000, -1.344423, 7.547767
0.020000, -1.336938, 7.505767
0.021000, -1.329495, 7.464001
0.022000, -1.322093, 7.422466
0.023000, -1.314733, 7.381162
0.024000, -1.307413, 7.340087
0.025000, -1.300134, 7.299239
0.026000, -1.292896, 7.258619
0.027000, -1.285698, 7.218224
0.028000, -1.278540, 7.178053
0.029000, -1.271422, 7.138105
0.030000, -1.264343, 7.098379
0.031000, -1.257304, 7.058874
0.032000, -1.250304, 7.019588
0.033000, -1.243343, 6.980520
0.034000, -1.236421, 6.941669
0.035000, -1.229537, 6.903034
0.036000, -1.222692, 6.864613
0.037000, -1.215885, 6.826406
0.038000, -1.209115, 6.788411
0.039000, -1.202384, 6.750627
0.040000, -1.195689, 6.713053
0.041000, -1.189032, 6.675687
0.042000, -1.182412, 6.638530
0.043000, -1.175829, 6.601578
0.044000, -1.169283, 6.564832
0.045000, -1.162773, 6.528291
0.046000, -1.156299, 6.491952
0.047000, -1.149861, 6.455815
0.048000, -1.143459, 6.419879
0.049000, -1.137093, 6.384143
0.050000, -1.130762, 6.348605
0.051000, -1.124467, 6.313265
0.052000, -1.118206, 6.278122
0.053000, -1.111980, 6.243173
0.054000, -1.105789, 6.208419
0.055000, -1.099633, 6.173859
0.056000, -1.093510, 6.139490
0.057000, -1.087422, 6.105312
0.058000, -1.081368, 6.071325
0.059000, -1.075347, 6.037526
0.060000, -1.069360, 6.003916
0.061000, -1.063406, 5.970492
0.062000, -1.057486, 5.937254
0.063000, -1.051598, 5.904201
0.064000, -1.045743, 5.871332
0.065000, -1.039921, 5.838645
0.066000, -1.034131, 5.806141
0.067000, -1.028373, 5.773817
0.068000, -1.022648, 5.741673
0.069000, -1.016954, 5.709708
0.070000, -1.011292, 5.677920
0.071000, -1.005662, 5.646310
0.072000, -1.000062, 5.614875
0.073000, -0.994494, 5.583615
0.074000, -0.988957, 5.552529
0.075000, -0.983451, 5.521616
0.076000, -0.977976, 5.490875
0.077000, -0.972531, 5.460305
0.078000, -0.967116, 5.429905
0.079000, -0.961731, 5.399674
0.080000, -0.956377, 5.369611
0.081000, -0.951052, 5.339716
0.082000, -0.945757, 5.309987
0.083000, -0.940491, 5.280423
0.084000, -0.935255, 5.251024
0.085000, -0.930048, 5.221788
0.086000, -0.924870, 5.192716
0.087000, -0.919720, 5.163804
0.088000, -0.914600, 5.135054
0.089000, -0.909507, 5.106464
0.090000, -0.904444, 5.078033
0.091000, -0.899408, 5.049760
0.092000, -0.894400, 5.021645
0.093000, -0.889421, 4.993686
0.094000, -0.884469, 4.965882
0.095000, -0.879544, 4.938234
0.096000, -0.874647, 4.910739
0.097000, -0.869778, 4.883397
0.098000, -0.864935, 4.856208
0.099000, -0.860119, 4.829169
0.100000, -0.855331, 4.802282
0.101000, -0.850568, 4.775544
0.102000, -0.845833, 4.748954
0.103000, -0.841123, 4.722513
0.104000, -0.836440, 4.696219
0.105000, -0.831783, 4.670072
0.106000, -0.827152, 4.644069
0.107000, -0.822547, 4.618212
0.108000, -0.817967, 4.592499
0.109000, -0.813413, 4.566928
0.110000, -0.808884, 4.541500
0.111000, -0.804381, 4.516214
0.112000, -0.799902, 4.491068
0.113000, -0.795449, 4.466063
0.114000, -0.791020, 4.441196
0.115000, -0.786616, 4.416468
0.116000, -0.782236, 4.391878
0.117000, -0.777881, 4.367425
0.118000, -0.773550, 4.343107
0.119000, -0.769243, 4.318925
0.120000, -0.764960, 4.294878
0.121000, -0.760701, 4.270965
0.122000, -0.756466, 4.247184
0.123000, -0.752254, 4.223537
0.124000, -0.748066, 4.200020
0.125000, -0.743901, 4.176635
0.126000, -0.739760, 4.153380
0.127000, -0.735641, 4.130254
0.128000, -0.731545, 4.107258
0.129000, -0.727472, 4.084389
0.130000, -0.723422, 4.061647
0.131000, -0.719394, 4.039032
0.132000, -0.715389, 4.016543
0.133000, -0.711406, 3.994180
0.134000, -0.707445, 3.971941
0.135000, -0.703506, 3.949825
0.136000, -0.699589, 3.927833
0.137000, -0.695694, 3.905963
0.138000, -0.691821, 3.884215
0.139000, -0.687969, 3.862588
0.140000, -0.684139, 3.841082
0.141000, -0.680330, 3.819695
0.142000, -0.676542, 3.798427
0.143000, -0.672775, 3.777278
0.144000, -0.669030, 3.756246
0.145000, -0.665305, 3.735332
0.146000, -0.661601, 3.714534
0.147000, -0.657917, 3.693852
0.148000, -0.654254, 3.673285
0.149000, -0.650612, 3.652833
0.150000, -0.646989, 3.632494
0.151000, -0.643387, 3.612269
0.152000, -0.639805, 3.592156
0.153000, -0.636243, 3.572155
0.154000, -0.632700, 3.552266
0.155000, -0.629178, 3.532488
0.156000, -0.625675, 3.512819
0.157000, -0.622191, 3.493260
0.158000, -0.618727, 3.473810
0.159000, -0.615283, 3.454468
0.160000, -0.611857, 3.435234
0.161000, -0.608450, 3.416108
0.162000, -0.605063, 3.397087
0.163000, -0.601694, 3.378173
0.164000, -0.598344, 3.359364
0.165000, -0.595013, 3.340659
0.166000, -0.591700, 3.322059
0.167000, -0.588406, 3.303562
0.168000, -0.585130, 3.285168
0.169000, -0.581872, 3.266877
0.170000, -0.578632, 3.248688
0.171000, -0.575411, 3.230600
0.172000, -0.572207, 3.212612
0.173000, -0.569022, 3.194725
0.174000, -0.565853, 3.176937
0.175000, -0.562703, 3.159249
0.176000, -0.559570, 3.141659
0.177000, -0.556455, 3.124166
0.178000, -0.553357, 3.106772
0.179000, -0.550276, 3.089474
0.180000, -0.547212, 3.072272
0.181000, -0.544166, 3.055166
0.182000, -0.541136, 3.038156
0.183000, -0.538123, 3.021240
0.184000, -0.535127, 3.004419
0.185000, -0.532148, 2.987691
0.186000, -0.529185, 2.971056
0.187000, -0.526239, 2.954514
0.188000, -0.523309, 2.938064
0.189000, -0.520395, 2.921705
0.190000, -0.517498, 2.905438
0.191000, -0.514617, 2.889261
0.192000, -0.511752, 2.873174
0.193000, -0.508903, 2.857177
0.194000, -0.506069, 2.841269
0.195000, -0.503252, 2.825450
0.196000, -0.500450, 2.809718
0.197000, -0.497664, 2.794075
0.198000, -0.494893, 2.778518
0.199000, -0.492138, 2.763048
0.200000, -0.489398, 2.747664
0.201000, -0.486673, 2.732366
0.202000, -0.483963, 2.717153
0.203000, -0.481269, 2.702024
0.204000, -0.478590, 2.686980
0.205000, -0.475925, 2.672020
0.206000, -0.473275, 2.657143
0.207000, -0.470640, 2.642349
0.208000, -0.468020, 2.627637
0.209000, -0.465414, 2.613007
0.210000, -0.462823, 2.598459
0.211000, -0.460246, 2.583991
0.212000, -0.457684, 2.569604
0.213000, -0.455136, 2.555298
0.214000, -0.452602, 2.541071
0.215000, -0.450082, 2.526923
0.216000, -0.447576, 2.512854
0.217000, -0.445084, 2.498863
0.218000, -0.442606, 2.484950
0.219000, -0.440142, 2.471115
0.220000, -0.437692, 2.457356
0.221000, -0.435255, 2.443675
0.222000, -0.432832, 2.430069
0.223000, -0.430422, 2.416539
0.224000, -0.428025, 2.403085
0.225000, -0.425642, 2.389706
0.226000, -0.423273, 2.376401
0.227000, -0.420916, 2.363170
0.228000, -0.418573, 2.350012
0.229000, -0.416242, 2.336928
0.230000, -0.413925, 2.323917
0.231000, -0.411620, 2.310979
0.232000, -0.409329, 2.298112
0.233000, -0.407050, 2.285317
0.234000, -0.404784, 2.272593
0.235000, -0.402530, 2.259940
0.236000, -0.400289, 2.247358
0.237000, -0.398060, 2.234845
0.238000, -0.395844, 2.222403
0.239000, -0.393640, 2.210029
0.240000, -0.391449, 2.197725
0.241000, -0.389269, 2.185489
0.242000, -0.387102, 2.173321
0.243000, -0.384947, 2.161221
0.244000, -0.382804, 2.149188
0.245000, -0.380673, 2.137222
0.246000, -0.378553, 2.125323
0.247000, -0.376446, 2.113490
0.248000, -0.374350, 2.101723
0.249000, -0.372266, 2.090022
0.250000, -0.370193, 2.078385
0.251000, -0.368132, 2.066814
0.252000, -0.366082, 2.055307
0.253000, -0.364044, 2.043864
0.254000, -0.362017, 2.032484
0.255000, -0.360002, 2.021169
0.256000, -0.357998, 2.009916
0.257000, -0.356005, 1.998725
0.258000, -0.354023, 1.987597
0.259000, -0.352052, 1.976531
0.260000, -0.350091, 1.965527
0.261000, -0.348142, 1.954584
0.262000, -0.346204, 1.943702
0.263000, -0.344277, 1.932880
0.264000, -0.342360, 1.922119
0.265000, -0.340454, 1.911417
0.266000, -0.338558, 1.900775
0.267000, -0.336673, 1.890193
0.268000, -0.334799, 1.879669
0.269000, -0.332935, 1.869204
0.270000, -0.331082, 1.858797
0.271000, -0.329238, 1.848448
0.272000, -0.327405, 1.838157
0.273000, -0.325582, 1.827923
0.274000, -0.323770, 1.817746
0.275000, -0.321967, 1.807626
0.276000, -0.320175, 1.797562
0.277000, -0.318392, 1.787554
0.278000, -0.316619, 1.777602
0.279000, -0.314857, 1.767705
0.280000, -0.313104, 1.757863
0.281000, -0.311361, 1.748077
0.282000, -0.309627, 1.738344
0.283000, -0.307903, 1.728666
0.284000, -0.306189, 1.719042
0.285000, -0.304484, 1.709471
0.286000, -0.302789, 1.699954
0.287000, -0.301103, 1.690489
0.288000, -0.299427, 1.681077
0.289000, -0.297760, 1.671718
0.290000, -0.296102, 1.662411
0.291000, -0.294454, 1.653155
0.292000, -0.292814, 1.643952
0.293000, -0.291184, 1.634799
0.294000, -0.289563, 1.625697
0.295000, -0.287951, 1.616646
0.296000, -0.286348, 1.607646
0.297000, -0.284754, 1.598695
0.298000, -0.283168, 1.589795
0.299000, -0.281592, 1.580944
0.300000, -0.280024, 1.572142
0.301000, -0.278465, 1.563389
0.302000, -0.276915, 1.554685
0.303000, -0.275373, 1.546029
0.304000, -0.273840, 1.537422
0.305000, -0.272315, 1.528862
0.306000, -0.270799, 1.520350
0.307000, -0.269291, 1.511886
0.308000, -0.267792, 1.503469
0.309000, -0.266301, 1.495098
0.310000, -0.264819, 1.486774
0.311000, -0.263344, 1.478497
0.312000, -0.261878, 1.470265
0.313000, -0.260420, 1.462080
0.314000, -0.258970, 1.453940
0.315000, -0.257528, 1.445845
0.316000, -0.256095, 1.437796
0.317000, -0.254669, 1.429791
0.318000, -0.253251, 1.421831
0.319000, -0.251841, 1.413915
0.320000, -0.250439, 1.406043
0.321000, -0.249045, 1.398215
0.322000, -0.247658, 1.390430
0.323000, -0.246279, 1.382689
0.324000, -0.244908, 1.374991
0.325000, -0.243545, 1.367336
0.326000, -0.242189, 1.359724
0.327000, -0.240840, 1.352154
0.328000, -0.239500, 1.344626
0.329000, -0.238166, 1.337139
0.330000, -0.236840, 1.329695
0.331000, -0.235522, 1.322292
0.332000, -0.234210, 1.314930
0.333000, -0.232906, 1.307610
0.334000, -0.231610, 1.300330
0.335000, -0.230320, 1.293090
0.336000, -0.229038, 1.285891
0.337000, -0.227763, 1.278732
0.338000, -0.226495, 1.271613
0.339000, -0.225234, 1.264533
0.340000, -0.223980, 1.257493
0.341000, -0.222733, 1.250492
0.342000, -0.221493, 1.243530
0.343000, -0.220260, 1.236607
0.344000, -0.219033, 1.229722
0.345000, -0.217814, 1.222876
0.346000, -0.216601, 1.216068
0.347000, -0.215395, 1.209298
0.348000, -0.214196, 1.202565
0.349000, -0.213004, 1.195870
0.350000, -0.211818, 1.189212
0.351000, -0.210638, 1.182591
0.352000, -0.209466, 1.176007
0.353000, -0.208299, 1.169460
0.354000, -0.207140, 1.162949
0.355000, -0.205987, 1.156475
0.356000, -0.204840, 1.150036
0.357000, -0.203699, 1.143633
0.358000, -0.202565, 1.137266
0.359000, -0.201437, 1.130935
0.360000, -0.200316, 1.124638
0.361000, -0.199201, 1.118377
0.362000, -0.198092, 1.112151
0.363000, -0.196989, 1.105959
0.364000, -0.195892, 1.099802
0.365000, -0.194801, 1.093679
0.366000, -0.193717, 1.087590
0.367000, -0.192638, 1.081535
0.368000, -0.191566, 1.075514
0.369000, -0.190499, 1.069526
0.370000, -0.189439, 1.063571
0.371000, -0.188384, 1.057650
0.372000, -0.187335, 1.051762
0.373000, -0.186292, 1.045906
0.374000, -0.185255, 1.040083
0.375000, -0.184224, 1.034293
0.376000, -0.183198, 1.028535
0.377000, -0.182178, 1.022808
0.378000, -0.181164, 1.017114
0.379000, -0.180155, 1.011451
0.380000, -0.179152, 1.005820
0.381000, -0.178155, 1.000221
0.382000, -0.177163, 0.994652
0.383000, -0.176177, 0.989114
0.384000, -0.175196, 0.983608
0.385000, -0.174220, 0.978132
0.386000, -0.173250, 0.972686
0.387000, -0.172286, 0.967271
0.388000, -0.171327, 0.961886
0.389000, -0.170373, 0.956530
0.390000, -0.169424, 0.951205
0.391000, -0.168481, 0.945909
0.392000, -0.167543, 0.940643
0.393000, -0.166610, 0.935406
0.394000, -0.165683, 0.930199
0.395000, -0.164760, 0.925020
0.396000, -0.163843, 0.919870
0.397000, -0.162931, 0.914749
0.398000, -0.162024, 0.909656
0.399000, -0.161122, 0.904592
0.400000, -0.160224, 0.899555
0.401000, -0.159332, 0.894547
0.402000, -0.158445, 0.889567
0.403000, -0.157563, 0.884615
0.404000, -0.156686, 0.879690
0.405000, -0.155814, 0.874792
0.406000, -0.154946, 0.869922
0.407000, -0.154084, 0.865079
0.408000, -0.153226, 0.860262
0.409000, -0.152373, 0.855473
0.410000, -0.151524, 0.850710
0.411000, -0.150681, 0.845974
0.412000, -0.149842, 0.841264
0.413000, -0.149007, 0.836581
0.414000, -0.148178, 0.831923
0.415000, -0.147353, 0.827292
0.416000, -0.146533, 0.822686
0.417000, -0.145717, 0.818106
0.418000, -0.144905, 0.813551
0.419000, -0.144099, 0.809022
0.420000, -0.143296, 0.804518
0.421000, -0.142499, 0.800039
0.422000, -0.141705, 0.795585
0.423000, -0.140916, 0.791155
0.424000, -0.140132, 0.786751
0.425000, -0.139352, 0.782371
0.426000, -0.138576, 0.778015
0.427000, -0.137804, 0.773683
0.428000, -0.137037, 0.769376
0.429000, -0.136274, 0.765093
0.430000, -0.135515, 0.760833
0.431000, -0.134761, 0.756597
0.432000, -0.134011, 0.752385
0.433000, -0.133265, 0.748196
0.434000, -0.132523, 0.744031
0.435000, -0.131785, 0.739889
0.436000, -0.131051, 0.735769
0.437000, -0.130321, 0.731673
0.438000, -0.129596, 0.727600
0.439000, -0.128874, 0.723549
0.440000, -0.128157, 0.719521
0.441000, -0.127443, 0.715515
0.442000, -0.126734, 0.711531
0.443000, -0.126028, 0.707570
0.444000, -0.125327, 0.703631
0.445000, -0.124629, 0.699713
0.446000, -0.123935, 0.695818
0.447000, -0.123245, 0.691944
0.448000, -0.122559, 0.688092
0.449000, -0.121876, 0.684261
0.450000, -0.121198, 0.680451
0.451000, -0.120523, 0.676663
0.452000, -0.119852, 0.672896
0.453000, -0.119185, 0.669150
0.454000, -0.118521, 0.665424
0.455000, -0.117861, 0.661720
0.456000, -0.117205, 0.658036
0.457000, -0.116553, 0.654372
0.458000, -0.115904, 0.650729
0.459000, -0.115258, 0.647106
0.460000, -0.114617, 0.643503
0.461000, -0.113979, 0.639921
0.462000, -0.113344, 0.636358
0.463000, -0.112713, 0.632815
0.464000, -0.112085, 0.629292
0.465000, -0.111461, 0.625789
0.466000, -0.110841, 0.622305
0.467000, -0.110224, 0.618840
0.468000, -0.109610, 0.615395
0.469000, -0.109000, 0.611969
0.470000, -0.108393, 0.608562
0.471000, -0.107789, 0.605174
0.472000, -0.107189, 0.601805
0.473000, -0.106593, 0.598454
0.474000, -0.105999, 0.595122
0.475000, -0.105409, 0.591809
0.476000, -0.104822, 0.588514
0.477000, -0.104238, 0.585238
0.478000, -0.103658, 0.581980
0.479000, -0.103081, 0.578739
0.480000, -0.102507, 0.575517
0.481000, -0.101936, 0.572313
0.482000, -0.101369, 0.569127
0.483000, -0.100804, 0.565959
0.484000, -0.100243, 0.562808
0.485000, -0.099685, 0.559674
0.486000, -0.099130, 0.556558
0.487000, -0.098578, 0.553460
0.488000, -0.098029, 0.550379
0.489000, -0.097484, 0.547314
0.490000, -0.096941, 0.544267
0.491000, -0.096401, 0.541237
0.492000, -0.095864, 0.538224
0.493000, -0.095331, 0.535227
0.494000, -0.094800, 0.532248
0.495000, -0.094272, 0.529284
0.496000, -0.093747, 0.526338
0.497000, -0.093225, 0.523407
0.498000, -0.092706, 0.520493
0.499000, -0.092190, 0.517596
0.500000, -0.091677, 0.514714
0.501000, -0.091166, 0.511849
0.502000, -0.090659, 0.508999
0.503000, -0.090154, 0.506165
0.504000, -0.089652, 0.503347
0.505000, -0.089153, 0.500545
0.506000, -0.088657, 0.497758
0.507000, -0.088163, 0.494987
0.508000, -0.087672, 0.492231
0.509000, -0.087184, 0.489491
0.510000, -0.086699, 0.486766
0.511000, -0.086216, 0.484056
0.512000, -0.085736, 0.481361
0.513000, -0.085259, 0.478681
0.514000, -0.084784, 0.476016
0.515000, -0.084312, 0.473366
0.516000, -0.083843, 0.470730
0.517000, -0.083376, 0.468109
0.518000, -0.082912, 0.465503
0.519000, -0.082450, 0.462912
0.520000, -0.081991, 0.460335
0.521000, -0.081534, 0.457772
0.522000, -0.081080, 0.455223
0.523000, -0.080629, 0.452689
0.524000, -0.080180, 0.450168
0.525000, -0.079734, 0.447662
0.526000, -0.079290, 0.445170
0.527000, -0.078848, 0.442691
0.528000, -0.078409, 0.440227
0.529000, -0.077973, 0.437776
0.530000, -0.077539, 0.435339
0.531000, -0.077107, 0.432915
0.532000, -0.076678, 0.430505
0.533000, -0.076251, 0.428108
0.534000, -0.075826, 0.425725
0.535000, -0.075404, 0.423354
0.536000, -0.074984, 0.420997
0.537000, -0.074567, 0.418654
0.538000, -0.074152, 0.416323
0.539000, -0.073739, 0.414005
0.540000, -0.073328, 0.411700
0.541000, -0.072920, 0.409408
0.542000, -0.072514, 0.407129
0.543000, -0.072110, 0.404862
0.544000, -0.071709, 0.402608
0.545000, -0.071309, 0.400367
0.546000, -0.070912, 0.398138
0.547000, -0.070518, 0.395921
0.548000, -0.070125, 0.393717
0.549000, -0.069735, 0.391525
0.550000, -0.069346, 0.389345
0.551000, -0.068960, 0.387177
0.552000, -0.068576, 0.385022
0.553000, -0.068194, 0.382878
0.554000, -0.067815, 0.380747
0.555000, -0.067437, 0.378627
0.556000, -0.067062, 0.376519
0.557000, -0.066688, 0.374423
0.558000, -0.066317, 0.372338
0.559000, -0.065948, 0.370265
0.560000, -0.065581, 0.368204
0.561000, -0.065216, 0.366154
0.562000, -0.064852, 0.364115
0.563000, -0.064491, 0.362088
0.564000, -0.064132, 0.360072
0.565000, -0.063775, 0.358068
0.566000, -0.063420, 0.356074
0.567000, -0.063067, 0.354092
0.568000, -0.062716, 0.352120
0.569000, -0.062367, 0.350160
0.570000, -0.062020, 0.348210
0.571000, -0.061674, 0.346272
0.572000, -0.061331, 0.344344
0.573000, -0.060989, 0.342427
0.574000, -0.060650, 0.340520
0.575000, -0.060312, 0.338625
0.576000, -0.059976, 0.336739
0.577000, -0.059642, 0.334865
0.578000, -0.059310, 0.333000
0.579000, -0.058980, 0.331146
0.580000, -0.058652, 0.329303
0.581000, -0.058325, 0.327469
0.582000, -0.058000, 0.325646
0.583000, -0.057678, 0.323833
0.584000, -0.057356, 0.322030
0.585000, -0.057037, 0.320237
0.586000, -0.056720, 0.318455
0.587000, -0.056404, 0.316682
0.588000, -0.056090, 0.314918
0.589000, -0.055777, 0.313165
0.590000, -0.055467, 0.311422
0.591000, -0.055158, 0.309688
0.592000, -0.054851, 0.307964
0.593000, -0.054546, 0.306249
0.594000, -0.054242, 0.304544
0.595000, -0.053940, 0.302849
0.596000, -0.053640, 0.301163
0.597000, -0.053341, 0.299486
0.598000, -0.053044, 0.297818
0.599000, -0.052749, 0.296160
0.600000, -0.052455, 0.294512
0.601000, -0.052163, 0.292872
0.602000, -0.051872, 0.291241
0.603000, -0.051584, 0.289620
0.604000, -0.051296, 0.288007
0.605000, -0.051011, 0.286404
0.606000, -0.050727, 0.284809
0.607000, -0.050444, 0.283224
0.608000, -0.050163, 0.281647
0.609000, -0.049884, 0.280079
0.610000, -0.049606, 0.278520
0.611000, -0.049330, 0.276969
0.612000, -0.049056, 0.275427
0.613000, -0.048782, 0.273893
0.614000, -0.048511, 0.272369
0.615000, -0.048241, 0.270852
0.616000, -0.047972, 0.269344
0.617000, -0.047705, 0.267845
0.618000, -0.047439, 0.266353
0.619000, -0.047175, 0.264871
0.620000, -0.046913, 0.263396
0.621000, -0.046651, 0.261929
0.622000, -0.046392, 0.260471
0.623000, -0.046133, 0.259021
0.624000, -0.045877, 0.257579
0.625000, -0.045621, 0.256145
0.626000, -0.045367, 0.254719
0.627000, -0.045115, 0.253301
0.628000, -0.044863, 0.251890
0.629000, -0.044614, 0.250488
0.630000, -0.044365, 0.249093
0.631000, -0.044118, 0.247707
0.632000, -0.043873, 0.246328
0.633000, -0.043628, 0.244956
0.634000, -0.043385, 0.243592
0.635000, -0.043144, 0.242236
0.636000, -0.042904, 0.240888
0.637000, -0.042665, 0.239546
0.638000, -0.042427, 0.238213
0.639000, -0.042191, 0.236886
0.640000, -0.041956, 0.235568
0.641000, -0.041722, 0.234256
0.642000, -0.041490, 0.232952
0.643000, -0.041259, 0.231655
0.644000, -0.041029, 0.230365
0.645000, -0.040801, 0.229083
0.646000, -0.040574, 0.227807
0.647000, -0.040348, 0.226539
0.648000, -0.040123, 0.225278
0.649000, -0.039900, 0.224023
0.650000, -0.039678, 0.222776
0.651000, -0.039457, 0.221536
0.652000, -0.039237, 0.220302
0.653000, -0.039019, 0.219076
0.654000, -0.038801, 0.217856
0.655000, -0.038585, 0.216643
0.656000, -0.038371, 0.215437
0.657000, -0.038157, 0.214238
0.658000, -0.037944, 0.213045
0.659000, -0.037733, 0.211859
0.660000, -0.037523, 0.210679
0.661000, -0.037314, 0.209506
0.662000, -0.037106, 0.208340
0.663000, -0.036900, 0.207180
0.664000, -0.036694, 0.206026
0.665000, -0.036490, 0.204879
0.666000, -0.036287, 0.203739
0.667000, -0.036085, 0.202604
0.668000, -0.035884, 0.201476
0.669000, -0.035684, 0.200355
0.670000, -0.035485, 0.199239
0.671000, -0.035288, 0.198130
0.672000, -0.035091, 0.197027
0.673000, -0.034896, 0.195930
0.674000, -0.034702, 0.194839
0.675000, -0.034509, 0.193754
0.676000, -0.034316, 0.192676
0.677000, -0.034125, 0.191603
0.678000, -0.033935, 0.190536
0.679000, -0.033746, 0.189475
0.680000, -0.033558, 0.188420
0.681000, -0.033372, 0.187371
0.682000, -0.033186, 0.186328
0.683000, -0.033001, 0.185291
0.684000, -0.032817, 0.184259
0.685000, -0.032635, 0.183233
0.686000, -0.032453, 0.182213
0.687000, -0.032272, 0.181199
0.688000, -0.032093, 0.180190
0.689000, -0.031914, 0.179187
0.690000, -0.031736, 0.178189
0.691000, -0.031559, 0.177197
0.692000, -0.031384, 0.176210
0.693000, -0.031209, 0.175229
0.694000, -0.031035, 0.174254
0.695000, -0.030862, 0.173283
0.696000, -0.030691, 0.172319
0.697000, -0.030520, 0.171359
0.698000, -0.030350, 0.170405
0.699000, -0.030181, 0.169456
0.700000, -0.030013, 0.168513
0.701000, -0.029846, 0.167575
0.702000, -0.029679, 0.166642
0.703000, -0.029514, 0.165714
0.704000, -0.029350, 0.164791
0.705000, -0.029186, 0.163874
0.706000, -0.029024, 0.162962
0.707000, -0.028862, 0.162054
0.708000, -0.028702, 0.161152
0.709000, -0.028542, 0.160255
0.710000, -0.028383, 0.159363
0.711000, -0.028225, 0.158475
0.712000, -0.028068, 0.157593
0.713000, -0.027911, 0.156715
0.714000, -0.027756, 0.155843
0.715000, -0.027602, 0.154975
0.716000, -0.027448, 0.154112
0.717000, -0.027295, 0.153254
0.718000, -0.027143, 0.152401
0.719000, -0.026992, 0.151553
0.720000, -0.026842, 0.150709
0.721000, -0.026692, 0.149870
0.722000, -0.026544, 0.149035
0.723000, -0.026396, 0.148206
0.724000, -0.026249, 0.147380
0.725000, -0.026103, 0.146560
0.726000, -0.025957, 0.145744
0.727000, -0.025813, 0.144932
0.728000, -0.025669, 0.144125
0.729000, -0.025526, 0.143323
0.730000, -0.025384, 0.142525
0.731000, -0.025243, 0.141732
0.732000, -0.025102, 0.140942
0.733000, -0.024962, 0.140158
0.734000, -0.024823, 0.139377
0.735000, -0.024685, 0.138601
0.736000, -0.024548, 0.137830
0.737000, -0.024411, 0.137062
0.738000, -0.024275, 0.136299
0.739000, -0.024140, 0.135540
0.740000, -0.024006, 0.134786
0.741000, -0.023872, 0.134035
0.742000, -0.023739, 0.133289
0.743000, -0.023607, 0.132547
0.744000, -0.023475, 0.131809
0.745000, -0.023345, 0.131075
0.746000, -0.023215, 0.130345
0.747000, -0.023085, 0.129619
0.748000, -0.022957, 0.128898
0.749000, -0.022829, 0.128180
0.750000, -0.022702, 0.127466
0.751000, -0.022576, 0.126757
0.752000, -0.022450, 0.126051
0.753000, -0.022325, 0.125349
0.754000, -0.022201, 0.124651
0.755000, -0.022077, 0.123957
0.756000, -0.021954, 0.123267
0.757000, -0.021832, 0.122581
0.758000, -0.021710, 0.121898
0.759000, -0.021589, 0.121220
0.760000, -0.021469, 0.120545
0.761000, -0.021350, 0.119873
0.762000, -0.021231, 0.119206
0.763000, -0.021113, 0.118542
0.764000, -0.020995, 0.117882
0.765000, -0.020878, 0.117226
0.766000, -0.020762, 0.116573
0.767000, -0.020646, 0.115924
0.768000, -0.020531, 0.115279
0.769000, -0.020417, 0.114637
0.770000, -0.020303, 0.113999
0.771000, -0.020190, 0.113364
0.772000, -0.020078, 0.112733
0.773000, -0.019966, 0.112105
0.774000, -0.019855, 0.111481
0.775000, -0.019744, 0.110860
0.776000, -0.019634, 0.110243
0.777000, -0.019525, 0.109629
0.778000, -0.019416, 0.109019
0.779000, -0.019308, 0.108412
0.780000, -0.019201, 0.107808
0.781000, -0.019094, 0.107208
0.782000, -0.018987, 0.106611
0.783000, -0.018882, 0.106017
0.784000, -0.018777, 0.105427
0.785000, -0.018672, 0.104840
0.786000, -0.018568, 0.104256
0.787000, -0.018465, 0.103676
0.788000, -0.018362, 0.103099
0.789000, -0.018260, 0.102525
0.790000, -0.018158, 0.101954
0.791000, -0.018057, 0.101386
0.792000, -0.017956, 0.100822
0.793000, -0.017856, 0.100260
0.794000, -0.017757, 0.099702
0.795000, -0.017658, 0.099147
0.796000, -0.017560, 0.098595
0.797000, -0.017462, 0.098046
0.798000, -0.017365, 0.097500
0.799000, -0.017268, 0.096957
0.800000, -0.017172, 0.096417
0.801000, -0.017076, 0.095880
0.802000, -0.016981, 0.095347
0.803000, -0.016887, 0.094816
0.804000, -0.016793, 0.094288
0.805000, -0.016699, 0.093763
0.806000, -0.016606, 0.093241
0.807000, -0.016514, 0.092722
0.808000, -0.016422, 0.092205
0.809000, -0.016330, 0.091692
0.810000, -0.016239, 0.091181
0.811000, -0.016149, 0.090674
0.812000, -0.016059, 0.090169
0.813000, -0.015970, 0.089667
0.814000, -0.015881, 0.089168
0.815000, -0.015792, 0.088671
0.816000, -0.015704, 0.088177
0.817000, -0.015617, 0.087686
0.818000, -0.015530, 0.087198
0.819000, -0.015444, 0.086713
0.820000, -0.015358, 0.086230
0.821000, -0.015272, 0.085750
0.822000, -0.015187, 0.085272
0.823000, -0.015102, 0.084797
0.824000, -0.015018, 0.084325
0.825000, -0.014935, 0.083856
0.826000, -0.014852, 0.083389
0.827000, -0.014769, 0.082925
0.828000, -0.014687, 0.082463
0.829000, -0.014605, 0.082004
0.830000, -0.014524, 0.081547
0.831000, -0.014443, 0.081093
0.832000, -0.014362, 0.080642
0.833000, -0.014282, 0.080193
0.834000, -0.014203, 0.079746
0.835000, -0.014124, 0.079302
0.836000, -0.014045, 0.078860
0.837000, -0.013967, 0.078421
0.838000, -0.013889, 0.077985
0.839000, -0.013812, 0.077550
0.840000, -0.013735, 0.077119
0.841000, -0.013658, 0.076689
0.842000, -0.013582, 0.076262
0.843000, -0.013507, 0.075838
0.844000, -0.013432, 0.075415
0.845000, -0.013357, 0.074995
0.846000, -0.013282, 0.074578
0.847000, -0.013208, 0.074163
0.848000, -0.013135, 0.073750
0.849000, -0.013062, 0.073339
0.850000, -0.012989, 0.072931
0.851000, -0.012917, 0.072525
0.852000, -0.012845, 0.072121
0.853000, -0.012773, 0.071719
0.854000, -0.012702, 0.071320
0.855000, -0.012631, 0.070923
0.856000, -0.012561, 0.070528
0.857000, -0.012491, 0.070135
0.858000, -0.012422, 0.069745
0.859000, -0.012352, 0.069356
0.860000, -0.012284, 0.068970
0.861000, -0.012215, 0.068586
0.862000, -0.012147, 0.068204
0.863000, -0.012080, 0.067824
0.864000, -0.012012, 0.067447
0.865000, -0.011945, 0.067071
0.866000, -0.011879, 0.066698
0.867000, -0.011813, 0.066326
0.868000, -0.011747, 0.065957
0.869000, -0.011682, 0.065590
0.870000, -0.011617, 0.065225
0.871000, -0.011552, 0.064861
0.872000, -0.011488, 0.064500
0.873000, -0.011424, 0.064141
0.874000, -0.011360, 0.063784
0.875000, -0.011297, 0.063429
0.876000, -0.011234, 0.063076
0.877000, -0.011171, 0.062724
0.878000, -0.011109, 0.062375
0.879000, -0.011047, 0.062028
0.880000, -0.010986, 0.061682
0.881000, -0.010925, 0.061339
0.882000, -0.010864, 0.060997
0.883000, -0.010803, 0.060658
0.884000, -0.010743, 0.060320
0.885000, -0.010683, 0.059984
0.886000, -0.010624, 0.059650
0.887000, -0.010565, 0.059318
0.888000, -0.010506, 0.058988
0.889000, -0.010447, 0.058659
0.890000, -0.010389, 0.058332
0.891000, -0.010331, 0.058008
0.892000, -0.010274, 0.057685
0.893000, -0.010217, 0.057363
0.894000, -0.010160, 0.057044
0.895000, -0.010103, 0.056726
0.896000, -0.010047, 0.056411
0.897000, -0.009991, 0.056096
0.898000, -0.009935, 0.055784
0.899000, -0.009880, 0.055473
0.900000, -0.009825, 0.055165
0.901000, -0.009770, 0.054857
0.902000, -0.009716, 0.054552
0.903000, -0.009662, 0.054248
0.904000, -0.009608, 0.053946
0.905000, -0.009555, 0.053646
0.906000, -0.009501, 0.053347
0.907000, -0.009448, 0.053050
0.908000, -0.009396, 0.052754
0.909000, -0.009344, 0.052461
0.910000, -0.009292, 0.052169
0.911000, -0.009240, 0.051878
0.912000, -0.009188, 0.051589
0.913000, -0.009137, 0.051302
0.914000, -0.009086, 0.051016
0.915000, -0.009036, 0.050732
0.916000, -0.008985, 0.050450
0.917000, -0.008935, 0.050169
0.918000, -0.008886, 0.049889
0.919000, -0.008836, 0.049612
0.920000, -0.008787, 0.049335
0.921000, -0.008738, 0.049061
0.922000, -0.008689, 0.048787
0.923000, -0.008641, 0.048516
0.924000, -0.008593, 0.048246
0.925000, -0.008545, 0.047977
0.926000, -0.008497, 0.047710
0.927000, -0.008450, 0.047444
0.928000, -0.008403, 0.047180
0.929000, -0.008356, 0.046917
0.930000, -0.008310, 0.046656
0.931000, -0.008264, 0.046396
0.932000, -0.008218, 0.046138
0.933000, -0.008172, 0.045881
0.934000, -0.008126, 0.045625
0.935000, -0.008081, 0.045371
0.936000, -0.008036, 0.045119
0.937000, -0.007991, 0.044867
0.938000, -0.007947, 0.044617
0.939000, -0.007903, 0.044369
0.940000, -0.007859, 0.044122
0.941000, -0.007815, 0.043876
0.942000, -0.007771, 0.043632
0.943000, -0.007728, 0.043389
0.944000, -0.007685, 0.043147
0.945000, -0.007642, 0.042907
0.946000, -0.007600, 0.042668
0.947000, -0.007557, 0.042431
0.948000, -0.007515, 0.042194
0.949000, -0.007473, 0.041959
0.950000, -0.007432, 0.041726
0.951000, -0.007390, 0.041493
0.952000, -0.007349, 0.041262
0.953000, -0.007308, 0.041032
0.954000, -0.007268, 0.040804
0.955000, -0.007227, 0.040577
0.956000, -0.007187, 0.040351
0.957000, -0.007147, 0.040126
0.958000, -0.007107, 0.039903
0.959000, -0.007068, 0.039680
0.960000, -0.007028, 0.039459
0.961000, -0.006989, 0.039240
0.962000, -0.006950, 0.039021
0.963000, -0.006912, 0.038804
0.964000, -0.006873, 0.038588
0.965000, -0.006835, 0.038373
0.966000, -0.006797, 0.038159
0.967000, -0.006759, 0.037947
0.968000, -0.006721, 0.037735
0.969000, -0.006684, 0.037525
0.970000, -0.006647, 0.037316
0.971000, -0.006610, 0.037108
0.972000, -0.006573, 0.036902
0.973000, -0.006536, 0.036696
0.974000, -0.006500, 0.036492
0.975000, -0.006464, 0.036289
0.976000, -0.006428, 0.036087
0.977000, -0.006392, 0.035886
0.978000, -0.006356, 0.035686
0.979000, -0.006321, 0.035487
0.980000, -0.006286, 0.035289
0.981000, -0.006251, 0.035093
0.982000, -0.006216, 0.034897
0.983000, -0.006181, 0.034703
0.984000, -0.006147, 0.034510
0.985000, -0.006113, 0.034318
0.986000, -0.006079, 0.034126
0.987000, -0.006045, 0.033936
0.988000, -0.006011, 0.033747
0.989000, -0.005978, 0.033559
0.990000, -0.005944, 0.033373
0.991000, -0.005911, 0.033187
0.992000, -0.005878, 0.033002
0.993000, -0.005846, 0.032818
0.994000, -0.005813, 0.032635
0.995000, -0.005781, 0.032454
0.996000, -0.005749, 0.032273
0.997000, -0.005717, 0.032093
0.998000, -0.005685, 0.031914
0.999000, -0.005653, 0.031737
1.000000, 1.494378, 0.031560
1.001000, 1.480156, -9.471297
1.002000, 1.472730, -8.107732
1.003000, 1.464418, -8.243379
1.004000, 1.456281, -8.172552
1.005000, 1.448172, -8.130487
1.006000, 1.440110, -8.084746
1.007000, 1.432093, -8.039798
1.008000, 1.424120, -7.995027
1.009000, 1.416192, -7.950515
1.010000, 1.408308, -7.906250
1.011000, 1.400467, -7.862232
1.012000, 1.392671, -7.818459
1.013000, 1.384918, -7.774929
1.014000, 1.377208, -7.731643
1.015000, 1.369541, -7.688598
1.016000, 1.361916, -7.645792
1.017000, 1.354334, -7.603225
1.018000, 1.346795, -7.560895
1.019000, 1.339297, -7.518801
1.020000, 1.331841, -7.476942
1.021000, 1.324426, -7.435315
1.022000, 1.317053, -7.393921
1.023000, 1.309721, -7.352757
1.024000, 1.302430, -7.311823
1.025000, 1.295179, -7.271116
1.026000, 1.287968, -7.230637
1.027000, 1.280798, -7.190383
1.028000, 1.273668, -7.150353
1.029000, 1.266577, -7.110546
1.030000, 1.259526, -7.070960
1.031000, 1.252514, -7.031596
1.032000, 1.245541, -6.992450
1.033000, 1.238607, -6.953523
1.034000, 1.231712, -6.914812
1.035000, 1.224855, -6.876317
1.036000, 1.218036, -6.838037
1.037000, 1.211255, -6.799969
1.038000, 1.204512, -6.762114
1.039000, 1.197806, -6.724469
1.040000, 1.191138, -6.687034
1.041000, 1.184506, -6.649808
1.042000, 1.177912, -6.612789
1.043000, 1.171355, -6.575976
1.044000, 1.164834, -6.539368
1.045000, 1.158349, -6.502964
1.046000, 1.151900, -6.466763
1.047000, 1.145487, -6.430763
1.048000, 1.139110, -6.394964
1.049000, 1.132769, -6.359364
1.050000, 1.126462, -6.323962
1.051000, 1.120191, -6.288758
1.052000, 1.113955, -6.253749
1.053000, 1.107754, -6.218936
1.054000, 1.101586, -6.184316
1.055000, 1.095454, -6.149889
1.056000, 1.089355, -6.115654
1.057000, 1.083291, -6.081609
1.058000, 1.077260, -6.047754
1.059000, 1.071263, -6.014088
1.060000, 1.065299, -5.980609
1.061000, 1.059368, -5.947316
1.062000, 1.053470, -5.914209
1.063000, 1.047606, -5.881286
1.064000, 1.041773, -5.848546
1.065000, 1.035974, -5.815988
1.066000, 1.030206, -5.783612
1.067000, 1.024471, -5.751416
1.068000, 1.018768, -5.719400
1.069000, 1.013096, -5.687561
1.070000, 1.007456, -5.655900
1.071000, 1.001847, -5.624415
1.072000, 0.996270, -5.593106
1.073000, 0.990723, -5.561970
1.074000, 0.985208, -5.531008
1.075000, 0.979723, -5.500219
1.076000, 0.974269, -5.469601
1.077000, 0.968845, -5.439153
1.078000, 0.963451, -5.408875
1.079000, 0.958087, -5.378765
1.080000, 0.952753, -5.348823
1.081000, 0.947449, -5.319047
1.082000, 0.942175, -5.289438
1.083000, 0.936929, -5.259993
1.084000, 0.931713, -5.230712
1.085000, 0.926526, -5.201594
1.086000, 0.921368, -5.172638
1.087000, 0.916239, -5.143844
1.088000, 0.911138, -5.115209
1.089000, 0.906065, -5.086735
1.090000, 0.901021, -5.058418
1.091000, 0.896005, -5.030259
1.092000, 0.891017, -5.002257
1.093000, 0.886056, -4.974411
1.094000, 0.881123, -4.946720
1.095000, 0.876218, -4.919183
1.096000, 0.871340, -4.891799
1.097000, 0.866489, -4.864568
1.098000, 0.861665, -4.837488
1.099000, 0.856868, -4.810559
1.100000, 0.852097, -4.783780
1.101000, 0.847354, -4.757150
1.102000, 0.842636, -4.730668
1.103000, 0.837945, -4.704333
1.104000, 0.833280, -4.678146
1.105000, 0.828641, -4.652104
1.106000, 0.824028, -4.626206
1.107000, 0.819440, -4.600453
1.108000, 0.814878, -4.574844
1.109000, 0.810341, -4.549377
1.110000, 0.805830, -4.524051
1.111000, 0.801344, -4.498867
1.112000, 0.796882, -4.473823
1.113000, 0.792446, -4.448918
1.114000, 0.788034, -4.424152
1.115000, 0.783647, -4.399524
1.116000, 0.779284, -4.375032
1.117000, 0.774946, -4.350678
1.118000, 0.770631, -4.326458
1.119000, 0.766341, -4.302374
1.120000, 0.762074, -4.278423
1.121000, 0.757832, -4.254606
1.122000, 0.753613, -4.230921
1.123000, 0.749417, -4.207369
1.124000, 0.745245, -4.183947
1.125000, 0.741096, -4.160656
1.126000, 0.736970, -4.137494
1.127000, 0.732867, -4.114461
1.128000, 0.728787, -4.091557
1.129000, 0.724729, -4.068780
1.130000, 0.720695, -4.046129
1.131000, 0.716682, -4.023605
1.132000, 0.712692, -4.001206
1.133000, 0.708725, -3.978932
1.134000, 0.704779, -3.956782
1.135000, 0.700855, -3.934755
1.136000, 0.696953, -3.912851
1.137000, 0.693073, -3.891069
1.138000, 0.689214, -3.869407
1.139000, 0.685377, -3.847867
1.140000, 0.681562, -3.826446
1.141000, 0.677767, -3.805145
1.142000, 0.673994, -3.783962
1.143000, 0.670241, -3.762897
1.144000, 0.666510, -3.741949
1.145000, 0.662799, -3.721118
1.146000, 0.659109, -3.700403
1.147000, 0.655440, -3.679803
1.148000, 0.651791, -3.659318
1.149000, 0.648162, -3.638947
1.150000, 0.644553, -3.618689
1.151000, 0.640965, -3.598544
1.152000, 0.637396, -3.578511
1.153000, 0.633848, -3.558590
1.154000, 0.630319, -3.538779
1.155000, 0.626810, -3.519079
1.156000, 0.623320, -3.499488
1.157000, 0.619850, -3.480007
1.158000, 0.616399, -3.460633
1.159000, 0.612967, -3.441368
1.160000, 0.609554, -3.422210
1.161000, 0.606161, -3.403159
1.162000, 0.602786, -3.384213
1.163000, 0.599430, -3.365373
1.164000, 0.596093, -3.346638
1.165000, 0.592774, -3.328008
1.166000, 0.589474, -3.309481
1.167000, 0.586192, -3.291057
1.168000, 0.582928, -3.272735
1.169000, 0.579683, -3.254516
1.170000, 0.576456, -3.236398
1.171000, 0.573246, -3.218381
1.172000, 0.570055, -3.200464
1.173000, 0.566881, -3.182647
1.174000, 0.563725, -3.164929
1.175000, 0.560586, -3.147309
1.176000, 0.557465, -3.129788
1.177000, 0.554362, -3.112364
1.178000, 0.551275, -3.095038
1.179000, 0.548206, -3.077807
1.180000, 0.545154, -3.060673
1.181000, 0.542119, -3.043634
1.182000, 0.539101, -3.026690
1.183000, 0.536099, -3.009840
1.184000, 0.533115, -2.993084
1.185000, 0.530147, -2.976421
1.186000, 0.527195, -2.959851
1.187000, 0.524260, -2.943373
1.188000, 0.521341, -2.926987
1.189000, 0.518438, -2.910692
1.190000, 0.515552, -2.894488
1.191000, 0.512682, -2.878374
1.192000, 0.509827, -2.862350
1.193000, 0.506989, -2.846415
1.194000, 0.504166, -2.830568
1.195000, 0.501359, -2.814810
1.196000, 0.498568, -2.799139
1.197000, 0.495792, -2.783556
1.198000, 0.493032, -2.768060
1.199000, 0.490287, -2.752650
1.200000, 0.487557, -2.737325
1.201000, 0.484843, -2.722086
1.202000, 0.482144, -2.706932
1.203000, 0.479459, -2.691862
1.204000, 0.476790, -2.676876
1.205000, 0.474135, -2.661973
1.206000, 0.471496, -2.647153
1.207000, 0.468871, -2.632416
1.208000, 0.466260, -2.617761
1.209000, 0.463664, -2.603187
1.210000, 0.461083, -2.588695
1.211000, 0.458516, -2.574283
1.212000, 0.455963, -2.559951
1.213000, 0.453424, -2.545700
1.214000, 0.450900, -2.531527
1.215000, 0.448390, -2.517433
1.216000, 0.445893, -2.503418
1.217000, 0.443411, -2.489481
1.218000, 0.440942, -2.475622
1.219000, 0.438487, -2.461839
1.220000, 0.436046, -2.448134
1.221000, 0.433618, -2.434504
1.222000, 0.431204, -2.420951
1.223000, 0.428803, -2.407473
1.224000, 0.426416, -2.394070
1.225000, 0.424042, -2.380741
1.226000, 0.421681, -2.367487
1.227000, 0.419333, -2.354307
1.228000, 0.416998, -2.341200
1.229000, 0.414677, -2.328166
1.230000, 0.412368, -2.315204
1.231000, 0.410072, -2.302315
1.232000, 0.407789, -2.289497
1.233000, 0.405519, -2.276751
1.234000, 0.403261, -2.264075
1.235000, 0.401016, -2.251471
1.236000, 0.398783, -2.238936
1.237000, 0.396563, -2.226471
1.238000, 0.394355, -2.214076
1.239000, 0.392159, -2.201749
1.240000, 0.389976, -2.189491
1.241000, 0.387805, -2.177302
1.242000, 0.385646, -2.165180
1.243000, 0.383499, -2.153126
1.244000, 0.381364, -2.141139
1.245000, 0.379240, -2.129218
1.246000, 0.377129, -2.117364
1.247000, 0.375029, -2.105576
1.248000, 0.372941, -2.093854
1.249000, 0.370865, -2.082197
1.250000, 0.368800, -2.070604
1.251000, 0.366747, -2.059077
1.252000, 0.364705, -2.047613
1.253000, 0.362674, -2.036213
1.254000, 0.360655, -2.024877
1.255000, 0.358647, -2.013604
1.256000, 0.356650, -2.002393
1.257000, 0.354665, -1.991245
1.258000, 0.352690, -1.980159
1.259000, 0.350726, -1.969135
1.260000, 0.348774, -1.958172
1.261000, 0.346832, -1.947270
1.262000, 0.344901, -1.936429
1.263000, 0.342981, -1.925648
1.264000, 0.341071, -1.914927
1.265000, 0.339172, -1.904266
1.266000, 0.337284, -1.893665
1.267000, 0.335406, -1.883122
1.268000, 0.333538, -1.872638
1.269000, 0.331681, -1.862212
1.270000, 0.329835, -1.851844
1.271000, 0.327998, -1.841534
1.272000, 0.326172, -1.831282
1.273000, 0.324356, -1.821086
1.274000, 0.322550, -1.810948
1.275000, 0.320755, -1.800865
1.276000, 0.318969, -1.790839
1.277000, 0.317193, -1.780869
1.278000, 0.315427, -1.770954
1.279000, 0.313671, -1.761094
1.280000, 0.311924, -1.751290
1.281000, 0.310188, -1.741539
1.282000, 0.308461, -1.731844
1.283000, 0.306743, -1.722202
1.284000, 0.305035, -1.712613
1.285000, 0.303337, -1.703079
1.286000, 0.301648, -1.693597
1.287000, 0.299969, -1.684168
1.288000, 0.298299, -1.674791
1.289000, 0.296638, -1.665467
1.290000, 0.294986, -1.656195
1.291000, 0.293344, -1.646974
1.292000, 0.291711, -1.637805
1.293000, 0.290087, -1.628686
1.294000, 0.288472, -1.619619
1.295000, 0.286866, -1.610601
1.296000, 0.285268, -1.601634
1.297000, 0.283680, -1.592717
1.298000, 0.282101, -1.583850
1.299000, 0.280530, -1.575032
1.300000, 0.278968, -1.566263
1.301000, 0.277415, -1.557543
1.302000, 0.275870, -1.548871
1.303000, 0.274335, -1.540248
1.304000, 0.272807, -1.531673
1.305000, 0.271288, -1.523145
1.306000, 0.269778, -1.514665
1.307000, 0.268276, -1.506232
1.308000, 0.266782, -1.497847
1.309000, 0.265297, -1.489507
1.310000, 0.263820, -1.481214
1.311000, 0.262351, -1.472968
1.312000, 0.260890, -1.464767
1.313000, 0.259438, -1.456612
1.314000, 0.257993, -1.448502
1.315000, 0.256557, -1.440438
1.316000, 0.255128, -1.432418
1.317000, 0.253708, -1.424443
1.318000, 0.252295, -1.416513
1.319000, 0.250891, -1.408626
1.320000, 0.249494, -1.400784
1.321000, 0.248105, -1.392985
1.322000, 0.246723, -1.385229
1.323000, 0.245350, -1.377517
1.324000, 0.243984, -1.369848
1.325000, 0.242625, -1.362221
1.326000, 0.241275, -1.354637
1.327000, 0.239931, -1.347095
1.328000, 0.238595, -1.339595
1.329000, 0.237267, -1.332137
1.330000, 0.235946, -1.324720
1.331000, 0.234632, -1.317345
1.332000, 0.233326, -1.310011
1.333000, 0.232027, -1.302717
1.334000, 0.230735, -1.295464
1.335000, 0.229450, -1.288252
1.336000, 0.228173, -1.281079
1.337000, 0.226903, -1.273947
1.338000, 0.225639, -1.266854
1.339000, 0.224383, -1.259801
1.340000, 0.223134, -1.252787
1.341000, 0.221891, -1.245812
1.342000, 0.220656, -1.238876
1.343000, 0.219427, -1.231978
1.344000, 0.218206, -1.225119
1.345000, 0.216991, -1.218298
1.346000, 0.215783, -1.211516
1.347000, 0.214581, -1.204770
1.348000, 0.213387, -1.198063
1.349000, 0.212199, -1.191393
1.350000, 0.211017, -1.184759
1.351000, 0.209842, -1.178163
1.352000, 0.208674, -1.171604
1.353000, 0.207512, -1.165081
1.354000, 0.206357, -1.158594
1.355000, 0.205208, -1.152144
1.356000, 0.204065, -1.145729
1.357000, 0.202929, -1.139350
1.358000, 0.201799, -1.133007
1.359000, 0.200676, -1.126699
1.360000, 0.199558, -1.120426
1.361000, 0.198447, -1.114188
1.362000, 0.197343, -1.107984
1.363000, 0.196244, -1.101816
1.364000, 0.195151, -1.095681
1.365000, 0.194065, -1.089581
1.366000, 0.192984, -1.083515
1.367000, 0.191910, -1.077482
1.368000, 0.190841, -1.071483
1.369000, 0.189779, -1.065518
1.370000, 0.188722, -1.059585
1.371000, 0.187671, -1.053686
1.372000, 0.186626, -1.047820
1.373000, 0.185587, -1.041986
1.374000, 0.184554, -1.036184
1.375000, 0.183527, -1.030415
1.376000, 0.182505, -1.024678
1.377000, 0.181489, -1.018973
1.378000, 0.180478, -1.013300
1.379000, 0.179473, -1.007659
1.380000, 0.178474, -1.002048
1.381000, 0.177480, -0.996469
1.382000, 0.176492, -0.990922
1.383000, 0.175510, -0.985405
1.384000, 0.174532, -0.979918
1.385000, 0.173561, -0.974462
1.386000, 0.172594, -0.969037
1.387000, 0.171633, -0.963642
1.388000, 0.170678, -0.958277
1.389000, 0.169728, -0.952941
1.390000, 0.168783, -0.947636
1.391000, 0.167843, -0.942360
1.392000, 0.166908, -0.937113
1.393000, 0.165979, -0.931896
1.394000, 0.165055, -0.926707
1.395000, 0.164136, -0.921548
1.396000, 0.163222, -0.916417
1.397000, 0.162313, -0.911315
1.398000, 0.161410, -0.906241
1.399000, 0.160511, -0.901195
1.400000, 0.159617, -0.896178
1.401000, 0.158729, -0.891188
1.402000, 0.157845, -0.886226
1.403000, 0.156966, -0.881292
1.404000, 0.156092, -0.876386
1.405000, 0.155223, -0.871506
1.406000, 0.154359, -0.866654
1.407000, 0.153499, -0.861829
1.408000, 0.152645, -0.857031
1.409000, 0.151795, -0.852259
1.410000, 0.150950, -0.847514
1.411000, 0.150109, -0.842795
1.412000, 0.149274, -0.838103
1.413000, 0.148442, -0.833437
1.414000, 0.147616, -0.828797
1.415000, 0.146794, -0.824182
1.416000, 0.145977, -0.819593
1.417000, 0.145164, -0.815030
1.418000, 0.144356, -0.810492
1.419000, 0.143552, -0.805980
1.420000, 0.142753, -0.801493
1.421000, 0.141958, -0.797030
1.422000, 0.141168, -0.792593
1.423000, 0.140382, -0.788180
1.424000, 0.139600, -0.783791
1.425000, 0.138823, -0.779428
1.426000, 0.138050, -0.775088
1.427000, 0.137281, -0.770773
1.428000, 0.136517, -0.766481
1.429000, 0.135757, -0.762214
1.430000, 0.135001, -0.757970
1.431000, 0.134249, -0.753750
1.432000, 0.133502, -0.749553
1.433000, 0.132759, -0.745380
1.434000, 0.132020, -0.741230
1.435000, 0.131285, -0.737103
1.436000, 0.130554, -0.732999
1.437000, 0.129827, -0.728918
1.438000, 0.129104, -0.724860
1.439000, 0.128385, -0.720824
1.440000, 0.127670, -0.716811
1.441000, 0.126959, -0.712820
1.442000, 0.126253, -0.708851
1.443000, 0.125550, -0.704905
1.444000, 0.124851, -0.700980
1.445000, 0.124155, -0.697077
1.446000, 0.123464, -0.693196
1.447000, 0.122777, -0.689337
1.448000, 0.122093, -0.685499
1.449000, 0.121413, -0.681682
1.450000, 0.120737, -0.677887
1.451000, 0.120065, -0.674113
1.452000, 0.119397, -0.670359
1.453000, 0.118732, -0.666627
1.454000, 0.118071, -0.662916
1.455000, 0.117414, -0.659225
1.456000, 0.116760, -0.655554
1.457000, 0.116110, -0.651904
1.458000, 0.115463, -0.648275
1.459000, 0.114820, -0.644666
1.460000, 0.114181, -0.641076
1.461000, 0.113545, -0.637507
1.462000, 0.112913, -0.633958
1.463000, 0.112285, -0.630428
1.464000, 0.111659, -0.626918
1.465000, 0.111038, -0.623428
1.466000, 0.110420, -0.619956
1.467000, 0.109805, -0.616505
1.468000, 0.109193, -0.613072
1.469000, 0.108585, -0.609659
1.470000, 0.107981, -0.606265
1.471000, 0.107380, -0.602889
1.472000, 0.106782, -0.599532
1.473000, 0.106187, -0.596194
1.474000, 0.105596, -0.592875
1.475000, 0.105008, -0.589574
1.476000, 0.104424, -0.586292
1.477000, 0.103842, -0.583027
1.478000, 0.103264, -0.579781
1.479000, 0.102689, -0.576553
1.480000, 0.102117, -0.573343
1.481000, 0.101549, -0.570151
1.482000, 0.100983, -0.566977
1.483000, 0.100421, -0.563820
1.484000, 0.099862, -0.560681
1.485000, 0.099306, -0.557559
1.486000, 0.098753, -0.554455
1.487000, 0.098203, -0.551368
1.488000, 0.097656, -0.548298
1.489000, 0.097113, -0.545245
1.490000, 0.096572, -0.542209
1.491000, 0.096034, -0.539191
1.492000, 0.095500, -0.536189
1.493000, 0.094968, -0.533203
1.494000, 0.094439, -0.530235
1.495000, 0.093913, -0.527282
1.496000, 0.093391, -0.524347
1.497000, 0.092871, -0.521427
1.498000, 0.092354, -0.518524
1.499000, 0.091839, -0.515637
1.500000, 0.091328, -0.512766
1.501000, 0.090820, -0.509911
1.502000, 0.090314, -0.507072
1.503000, 0.089811, -0.504249
1.504000, 0.089311, -0.501442
1.505000, 0.088814, -0.498650
1.506000, 0.088319, -0.495874
1.507000, 0.087828, -0.493113
1.508000, 0.087339, -0.490367
1.509000, 0.086852, -0.487637
1.510000, 0.086369, -0.484922
1.511000, 0.085888, -0.482222
1.512000, 0.085410, -0.479537
1.513000, 0.084934, -0.476867
1.514000, 0.084461, -0.474212
1.515000, 0.083991, -0.471572
1.516000, 0.083523, -0.468947
1.517000, 0.083058, -0.466336
1.518000, 0.082596, -0.463739
1.519000, 0.082136, -0.461157
1.520000, 0.081679, -0.458590
1.521000, 0.081224, -0.456036
1.522000, 0.080772, -0.453497
1.523000, 0.080322, -0.450972
1.524000, 0.079875, -0.448462
1.525000, 0.079430, -0.445965
1.526000, 0.078988, -0.443482
1.527000, 0.078548, -0.441013
1.528000, 0.078111, -0.438557
1.529000, 0.077676, -0.436115
1.530000, 0.077243, -0.433687
1.531000, 0.076813, -0.431273
1.532000, 0.076386, -0.428871
1.533000, 0.075960, -0.426484
1.534000, 0.075537, -0.424109
1.535000, 0.075117, -0.421748
1.536000, 0.074699, -0.419400
1.537000, 0.074283, -0.417065
1.538000, 0.073869, -0.414742
1.539000, 0.073458, -0.412433
1.540000, 0.073049, -0.410137
1.541000, 0.072642, -0.407854
1.542000, 0.072238, -0.405583
1.543000, 0.071835, -0.403325
1.544000, 0.071436, -0.401079
1.545000, 0.071038, -0.398846
1.546000, 0.070642, -0.396625
1.547000, 0.070249, -0.394417
1.548000, 0.069858, -0.392221
1.549000, 0.069469, -0.390037
1.550000, 0.069082, -0.387866
1.551000, 0.068698, -0.385706
1.552000, 0.068315, -0.383559
1.553000, 0.067935, -0.381423
1.554000, 0.067556, -0.379299
1.555000, 0.067180, -0.377188
1.556000, 0.066806, -0.375088
1.557000, 0.066434, -0.372999
1.558000, 0.066064, -0.370922
1.559000, 0.065697, -0.368857
1.560000, 0.065331, -0.366804
1.561000, 0.064967, -0.364761
1.562000, 0.064605, -0.362731
1.563000, 0.064246, -0.360711
1.564000, 0.063888, -0.358703
1.565000, 0.063532, -0.356705
1.566000, 0.063179, -0.354719
1.567000, 0.062827, -0.352744
1.568000, 0.062477, -0.350781
1.569000, 0.062129, -0.348827
1.570000, 0.061783, -0.346885
1.571000, 0.061439, -0.344954
1.572000, 0.061097, -0.343033
1.573000, 0.060757, -0.341123
1.574000, 0.060419, -0.339224
1.575000, 0.060082, -0.337336
1.576000, 0.059748, -0.335457
1.577000, 0.059415, -0.333590
1.578000, 0.059084, -0.331732
1.579000, 0.058755, -0.329885
1.580000, 0.058428, -0.328049
1.581000, 0.058103, -0.326222
1.582000, 0.057779, -0.324406
1.583000, 0.057458, -0.322600
1.584000, 0.057138, -0.320804
1.585000, 0.056820, -0.319017
1.586000, 0.056503, -0.317241
1.587000, 0.056189, -0.315475
1.588000, 0.055876, -0.313718
1.589000, 0.055565, -0.311972
1.590000, 0.055255, -0.310235
1.591000, 0.054948, -0.308507
1.592000, 0.054642, -0.306790
1.593000, 0.054338, -0.305082
1.594000, 0.054035, -0.303383
1.595000, 0.053734, -0.301694
1.596000, 0.053435, -0.300014
1.597000, 0.053138, -0.298344
1.598000, 0.052842, -0.296683
1.599000, 0.052548, -0.295031
1.600000, 0.052255, -0.293388
1.601000, 0.051964, -0.291755
1.602000, 0.051675, -0.290130
1.603000, 0.051387, -0.288515
1.604000, 0.051101, -0.286909
1.605000, 0.050816, -0.285311
1.606000, 0.050533, -0.283723
1.607000, 0.050252, -0.282143
1.608000, 0.049972, -0.280572
1.609000, 0.049694, -0.279010
1.610000, 0.049417, -0.277457
1.611000, 0.049142, -0.275912
1.612000, 0.048869, -0.274376
1.613000, 0.048597, -0.272848
1.614000, 0.048326, -0.271329
1.615000, 0.048057, -0.269818
1.616000, 0.047789, -0.268316
1.617000, 0.047523, -0.266822
1.618000, 0.047259, -0.265336
1.619000, 0.046996, -0.263859
1.620000, 0.046734, -0.262390
1.621000, 0.046474, -0.260929
1.622000, 0.046215, -0.259476
1.623000, 0.045958, -0.258032
1.624000, 0.045702, -0.256595
1.625000, 0.045447, -0.255166
1.626000, 0.045194, -0.253746
1.627000, 0.044943, -0.252333
1.628000, 0.044692, -0.250928
1.629000, 0.044444, -0.249531
1.630000, 0.044196, -0.248141
1.631000, 0.043950, -0.246760
1.632000, 0.043705, -0.245386
1.633000, 0.043462, -0.244020
1.634000, 0.043220, -0.242661
1.635000, 0.042979, -0.241310
1.636000, 0.042740, -0.239967
1.637000, 0.042502, -0.238630
1.638000, 0.042266, -0.237302
1.639000, 0.042030, -0.235981
1.640000, 0.041796, -0.234667
1.641000, 0.041564, -0.233360
1.642000, 0.041332, -0.232061
1.643000, 0.041102, -0.230769
1.644000, 0.040873, -0.229484
1.645000, 0.040646, -0.228206
1.646000, 0.040419, -0.226936
1.647000, 0.040194, -0.225672
1.648000, 0.039970, -0.224416
1.649000, 0.039748, -0.223166
1.650000, 0.039527, -0.221924
1.651000, 0.039307, -0.220688
1.652000, 0.039088, -0.219459
1.653000, 0.038870, -0.218238
1.654000, 0.038654, -0.217022
1.655000, 0.038438, -0.215814
1.656000, 0.038224, -0.214613
1.657000, 0.038012, -0.213418
1.658000, 0.037800, -0.212229
1.659000, 0.037590, -0.211048
1.660000, 0.037380, -0.209873
1.661000, 0.037172, -0.208704
1.662000, 0.036965, -0.207542
1.663000, 0.036759, -0.206387
1.664000, 0.036555, -0.205238
1.665000, 0.036351, -0.204095
1.666000, 0.036149, -0.202959
1.667000, 0.035948, -0.201829
1.668000, 0.035747, -0.200705
1.669000, 0.035548, -0.199587
1.670000, 0.035350, -0.198476
1.671000, 0.035154, -0.197371
1.672000, 0.034958, -0.196272
1.673000, 0.034763, -0.195179
1.674000, 0.034570, -0.194093
1.675000, 0.034377, -0.193012
1.676000, 0.034186, -0.191937
1.677000, 0.033995, -0.190869
1.678000, 0.033806, -0.189806
1.679000, 0.033618, -0.188749
1.680000, 0.033431, -0.187698
1.681000, 0.033245, -0.186653
1.682000, 0.033060, -0.185614
1.683000, 0.032876, -0.184581
1.684000, 0.032692, -0.183553
1.685000, 0.032510, -0.182531
1.686000, 0.032329, -0.181515
1.687000, 0.032149, -0.180504
1.688000, 0.031970, -0.179499
1.689000, 0.031792, -0.178500
1.690000, 0.031615, -0.177506
1.691000, 0.031439, -0.176517
1.692000, 0.031264, -0.175535
1.693000, 0.031090, -0.174557
1.694000, 0.030917, -0.173585
1.695000, 0.030745, -0.172619
1.696000, 0.030574, -0.171658
1.697000, 0.030404, -0.170702
1.698000, 0.030234, -0.169752
1.699000, 0.030066, -0.168807
1.700000, 0.029899, -0.167867
1.701000, 0.029732, -0.166932
1.702000, 0.029567, -0.166003
1.703000, 0.029402, -0.165078
1.704000, 0.029238, -0.164159
1.705000, 0.029076, -0.163245
1.706000, 0.028914, -0.162336
1.707000, 0.028753, -0.161433
1.708000, 0.028593, -0.160534
1.709000, 0.028433, -0.159640
1.710000, 0.028275, -0.158751
1.711000, 0.028118, -0.157867
1.712000, 0.027961, -0.156988
1.713000, 0.027805, -0.156114
1.714000, 0.027651, -0.155245
1.715000, 0.027497, -0.154381
1.716000, 0.027344, -0.153521
1.717000, 0.027191, -0.152666
1.718000, 0.027040, -0.151816
1.719000, 0.026889, -0.150971
1.720000, 0.026740, -0.150130
1.721000, 0.026591, -0.149295
1.722000, 0.026443, -0.148463
1.723000, 0.026296, -0.147637
1.724000, 0.026149, -0.146815
1.725000, 0.026004, -0.145997
1.726000, 0.025859, -0.145184
1.727000, 0.025715, -0.144376
1.728000, 0.025572, -0.143572
1.729000, 0.025429, -0.142773
1.730000, 0.025288, -0.141978
1.731000, 0.025147, -0.141187
1.732000, 0.025007, -0.140401
1.733000, 0.024868, -0.139620
1.734000, 0.024729, -0.138842
1.735000, 0.024592, -0.138069
1.736000, 0.024455, -0.137301
1.737000, 0.024318, -0.136536
1.738000, 0.024183, -0.135776
1.739000, 0.024048, -0.135020
1.740000, 0.023915, -0.134268
1.741000, 0.023781, -0.133521
1.742000, 0.023649, -0.132777
1.743000, 0.023517, -0.132038
1.744000, 0.023386, -0.131303
1.745000, 0.023256, -0.130572
1.746000, 0.023127, -0.129845
1.747000, 0.022998, -0.129122
1.748000, 0.022870, -0.128403
1.749000, 0.022743, -0.127688
1.750000, 0.022616, -0.126977
1.751000, 0.022490, -0.126270
1.752000, 0.022365, -0.125567
1.753000, 0.022240, -0.124868
1.754000, 0.022116, -0.124173
1.755000, 0.021993, -0.123481
1.756000, 0.021871, -0.122794
1.757000, 0.021749, -0.122110
1.758000, 0.021628, -0.121430
1.759000, 0.021508, -0.120754
1.760000, 0.021388, -0.120082
1.761000, 0.021269, -0.119413
1.762000, 0.021150, -0.118748
1.763000, 0.021033, -0.118087
1.764000, 0.020916, -0.117430
1.765000, 0.020799, -0.116776
1.766000, 0.020683, -0.116126
1.767000, 0.020568, -0.115479
1.768000, 0.020454, -0.114836
1.769000, 0.020340, -0.114197
1.770000, 0.020226, -0.113561
1.771000, 0.020114, -0.112929
1.772000, 0.020002, -0.112300
1.773000, 0.019891, -0.111675
1.774000, 0.019780, -0.111053
1.775000, 0.019670, -0.110435
1.776000, 0.019560, -0.109820
1.777000, 0.019451, -0.109208
1.778000, 0.019343, -0.108600
1.779000, 0.019235, -0.107996
1.780000, 0.019128, -0.107394
1.781000, 0.019022, -0.106796
1.782000, 0.018916, -0.106202
1.783000, 0.018810, -0.105610
1.784000, 0.018706, -0.105022
1.785000, 0.018602, -0.104438
1.786000, 0.018498, -0.103856
1.787000, 0.018395, -0.103278
1.788000, 0.018293, -0.102703
1.789000, 0.018191, -0.102131
1.790000, 0.018089, -0.101563
1.791000, 0.017989, -0.100997
1.792000, 0.017889, -0.100435
1.793000, 0.017789, -0.099876
1.794000, 0.017690, -0.099319
1.795000, 0.017591, -0.098766
1.796000, 0.017494, -0.098217
1.797000, 0.017396, -0.097670
1.798000, 0.017299, -0.097126
1.799000, 0.017203, -0.096585
1.800000, 0.017107, -0.096047
1.801000, 0.017012, -0.095513
1.802000, 0.016917, -0.094981
1.803000, 0.016823, -0.094452
1.804000, 0.016729, -0.093926
1.805000, 0.016636, -0.093403
1.806000, 0.016544, -0.092883
1.807000, 0.016452, -0.092366
1.808000, 0.016360, -0.091852
1.809000, 0.016269, -0.091340
1.810000, 0.016178, -0.090832
1.811000, 0.016088, -0.090326
1.812000, 0.015999, -0.089823
1.813000, 0.015910, -0.089323
1.814000, 0.015821, -0.088826
1.815000, 0.015733, -0.088331
1.816000, 0.015645, -0.087839
1.817000, 0.015558, -0.087350
1.818000, 0.015472, -0.086864
1.819000, 0.015385, -0.086380
1.820000, 0.015300, -0.085899
1.821000, 0.015215, -0.085421
1.822000, 0.015130, -0.084945
1.823000, 0.015046, -0.084472
1.824000, 0.014962, -0.084002
1.825000, 0.014879, -0.083534
1.826000, 0.014796, -0.083069
1.827000, 0.014713, -0.082607
1.828000, 0.014631, -0.082147
1.829000, 0.014550, -0.081690
1.830000, 0.014469, -0.081235
1.831000, 0.014388, -0.080782
1.832000, 0.014308, -0.080333
1.833000, 0.014229, -0.079885
1.834000, 0.014149, -0.079441
1.835000, 0.014071, -0.078998
1.836000, 0.013992, -0.078558
1.837000, 0.013914, -0.078121
1.838000, 0.013837, -0.077686
1.839000, 0.013760, -0.077254
1.840000, 0.013683, -0.076823
1.841000, 0.013607, -0.076396
1.842000, 0.013531, -0.075970
1.843000, 0.013456, -0.075547
1.844000, 0.013381, -0.075127
1.845000, 0.013307, -0.074708
1.846000, 0.013233, -0.074292
1.847000, 0.013159, -0.073879
1.848000, 0.013086, -0.073467
1.849000, 0.013013, -0.073058
1.850000, 0.012940, -0.072652
1.851000, 0.012868, -0.072247
1.852000, 0.012797, -0.071845
1.853000, 0.012725, -0.071445
1.854000, 0.012654, -0.071047
1.855000, 0.012584, -0.070652
1.856000, 0.012514, -0.070258
1.857000, 0.012444, -0.069867
1.858000, 0.012375, -0.069478
1.859000, 0.012306, -0.069091
1.860000, 0.012238, -0.068706
1.861000, 0.012169, -0.068324
1.862000, 0.012102, -0.067943
1.863000, 0.012034, -0.067565
1.864000, 0.011967, -0.067189
1.865000, 0.011901, -0.066815
1.866000, 0.011834, -0.066443
1.867000, 0.011769, -0.066073
1.868000, 0.011703, -0.065705
1.869000, 0.011638, -0.065339
1.870000, 0.011573, -0.064975
1.871000, 0.011509, -0.064614
1.872000, 0.011445, -0.064254
1.873000, 0.011381, -0.063896
1.874000, 0.011318, -0.063540
1.875000, 0.011255, -0.063187
1.876000, 0.011192, -0.062835
1.877000, 0.011130, -0.062485
1.878000, 0.011068, -0.062137
1.879000, 0.011006, -0.061791
1.880000, 0.010945, -0.061447
1.881000, 0.010884, -0.061105
1.882000, 0.010823, -0.060765
1.883000, 0.010763, -0.060426
1.884000, 0.010703, -0.060090
1.885000, 0.010643, -0.059755
1.886000, 0.010584, -0.059423
1.887000, 0.010525, -0.059092
1.888000, 0.010467, -0.058763
1.889000, 0.010408, -0.058436
1.890000, 0.010350, -0.058110
1.891000, 0.010293, -0.057787
1.892000, 0.010235, -0.057465
1.893000, 0.010178, -0.057145
1.894000, 0.010122, -0.056827
1.895000, 0.010065, -0.056511
1.896000, 0.010009, -0.056196
1.897000, 0.009954, -0.055883
1.898000, 0.009898, -0.055572
1.899000, 0.009843, -0.055262
1.900000, 0.009788, -0.054955
1.901000, 0.009734, -0.054649
1.902000, 0.009680, -0.054345
1.903000, 0.009626, -0.054042
1.904000, 0.009572, -0.053741
1.905000, 0.009519, -0.053442
1.906000, 0.009466, -0.053144
1.907000, 0.009413, -0.052848
1.908000, 0.009361, -0.052554
1.909000, 0.009309, -0.052262
1.910000, 0.009257, -0.051971
1.911000, 0.009205, -0.051681
1.912000, 0.009154, -0.051393
1.913000, 0.009103, -0.051107
1.914000, 0.009052, -0.050823
1.915000, 0.009002, -0.050540
1.916000, 0.008952, -0.050258
1.917000, 0.008902, -0.049979
1.918000, 0.008853, -0.049700
1.919000, 0.008803, -0.049424
1.920000, 0.008754, -0.049148
1.921000, 0.008705, -0.048875
1.922000, 0.008657, -0.048603
1.923000, 0.008609, -0.048332
1.924000, 0.008561, -0.048063
1.925000, 0.008513, -0.047795
1.926000, 0.008466, -0.047529
1.927000, 0.008419, -0.047265
1.928000, 0.008372, -0.047001
1.929000, 0.008325, -0.046740
1.930000, 0.008279, -0.046479
1.931000, 0.008233, -0.046221
1.932000, 0.008187, -0.045963
1.933000, 0.008141, -0.045707
1.934000, 0.008096, -0.045453
1.935000, 0.008051, -0.045200
1.936000, 0.008006, -0.044948
1.937000, 0.007962, -0.044698
1.938000, 0.007917, -0.044449
1.939000, 0.007873, -0.044202
1.940000, 0.007829, -0.043955
1.941000, 0.007786, -0.043711
1.942000, 0.007742, -0.043467
1.943000, 0.007699, -0.043225
1.944000, 0.007656, -0.042985
1.945000, 0.007614, -0.042745
1.946000, 0.007571, -0.042507
1.947000, 0.007529, -0.042271
1.948000, 0.007487, -0.042035
1.949000, 0.007446, -0.041801
1.950000, 0.007404, -0.041569
1.951000, 0.007363, -0.041337
1.952000, 0.007322, -0.041107
1.953000, 0.007281, -0.040878
1.954000, 0.007241, -0.040650
1.955000, 0.007200, -0.040424
1.956000, 0.007160, -0.040199
1.957000, 0.007120, -0.039975
1.958000, 0.007081, -0.039753
1.959000, 0.007041, -0.039531
1.960000, 0.007002, -0.039311
1.961000, 0.006963, -0.039092
1.962000, 0.006924, -0.038875
1.963000, 0.006886, -0.038658
1.964000, 0.006848, -0.038443
1.965000, 0.006809, -0.038229
1.966000, 0.006772, -0.038016
1.967000, 0.006734, -0.037804
1.968000, 0.006696, -0.037594
1.969000, 0.006659, -0.037385
1.970000, 0.006622, -0.037176
1.971000, 0.006585, -0.036969
1.972000, 0.006548, -0.036764
1.973000, 0.006512, -0.036559
1.974000, 0.006476, -0.036355
1.975000, 0.006440, -0.036153
1.976000, 0.006404, -0.035952
1.977000, 0.006368, -0.035752
1.978000, 0.006333, -0.035552
1.979000, 0.006297, -0.035355
1.980000, 0.006262, -0.035158
1.981000, 0.006228, -0.034962
1.982000, 0.006193, -0.034767
1.983000, 0.006158, -0.034574
1.984000, 0.006124, -0.034381
1.985000, 0.006090, -0.034190
1.986000, 0.006056, -0.033999
1.987000, 0.006022, -0.033810
1.988000, 0.005989, -0.033622
1.989000, 0.005956, -0.033435
1.990000, 0.005922, -0.033248
1.991000, 0.005889, -0.033063
1.992000, 0.005857, -0.032879
1.993000, 0.005824, -0.032696
1.994000, 0.005792, -0.032514
1.995000, 0.005759, -0.032333
1.996000, 0.005727, -0.032153
1.997000, 0.005695, -0.031974
1.998000, 0.005664, -0.031796
1.999000, 0.005632, -0.031619
2.000000, 0.005601, -0.031443
2.001000, 1.505570, -0.031268
2.002000, 1.491432, -9.435266
2.003000, 1.483855, -8.196658
2.004000, 1.475502, -8.300823
2.005000, 1.467299, -8.235673
2.006000, 1.459129, -8.192226
2.007000, 1.451005, -8.146318
2.008000, 1.442927, -8.101008
2.009000, 1.434893, -8.055907
2.010000, 1.426905, -8.011062
2.011000, 1.418961, -7.966465
2.012000, 1.411061, -7.922117
2.013000, 1.403205, -7.878016
2.014000, 1.395392, -7.834160
2.015000, 1.387624, -7.790548
2.016000, 1.379898, -7.747178
2.017000, 1.372216, -7.704050
2.018000, 1.364576, -7.661162
2.019000, 1.356979, -7.618512
2.020000, 1.349424, -7.576100
2.021000, 1.341911, -7.533923
2.022000, 1.334440, -7.491981
2.023000, 1.327011, -7.450273
2.024000, 1.319623, -7.408797
2.025000, 1.312276, -7.367551
2.026000, 1.304970, -7.326535
2.027000, 1.297704, -7.285747
2.028000, 1.290479, -7.245186
2.029000, 1.283295, -7.204850
2.030000, 1.276150, -7.164740
2.031000, 1.269045, -7.124852
2.032000, 1.261980, -7.085186
2.033000, 1.254954, -7.045741
2.034000, 1.247967, -7.006515
2.035000, 1.241019, -6.967508
2.036000, 1.234110, -6.928718
2.037000, 1.227239, -6.890144
2.038000, 1.220406, -6.851784
2.039000, 1.213612, -6.813638
2.040000, 1.206855, -6.775704
2.041000, 1.200136, -6.737981
2.042000, 1.193454, -6.700468
2.043000, 1.186809, -6.663164
2.044000, 1.180202, -6.626067
2.045000, 1.173631, -6.589177
2.046000, 1.167097, -6.552492
2.047000, 1.160599, -6.516011
2.048000, 1.154138, -6.479734
2.049000, 1.147712, -6.443658
2.050000, 1.141322, -6.407783
2.051000, 1.134968, -6.372108
2.052000, 1.128649, -6.336631
2.053000, 1.122365, -6.301352
2.054000, 1.116117, -6.266269
2.055000, 1.109903, -6.231381
2.056000, 1.103723, -6.196688
2.057000, 1.097578, -6.162187
2.058000, 1.091468, -6.127879
2.059000, 1.085391, -6.093762
2.060000, 1.079348, -6.059834
2.061000, 1.073339, -6.026096
2.062000, 1.067363, -5.992545
2.063000, 1.061421, -5.959181
2.064000, 1.055511, -5.926003
2.065000, 1.049635, -5.893009
2.066000, 1.043791, -5.860199
2.067000, 1.037980, -5.827572
2.068000, 1.032201, -5.795126
2.069000, 1.026454, -5.762861
2.070000, 1.020739, -5.730775
2.071000, 1.015056, -5.698868
2.072000, 1.009405, -5.667139
2.073000, 1.003785, -5.635587
2.074000, 0.998197, -5.604210
2.075000, 0.992639, -5.573007
2.076000, 0.987113, -5.541979
2.077000, 0.981617, -5.511123
2.078000, 0.976152, -5.480439
2.079000, 0.970717, -5.449925
2.080000, 0.965313, -5.419582
2.081000, 0.959939, -5.389407
2.082000, 0.954594, -5.359401
2.083000, 0.949280, -5.329562
2.084000, 0.943995, -5.299888
2.085000, 0.938739, -5.270380
2.086000, 0.933513, -5.241036
2.087000, 0.928315, -5.211856
2.088000, 0.923147, -5.182838
2.089000, 0.918007, -5.153981
2.090000, 0.912897, -5.125285
2.091000, 0.907814, -5.096749
2.092000, 0.902760, -5.068372
2.093000, 0.897734, -5.040153
2.094000, 0.892736, -5.012091
2.095000, 0.887766, -4.984185
2.096000, 0.882823, -4.956435
2.097000, 0.877908, -4.928839
2.098000, 0.873020, -4.901396
2.099000, 0.868160, -4.874107
2.100000, 0.863326, -4.846969
2.101000, 0.858520, -4.819983
2.102000, 0.853740, -4.793146
2.103000, 0.848987, -4.766460
2.104000, 0.844260, -4.739921
2.105000, 0.839560, -4.713531
2.106000, 0.834886, -4.687287
2.107000, 0.830238, -4.661190
2.108000, 0.825615, -4.635238
2.109000, 0.821019, -4.609430
2.110000, 0.816448, -4.583766
2.111000, 0.811903, -4.558245
2.112000, 0.807382, -4.532866
2.113000, 0.802887, -4.507628
2.114000, 0.798417, -4.482531
2.115000, 0.793972, -4.457574
2.116000, 0.789552, -4.432756
2.117000, 0.785156, -4.408075
2.118000, 0.780785, -4.383532
2.119000, 0.776438, -4.359126
2.120000, 0.772115, -4.334856
2.121000, 0.767817, -4.310721
2.122000, 0.763542, -4.286720
2.123000, 0.759291, -4.262853
2.124000, 0.755064, -4.239119
2.125000, 0.750860, -4.215517
2.126000, 0.746680, -4.192046
2.127000, 0.742523, -4.168706
2.128000, 0.738389, -4.145496
2.129000, 0.734278, -4.122415
2.130000, 0.730190, -4.099463
2.131000, 0.726125, -4.076638
2.132000, 0.722082, -4.053941
2.133000, 0.718062, -4.031370
2.134000, 0.714064, -4.008925
2.135000, 0.710089, -3.986604
2.136000, 0.706136, -3.964408
2.137000, 0.702204, -3.942336
2.138000, 0.698295, -3.920386
2.139000, 0.694407, -3.898559
2.140000, 0.690541, -3.876853
2.141000, 0.686697, -3.855268
2.142000, 0.682874, -3.833803
2.143000, 0.679072, -3.812458
2.144000, 0.675291, -3.791231
2.145000, 0.671532, -3.770123
2.146000, 0.667793, -3.749132
2.147000, 0.664075, -3.728258
2.148000, 0.660378, -3.707501
2.149000, 0.656702, -3.686859
2.150000, 0.653046, -3.666332
2.151000, 0.649410, -3.645919
2.152000, 0.645794, -3.625620
2.153000, 0.642199, -3.605434
2.154000, 0.638624, -3.585360
2.155000, 0.635068, -3.565398
2.156000, 0.631533, -3.545547
2.157000, 0.628017, -3.525807
2.158000, 0.624520, -3.506177
2.159000, 0.621043, -3.486655
2.160000, 0.617586, -3.467243
2.161000, 0.614148, -3.447939
2.162000, 0.610728, -3.428742
2.163000, 0.607328, -3.409652
2.164000, 0.603947, -3.390669
2.165000, 0.600585, -3.371791
2.166000, 0.597241, -3.353018
2.167000, 0.593916, -3.334350
2.168000, 0.590610, -3.315785
2.169000, 0.587322, -3.297324
2.170000, 0.584052, -3.278966
2.171000, 0.580800, -3.260710
2.172000, 0.577567, -3.242556
2.173000, 0.574351, -3.224503
2.174000, 0.571154, -3.206550
2.175000, 0.567974, -3.188697
2.176000, 0.564812, -3.170944
2.177000, 0.561667, -3.153289
2.178000, 0.558540, -3.135733
2.179000, 0.555431, -3.118275
2.180000, 0.552339, -3.100914
2.181000, 0.549264, -3.083649
2.182000, 0.546206, -3.066481
2.183000, 0.543165, -3.049408
2.184000, 0.540141, -3.032430
2.185000, 0.537134, -3.015547
2.186000, 0.534143, -2.998758
2.187000, 0.531170, -2.982062
2.188000, 0.528213, -2.965459
2.189000, 0.525272, -2.948949
2.190000, 0.522348, -2.932530
2.191000, 0.519440, -2.916203
2.192000, 0.516548, -2.899967
2.193000, 0.513672, -2.883821
2.194000, 0.510812, -2.867766
2.195000, 0.507968, -2.851799
2.196000, 0.505140, -2.835922
2.197000, 0.502328, -2.820133
2.198000, 0.499532, -2.804431
2.199000, 0.496751, -2.788818
2.200000, 0.493985, -2.773291
2.201000, 0.491235, -2.757850
2.202000, 0.488500, -2.742496
2.203000, 0.485781, -2.727227
2.204000, 0.483076, -2.712043
2.205000, 0.480387, -2.696944
2.206000, 0.477712, -2.681929
2.207000, 0.475053, -2.666997
2.208000, 0.472408, -2.652148
2.209000, 0.469778, -2.637382
2.210000, 0.467163, -2.622699
2.211000, 0.464562, -2.608097
2.212000, 0.461976, -2.593576
2.213000, 0.459404, -2.579137
2.214000, 0.456846, -2.564777
2.215000, 0.454303, -2.550498
2.216000, 0.451773, -2.536298
2.217000, 0.449258, -2.522177
2.218000, 0.446757, -2.508135
2.219000, 0.444270, -2.494171
2.220000, 0.441797, -2.480284
2.221000, 0.439337, -2.466475
2.222000, 0.436891, -2.452743
2.223000, 0.434459, -2.439088
2.224000, 0.432040, -2.425508
2.225000, 0.429635, -2.412004
2.226000, 0.427243, -2.398575
2.227000, 0.424865, -2.385221
2.228000, 0.422499, -2.371942
2.229000, 0.420147, -2.358736
2.230000, 0.417808, -2.345604
2.231000, 0.415482, -2.332545
2.232000, 0.413169, -2.319558
2.233000, 0.410869, -2.306644
2.234000, 0.408581, -2.293802
2.235000, 0.406307, -2.281031
2.236000, 0.404045, -2.268332
2.237000, 0.401795, -2.255703
2.238000, 0.399559, -2.243144
2.239000, 0.397334, -2.230656
2.240000, 0.395122, -2.218236
2.241000, 0.392922, -2.205886
2.242000, 0.390735, -2.193605
2.243000, 0.388560, -2.181392
2.244000, 0.386397, -2.169248
2.245000, 0.384245, -2.157170
2.246000, 0.382106, -2.145160
2.247000, 0.379979, -2.133217
2.248000, 0.377864, -2.121341
2.249000, 0.375760, -2.109530
2.250000, 0.373668, -2.097786
2.251000, 0.371588, -2.086106
2.252000, 0.369519, -2.074492
2.253000, 0.367462, -2.062942
2.254000, 0.365416, -2.051457
2.255000, 0.363382, -2.040036
2.256000, 0.361359, -2.028678
2.257000, 0.359347, -2.017383
2.258000, 0.357347, -2.006152
2.259000, 0.355357, -1.994982
2.260000, 0.353379, -1.983875
2.261000, 0.351412, -1.972830
2.262000, 0.349455, -1.961847
2.263000, 0.347510, -1.950924
2.264000, 0.345575, -1.940063
2.265000, 0.343651, -1.929261
2.266000, 0.341738, -1.918520
2.267000, 0.339836, -1.907839
2.268000, 0.337944, -1.897217
2.269000, 0.336062, -1.886655
2.270000, 0.334191, -1.876151
2.271000, 0.332331, -1.865705
2.272000, 0.330481, -1.855318
2.273000, 0.328641, -1.844989
2.274000, 0.326811, -1.834717
2.275000, 0.324992, -1.824502
2.276000, 0.323183, -1.814345
2.277000, 0.321384, -1.804243
2.278000, 0.319594, -1.794198
2.279000, 0.317815, -1.784209
2.280000, 0.316046, -1.774276
2.281000, 0.314286, -1.764398
2.282000, 0.312537, -1.754574
2.283000, 0.310797, -1.744806
2.284000, 0.309067, -1.735092
2.285000, 0.307346, -1.725432
2.286000, 0.305635, -1.715826
2.287000, 0.303933, -1.706273
2.288000, 0.302241, -1.696773
2.289000, 0.300559, -1.687327
2.290000, 0.298886, -1.677933
2.291000, 0.297222, -1.668591
2.292000, 0.295567, -1.659301
2.293000, 0.293922, -1.650063
2.294000, 0.292285, -1.640876
2.295000, 0.290658, -1.631741
2.296000, 0.289040, -1.622656
2.297000, 0.287431, -1.613622
2.298000, 0.285831, -1.604639
2.299000, 0.284240, -1.595705
2.300000, 0.282657, -1.586821
2.301000, 0.281084, -1.577986
2.302000, 0.279519, -1.569201
2.303000, 0.277963, -1.560465
2.304000, 0.276415, -1.551777
2.305000, 0.274876, -1.543177
2.306000, 0.273345, -1.535120
2.307000, 0.271822, -1.527029
2.308000, 0.270307, -1.518984
2.309000, 0.268800, -1.510965
2.310000, 0.267301, -1.502968
2.311000, 0.265810, -1.494987
2.312000, 0.264327, -1.487017
2.313000, 0.262852, -1.479052
2.314000, 0.261385, -1.471088
2.315000, 0.259926, -1.463121
2.316000, 0.258475, -1.455148
2.317000, 0.257032, -1.447165
2.318000, 0.255597, -1.439171
2.319000, 0.254169, -1.431165
2.320000, 0.252750, -1.423145
2.321000, 0.251339, -1.415113
2.322000, 0.249936, -1.407068
2.323000, 0.248541, -1.399014
2.324000, 0.247154, -1.390951
2.325000, 0.245775, -1.382883
2.326000, 0.244405, -1.374815
2.327000, 0.243042, -1.366750
2.328000, 0.241687, -1.358694
2.329000, 0.240341, -1.350652
2.330000, 0.239002, -1.342630
2.331000, 0.237671, -1.334635
2.332000, 0.236349, -1.326672
2.333000, 0.235033, -1.319169
2.334000, 0.233725, -1.311851
2.335000, 0.232424, -1.304551
2.336000, 0.231130, -1.297295
2.337000, 0.229844, -1.290079
2.338000, 0.228565, -1.282903
2.339000, 0.227292, -1.275767
2.340000, 0.226027, -1.268670
2.341000, 0.224769, -1.261613
2.342000, 0.223518, -1.254595
2.343000, 0.222274, -1.247616
2.344000, 0.221037, -1.240676
2.345000, 0.219807, -1.233774
2.346000, 0.218583, -1.226910
2.347000, 0.217366, -1.220085
2.348000, 0.216156, -1.213298
2.349000, 0.214953, -1.206548
2.350000, 0.213757, -1.199836
2.351000, 0.212567, -1.193161
2.352000, 0.211384, -1.186523
2.353000, 0.210207, -1.179922
2.354000, 0.209037, -1.173357
2.355000, 0.207874, -1.166829
2.356000, 0.206716, -1.160337
2.357000, 0.205566, -1.153882
2.358000, 0.204422, -1.147462
2.359000, 0.203284, -1.141078
2.360000, 0.202152, -1.134729
2.361000, 0.201027, -1.128416
2.362000, 0.199908, -1.122137
2.363000, 0.198795, -1.115894
2.364000, 0.197688, -1.109685
2.365000, 0.196588, -1.103511
2.366000, 0.195494, -1.097371
2.367000, 0.194406, -1.091265
2.368000, 0.193323, -1.085193
2.369000, 0.192247, -1.079155
2.370000, 0.191177, -1.073150
2.371000, 0.190113, -1.067179
2.372000, 0.189055, -1.061241
2.373000, 0.188002, -1.055336
2.374000, 0.186956, -1.049463
2.375000, 0.185915, -1.043624
2.376000, 0.184880, -1.037816
2.377000, 0.183851, -1.032041
2.378000, 0.182828, -1.026299
2.379000, 0.181810, -1.020588
2.380000, 0.180798, -1.014908
2.381000, 0.179791, -1.009261
2.382000, 0.178790, -1.003644
2.383000, 0.177795, -0.998059
2.384000, 0.176805, -0.992505
2.385000, 0.175821, -0.986982
2.386000, 0.174843, -0.981490
2.387000, 0.173869, -0.976028
2.388000, 0.172901, -0.970596
2.389000, 0.171939, -0.965195
2.390000, 0.170982, -0.959824
2.391000, 0.170030, -0.954482
2.392000, 0.169083, -0.949171
2.393000, 0.168142, -0.943888
2.394000, 0.167206, -0.938635
2.395000, 0.166275, -0.933412
2.396000, 0.165350, -0.928217
2.397000, 0.164429, -0.923051
2.398000, 0.163514, -0.917914
2.399000, 0.162604, -0.912806
2.400000, 0.161698, -0.907726
2.401000, 0.160798, -0.902674
2.402000, 0.159903, -0.897650
2.403000, 0.159013, -0.892655
2.404000, 0.158128, -0.887687
2.405000, 0.157248, -0.882746
2.406000, 0.156372, -0.877833
2.407000, 0.155502, -0.872948
2.408000, 0.154636, -0.868089
2.409000, 0.153775, -0.863258
2.410000, 0.152919, -0.858453
2.411000, 0.152068, -0.853675
2.412000, 0.151221, -0.848924
2.413000, 0.150379, -0.844199
2.414000, 0.149542, -0.839501
2.415000, 0.148710, -0.834828
2.416000, 0.147882, -0.830182
2.417000, 0.147059, -0.825561
2.418000, 0.146240, -0.820966
2.419000, 0.145426, -0.816397
2.420000, 0.144616, -0.811853
2.421000, 0.143811, -0.807334
2.422000, 0.143011, -0.802841
2.423000, 0.142214, -0.798372
2.424000, 0.141423, -0.793929
2.425000, 0.140635, -0.789510
2.426000, 0.139853, -0.785115
2.427000, 0.139074, -0.780745
2.428000, 0.138300, -0.776400
2.429000, 0.137530, -0.772078
2.430000, 0.136764, -0.767781
2.431000, 0.136003, -0.763507
2.432000, 0.135246, -0.759257
2.433000, 0.134493, -0.755031
2.434000, 0.133744, -0.750829
2.435000, 0.133000, -0.746650
2.436000, 0.132259, -0.742494
2.437000, 0.131523, -0.738361
2.438000, 0.130791, -0.734251
2.439000, 0.130062, -0.730164
2.440000, 0.129338, -0.726100
2.441000, 0.128618, -0.722058
2.442000, 0.127902, -0.718039
2.443000, 0.127190, -0.714042
2.444000, 0.126482, -0.710067
2.445000, 0.125778, -0.706115
2.446000, 0.125078, -0.702184
2.447000, 0.124382, -0.698276
2.448000, 0.123689, -0.694389
2.449000, 0.123001, -0.690524
2.450000, 0.122316, -0.686680
2.451000, 0.121635, -0.682858
2.452000, 0.120958, -0.679056
2.453000, 0.120284, -0.675277
2.454000, 0.119615, -0.671518
2.455000, 0.118949, -0.667780
2.456000, 0.118287, -0.664062
2.457000, 0.117628, -0.660366
2.458000, 0.116973, -0.656690
2.459000, 0.116322, -0.653035
2.460000, 0.115674, -0.649399
2.461000, 0.115030, -0.645784
2.462000, 0.114390, -0.642190
2.463000, 0.113753, -0.638615
2.464000, 0.113120, -0.635060
2.465000, 0.112490, -0.631525
2.466000, 0.111864, -0.628009
2.467000, 0.111241, -0.624513
2.468000, 0.110622, -0.621037
2.469000, 0.110006, -0.617580
2.470000, 0.109394, -0.614142
2.471000, 0.108785, -0.610723
2.472000, 0.108179, -0.607324
2.473000, 0.107577, -0.603943
2.474000, 0.106978, -0.600581
2.475000, 0.106382, -0.597238
2.476000, 0.105790, -0.593913
2.477000, 0.105201, -0.590607
2.478000, 0.104615, -0.587319
2.479000, 0.104033, -0.584049
2.480000, 0.103454, -0.580798
2.481000, 0.102878, -0.577565
2.482000, 0.102305, -0.574350
2.483000, 0.101735, -0.571153
2.484000, 0.101169, -0.567973
2.485000, 0.100606, -0.564811
2.486000, 0.100046, -0.561667
2.487000, 0.099489, -0.558540
2.488000, 0.098935, -0.555431
2.489000, 0.098384, -0.552339
2.490000, 0.097836, -0.549264
2.491000, 0.097292, -0.546206
2.492000, 0.096750, -0.543166
2.493000, 0.096211, -0.540142
2.494000, 0.095676, -0.537135
2.495000, 0.095143, -0.534145
2.496000, 0.094613, -0.531171
2.497000, 0.094087, -0.528214
2.498000, 0.093563, -0.525274
2.499000, 0.093042, -0.522350
2.500000, 0.092524, -0.519442
2.501000, 0.092009, -0.516550
2.502000, 0.091497, -0.513674
2.503000, 0.090987, -0.510815
2.504000, 0.090481, -0.507971
2.505000, 0.089977, -0.505143
2.506000, 0.089476, -0.502331
2.507000, 0.088978, -0.499535
2.508000, 0.088483, -0.496754
2.509000, 0.087990, -0.493988
2.510000, 0.087500, -0.491238
2.511000, 0.087013, -0.488503
2.512000, 0.086529, -0.485784
2.513000, 0.086047, -0.483079
2.514000, 0.085568, -0.480390
2.515000, 0.085091, -0.477716
2.516000, 0.084618, -0.475056
2.517000, 0.084147, -0.472412
2.518000, 0.083678, -0.469782
2.519000, 0.083212, -0.467166
2.520000, 0.082749, -0.464565
2.521000, 0.082288, -0.461979
2.522000, 0.081830, -0.459407
2.523000, 0.081375, -0.456850
2.524000, 0.080922, -0.454306
2.525000, 0.080471, -0.451777
2.526000, 0.080023, -0.449262
2.527000, 0.079578, -0.446761
2.528000, 0.079135, -0.444274
2.529000, 0.078694, -0.441800
2.530000, 0.078256, -0.439341
2.531000, 0.077820, -0.436895
2.532000, 0.077387, -0.434463
2.533000, 0.076956, -0.432044
2.534000, 0.076528, -0.429639
2.535000, 0.076102, -0.427247
2.536000, 0.075678, -0.424868
2.537000, 0.075257, -0.422503
2.538000, 0.074838, -0.420151
2.539000, 0.074421, -0.417812
2.540000, 0.074007, -0.415486
2.541000, 0.073595, -0.413172
2.542000, 0.073185, -0.410872
2.543000, 0.072778, -0.408585
2.544000, 0.072372, -0.406310
2.545000, 0.071969, -0.404048
2.546000, 0.071569, -0.401799
2.547000, 0.071170, -0.399562
2.548000, 0.070774, -0.397337
2.549000, 0.070380, -0.395125
2.550000, 0.069988, -0.392925
2.551000, 0.069599, -0.390738
2.552000, 0.069211, -0.388563
2.553000, 0.068826, -0.386399
2.554000, 0.068443, -0.384248
2.555000, 0.068062, -0.382109
2.556000, 0.067683, -0.379982
2.557000, 0.067306, -0.377866
2.558000, 0.066931, -0.375762
2.559000, 0.066559, -0.373670
2.560000, 0.066188, -0.371590
2.561000, 0.065820, -0.369521
2.562000, 0.065453, -0.367464
2.563000, 0.065089, -0.365418
2.564000, 0.064726, -0.363384
2.565000, 0.064366, -0.361361
2.566000, 0.064008, -0.359349
2.567000, 0.063651, -0.357348
2.568000, 0.063297, -0.355359
2.569000, 0.062945, -0.353380
2.570000, 0.062594, -0.351413
2.571000, 0.062246, -0.349457
2.572000, 0.061899, -0.347511
2.573000, 0.061554, -0.345576
2.574000, 0.061212, -0.343652
2.575000, 0.060871, -0.341739
2.576000, 0.060532, -0.339836
2.577000, 0.060195, -0.337944
2.578000, 0.059860, -0.336063
2.579000, 0.059527, -0.334192
2.580000, 0.059195, -0.332331
2.581000, 0.058866, -0.330481
2.582000, 0.058538, -0.328641
2.583000, 0.058212, -0.326812
2.584000, 0.057888, -0.324992
2.585000, 0.057566, -0.323183
2.586000, 0.057245, -0.321383
2.587000, 0.056927, -0.319594
2.588000, 0.056610, -0.317815
2.589000, 0.056295, -0.316045
2.590000, 0.055981, -0.314286
2.591000, 0.055669, -0.312536
2.592000, 0.055360, -0.31079