time, theta__error, theta_dot_error
0.000000, -1.500001, -0.000390
0.001000, -1.485894, 9.404166
0.002000, -1.464818, 17.185646
0.003000, -1.438063, 23.564901
0.004000, -1.406743, 28.735357
0.005000, -1.371811, 32.866111
0.006000, -1.334087, 36.104721
0.007000, -1.294270, 38.579733
0.008000, -1.252955, 40.402961
0.009000, -1.210649, 41.671540
0.010000, -1.167781, 42.469763
0.011000, -1.124709, 42.870705
0.012000, -1.081738, 42.937671
0.013000, -1.039119, 42.725456
0.014000, -0.997059, 42.281457
0.015000, -0.955730, 41.646630
0.016000, -0.915269, 40.856337
0.017000, -0.875786, 39.941065
0.018000, -0.837366, 38.927061
0.019000, -0.800074, 37.836878
0.020000, -0.763957, 36.689848
0.021000, -0.729049, 35.502495
0.022000, -0.695367, 34.288895
0.023000, -0.662920, 33.060988
0.024000, -0.631707, 31.828852
0.025000, -0.601720, 30.600945
0.026000, -0.572944, 29.384310
0.027000, -0.545359, 28.184768
0.028000, -0.518941, 27.007072
0.029000, -0.493661, 25.855057
0.030000, -0.469491, 24.731760
0.031000, -0.446398, 23.639535
0.032000, -0.424347, 22.580146
0.033000, -0.403305, 21.554854
0.034000, -0.383236, 20.564494
0.035000, -0.364104, 19.609535
0.036000, -0.345873, 18.690142
0.037000, -0.328509, 17.806223
0.038000, -0.311976, 16.957472
0.039000, -0.296240, 16.143408
0.040000, -0.281266, 15.363409
0.041000, -0.267023, 14.616734
0.042000, -0.253477, 13.902555
0.043000, -0.240599, 13.219971
0.044000, -0.228357, 12.568031
0.045000, -0.216722, 11.945745
0.046000, -0.205667, 11.352098
0.047000, -0.195164, 10.786064
0.048000, -0.185187, 10.246608
0.049000, -0.175711, 9.732703
0.050000, -0.166713, 9.243327
0.051000, -0.158168, 8.777475
0.052000, -0.150055, 8.334158
0.053000, -0.142354, 7.912411
0.054000, -0.135043, 7.511292
0.055000, -0.128104, 7.129886
0.056000, -0.121518, 6.767305
0.057000, -0.115268, 6.422692
0.058000, -0.109336, 6.095217
0.059000, -0.103708, 5.784082
0.060000, -0.098367, 5.488518
0.061000, -0.093299, 5.207787
0.062000, -0.088492, 4.941178
0.063000, -0.083930, 4.688013
0.064000, -0.079603, 4.447640
0.065000, -0.075497, 4.219436
0.066000, -0.071603, 4.002806
0.067000, -0.067909, 3.797179
0.068000, -0.064404, 3.602012
0.069000, -0.061080, 3.416787
0.070000, -0.057927, 3.241008
0.071000, -0.054936, 3.074204
0.072000, -0.052099, 2.915926
0.073000, -0.049409, 2.765745
0.074000, -0.046857, 2.623255
0.075000, -0.044436, 2.488066
0.076000, -0.042140, 2.359809
0.077000, -0.039963, 2.238135
0.078000, -0.037898, 2.122708
0.079000, -0.035940, 2.013211
0.080000, -0.034082, 1.909343
0.081000, -0.032321, 1.810817
0.082000, -0.030650, 1.717360
0.083000, -0.029066, 1.628713
0.084000, -0.027563, 1.544631
0.085000, -0.026138, 1.464880
0.086000, -0.024787, 1.389238
0.087000, -0.023505, 1.317494
0.088000, -0.022290, 1.249448
0.089000, -0.021137, 1.184912
0.090000, -0.020044, 1.123704
0.091000, -0.019007, 1.065653
0.092000, -0.018024, 1.010597
0.093000, -0.017092, 0.958383
0.094000, -0.016208, 0.908863
0.095000, -0.015369, 0.861900
0.096000, -0.014574, 0.817361
0.097000, -0.013820, 0.775122
0.098000, -0.013105, 0.735064
0.099000, -0.012427, 0.697075
0.100000, -0.011784, 0.661048
0.101000, -0.011174, 0.626881
0.102000, -0.010596, 0.594480
0.103000, -0.010048, 0.563753
0.104000, -0.009528, 0.534613
0.105000, -0.009034, 0.506978
0.106000, -0.008567, 0.480772
0.107000, -0.008123, 0.455920
0.108000, -0.007703, 0.432352
0.109000, -0.007304, 0.410001
0.110000, -0.006926, 0.388806
0.111000, -0.006567, 0.368707
0.112000, -0.006227, 0.349646
0.113000, -0.005904, 0.331570
0.114000, -0.005599, 0.314429
0.115000, -0.005308, 0.298173
0.116000, -0.005033, 0.282758
0.117000, -0.004773, 0.268139
0.118000, -0.004525, 0.254277
0.119000, -0.004291, 0.241130
0.120000, -0.004068, 0.228664
0.121000, -0.003857, 0.216842
0.122000, -0.003657, 0.205631
0.123000, -0.003468, 0.194999
0.124000, -0.003288, 0.184917
0.125000, -0.003117, 0.175356
0.126000, -0.002955, 0.166290
0.127000, -0.002802, 0.157692
0.128000, -0.002657, 0.149539
0.129000, -0.002519, 0.141807
0.130000, -0.002388, 0.134475
0.131000, -0.002264, 0.127522
0.132000, -0.002146, 0.120928
0.133000, -0.002035, 0.114676
0.134000, -0.001929, 0.108746
0.135000, -0.001828, 0.103123
0.136000, -0.001733, 0.097791
0.137000, -0.001643, 0.092735
0.138000, -0.001558, 0.087940
0.139000, -0.001476, 0.083392
0.140000, -0.001400, 0.079080
0.141000, -0.001327, 0.074991
0.142000, -0.001257, 0.071113
0.143000, -0.001192, 0.067436
0.144000, -0.001130, 0.063949
0.145000, -0.001071, 0.060642
0.146000, -0.001015, 0.057506
0.147000, -0.000962, 0.054532
0.148000, -0.000911, 0.051712
0.149000, -0.000864, 0.049038
0.150000, -0.000818, 0.046502
0.151000, -0.000776, 0.044097
0.152000, -0.000735, 0.041817
0.153000, -0.000696, 0.039654
0.154000, -0.000660, 0.037603
0.155000, -0.000625, 0.035658
0.156000, -0.000592, 0.033814
0.157000, -0.000561, 0.032065
0.158000, -0.000531, 0.030407
0.159000, -0.000503, 0.028834
0.160000, -0.000477, 0.027342
0.161000, -0.000451, 0.025928
0.162000, -0.000428, 0.024587
0.163000, -0.000405, 0.023315
0.164000, -0.000383, 0.022109
0.165000, -0.000363, 0.020965
0.166000, -0.000344, 0.019881
0.167000, -0.000325, 0.018852
0.168000, -0.000308, 0.017877
0.169000, -0.000291, 0.016952
0.170000, -0.000276, 0.016075
0.171000, -0.000261, 0.015243
0.172000, -0.000247, 0.014454
0.173000, -0.000234, 0.013706
0.174000, -0.000221, 0.012997
0.175000, -0.000209, 0.012324
0.176000, -0.000198, 0.011686
0.177000, -0.000187, 0.011081
0.178000, -0.000177, 0.010508
0.179000, -0.000167, 0.009964
0.180000, -0.000158, 0.009448
0.181000, -0.000149, 0.008959
0.182000, -0.000141, 0.008495
0.183000, -0.000133, 0.008055
0.184000, -0.000125, 0.007638
0.185000, -0.000118, 0.007242
0.186000, -0.000112, 0.006867
0.187000, -0.000105, 0.006511
0.188000, -0.000099, 0.006174
0.189000, -0.000094, 0.005854
0.190000, -0.000088, 0.005551
0.191000, -0.000083, 0.005263
0.192000, -0.000078, 0.004990
0.193000, -0.000074, 0.004732
0.194000, -0.000069, 0.004486
0.195000, -0.000065, 0.004254
0.196000, -0.000061, 0.004033
0.197000, -0.000058, 0.003824
0.198000, -0.000054, 0.003625
0.199000, -0.000051, 0.003437
0.200000, -0.000048, 0.003259
0.201000, -0.000045, 0.003090
0.202000, -0.000042, 0.002929
0.203000, -0.000039, 0.002777
0.204000, -0.000036, 0.002633
0.205000, -0.000034, 0.002496
0.206000, -0.000032, 0.002366
0.207000, -0.000030, 0.002243
0.208000, -0.000027, 0.002126
0.209000, -0.000026, 0.002016
0.210000, -0.000024, 0.001911
0.211000, -0.000022, 0.001811
0.212000, -0.000020, 0.001717
0.213000, -0.000019, 0.001627
0.214000, -0.000017, 0.001543
0.215000, -0.000016, 0.001462
0.216000, -0.000014, 0.001386
0.217000, -0.000013, 0.001313
0.218000, -0.000012, 0.001245
0.219000, -0.000011, 0.001180
0.220000, -0.000010, 0.001118
0.221000, -0.000009, 0.001060
0.222000, -0.000008, 0.001004
0.223000, -0.000007, 0.000951
0.224000, -0.000006, 0.000901
0.225000, -0.000005, 0.000854
0.226000, -0.000004, 0.000809
0.227000, -0.000003, 0.000767
0.228000, -0.000003, 0.000726
0.229000, -0.000002, 0.000688
0.230000, -0.000001, 0.000652
0.231000, -0.000001, 0.000617
0.232000, -0.000000, 0.000585
0.233000, 0.000000, 0.000554
0.234000, 0.000001, 0.000524
0.235000, 0.000001, 0.000497
0.236000, 0.000002, 0.000470
0.237000, 0.000002, 0.000445
0.238000, 0.000003, 0.000421
0.239000, 0.000003, 0.000399
0.240000, 0.000003, 0.000378
0.241000, 0.000004, 0.000357
0.242000, 0.000004, 0.000338
0.243000, 0.000004, 0.000320
0.244000, 0.000005, 0.000303
0.245000, 0.000005, 0.000286
0.246000, 0.000005, 0.000271
0.247000, 0.000005, 0.000256
0.248000, 0.000006, 0.000242
0.249000, 0.000006, 0.000229
0.250000, 0.000006, 0.000216
0.251000, 0.000006, 0.000204
0.252000, 0.000006, 0.000193
0.253000, 0.000007, 0.000182
0.254000, 0.000007, 0.000172
0.255000, 0.000007, 0.000163
0.256000, 0.000007, 0.000154
0.257000, 0.000007, 0.000145
0.258000, 0.000007, 0.000137
0.259000, 0.000007, 0.000129
0.260000, 0.000008, 0.000122
0.261000, 0.000008, 0.000115
0.262000, 0.000008, 0.000108
0.263000, 0.000008, 0.000102
0.264000, 0.000008, 0.000096
0.265000, 0.000008, 0.000090
0.266000, 0.000008, 0.000085
0.267000, 0.000008, 0.000080
0.268000, 0.000008, 0.000075
0.269000, 0.000008, 0.000070
0.270000, 0.000008, 0.000066
0.271000, 0.000008, 0.000062
0.272000, 0.000009, 0.000058
0.273000, 0.000009, 0.000054
0.274000, 0.000009, 0.000051
0.275000, 0.000009, 0.000047
0.276000, 0.000009, 0.000044
0.277000, 0.000009, 0.000041
0.278000, 0.000009, 0.000038
0.279000, 0.000009, 0.000036
0.280000, 0.000009, 0.000033
0.281000, 0.000009, 0.000031
0.282000, 0.000009, 0.000028
0.283000, 0.000009, 0.000026
0.284000, 0.000009, 0.000024
0.285000, 0.000009, 0.000022
0.286000, 0.000009, 0.000020
0.287000, 0.000009, 0.000018
0.288000, 0.000009, 0.000017
0.289000, 0.000009, 0.000015
0.290000, 0.000009, 0.000014
0.291000, 0.000009, 0.000012
0.292000, 0.000009, 0.000011
0.293000, 0.000009, 0.000010
0.294000, 0.000009, 0.000008
0.295000, 0.000009, 0.000007
0.296000, 0.000009, 0.000006
0.297000, 0.000009, 0.000005
0.298000, 0.000009, 0.000004
0.299000, 0.000009, 0.000003
0.300000, 0.000009, 0.000002
0.301000, 0.000009, 0.000002
0.302000, 0.000009, 0.000001
0.303000, 0.000009, 0.000000
0.304000, 0.000009, -0.000001
0.305000, 0.000009, -0.000001
0.306000, 0.000009, -0.000002
0.307000, 0.000009, -0.000003
0.308000, 0.000009, -0.000003
0.309000, 0.000009, -0.000004
0.310000, 0.000009, -0.000004
0.311000, 0.000009, -0.000005
0.312000, 0.000009, -0.000005
0.313000, 0.000009, -0.000006
0.314000, 0.000009, -0.000006
0.315000, 0.000009, -0.000006
0.316000, 0.000009, -0.000007
0.317000, 0.000009, -0.000007
0.318000, 0.000009, -0.000007
0.319000, 0.000009, -0.000008
0.320000, 0.000009, -0.000008
0.321000, 0.000009, -0.000008
0.322000, 0.000009, -0.000009
0.323000, 0.000009, -0.000009
0.324000, 0.000009, -0.000009
0.325000, 0.000009, -0.000009
0.326000, 0.000009, -0.000010
0.327000, 0.000009, -0.000010
0.328000, 0.000009, -0.000010
0.329000, 0.000009, -0.000010
0.330000, 0.000009, -0.000010
0.331000, 0.000009, -0.000011
0.332000, 0.000009, -0.000011
0.333000, 0.000009, -0.000011
0.334000, 0.000009, -0.000011
0.335000, 0.000009, -0.000011
0.336000, 0.000009, -0.000011
0.337000, 0.000009, -0.000011
0.338000, 0.000009, -0.000012
0.339000, 0.000009, -0.000012
0.340000, 0.000009, -0.000012
0.341000, 0.000009, -0.000012
0.342000, 0.000009, -0.000012
0.343000, 0.000009, -0.000012
0.344000, 0.000009, -0.000012
0.345000, 0.000009, -0.000012
0.346000, 0.000009, -0.000012
0.347000, 0.000009, -0.000012
0.348000, 0.000009, -0.000012
0.349000, 0.000009, -0.000012
0.350000, 0.000009, -0.000012
0.351000, 0.000009, -0.000013
0.352000, 0.000009, -0.000013
0.353000, 0.000009, -0.000013
0.354000, 0.000009, -0.000013
0.355000, 0.000009, -0.000013
0.356000, 0.000009, -0.000013
0.357000, 0.000009, -0.000013
0.358000, 0.000009, -0.000013
0.359000, 0.000009, -0.000013
0.360000, 0.000009, -0.000013
0.361000, 0.000009, -0.000013
0.362000, 0.000009, -0.000013
0.363000, 0.000009, -0.000013
0.364000, 0.000009, -0.000013
0.365000, 0.000009, -0.000013
0.366000, 0.000009, -0.000013
0.367000, 0.000009, -0.000013
0.368000, 0.000009, -0.000013
0.369000, 0.000008, -0.000013
0.370000, 0.000008, -0.000013
0.371000, 0.000008, -0.000013
0.372000, 0.000008, -0.000013
0.373000, 0.000008, -0.000013
0.374000, 0.000008, -0.000013
0.375000, 0.000008, -0.000013
0.376000, 0.000008, -0.000013
0.377000, 0.000008, -0.000013
0.378000, 0.000008, -0.000013
0.379000, 0.000008, -0.000013
0.380000, 0.000008, -0.000013
0.381000, 0.000008, -0.000013
0.382000, 0.000008, -0.000013
0.383000, 0.000008, -0.000013
0.384000, 0.000008, -0.000013
0.385000, 0.000008, -0.000013
0.386000, 0.000008, -0.000013
0.387000, 0.000008, -0.000013
0.388000, 0.000008, -0.000013
0.389000, 0.000008, -0.000013
0.390000, 0.000008, -0.000013
0.391000, 0.000008, -0.000013
0.392000, 0.000008, -0.000013
0.393000, 0.000008, -0.000013
0.394000, 0.000008, -0.000013
0.395000, 0.000008, -0.000013
0.396000, 0.000008, -0.000013
0.397000, 0.000008, -0.000013
0.398000, 0.000008, -0.000013
0.399000, 0.000008, -0.000013
0.400000, 0.000008, -0.000013
0.401000, 0.000008, -0.000013
0.402000, 0.000008, -0.000013
0.403000, 0.000008, -0.000013
0.404000, 0.000008, -0.000013
0.405000, 0.000008, -0.000013
0.406000, 0.000008, -0.000013
0.407000, 0.000008, -0.000013
0.408000, 0.000008, -0.000013
0.409000, 0.000008, -0.000013
0.410000, 0.000008, -0.000013
0.411000, 0.000008, -0.000013
0.412000, 0.000008, -0.000013
0.413000, 0.000008, -0.000013
0.414000, 0.000008, -0.000013
0.415000, 0.000008, -0.000013
0.416000, 0.000008, -0.000013
0.417000, 0.000008, -0.000013
0.418000, 0.000008, -0.000013
0.419000, 0.000008, -0.000013
0.420000, 0.000008, -0.000013
0.421000, 0.000008, -0.000013
0.422000, 0.000008, -0.000013
0.423000, 0.000008, -0.000013
0.424000, 0.000008, -0.000013
0.425000, 0.000008, -0.000013
0.426000, 0.000008, -0.000013
0.427000, 0.000008, -0.000013
0.428000, 0.000008, -0.000013
0.429000, 0.000008, -0.000013
0.430000, 0.000008, -0.000013
0.431000, 0.000008, -0.000013
0.432000, 0.000008, -0.000013
0.433000, 0.000008, -0.000013
0.434000, 0.000008, -0.000013
0.435000, 0.000008, -0.000013
0.436000, 0.000008, -0.000013
0.437000, 0.000008, -0.000013
0.438000, 0.000008, -0.000013
0.439000, 0.000008, -0.000013
0.440000, 0.000008, -0.000013
0.441000, 0.000008, -0.000013
0.442000, 0.000008, -0.000013
0.443000, 0.000008, -0.000013
0.444000, 0.000007, -0.000013
0.445000, 0.000007, -0.000013
0.446000, 0.000007, -0.000013
0.447000, 0.000007, -0.000013
0.448000, 0.000007, -0.000013
0.449000, 0.000007, -0.000013
0.450000, 0.000007, -0.000013
0.451000, 0.000007, -0.000013
0.452000, 0.000007, -0.000013
0.453000, 0.000007, -0.000013
0.454000, 0.000007, -0.000013
0.455000, 0.000007, -0.000013
0.456000, 0.000007, -0.000013
0.457000, 0.000007, -0.000013
0.458000, 0.000007, -0.000013
0.459000, 0.000007, -0.000013
0.460000, 0.000007, -0.000013
0.461000, 0.000007, -0.000013
0.462000, 0.000007, -0.000013
0.463000, 0.000007, -0.000013
0.464000, 0.000007, -0.000013
0.465000, 0.000007, -0.000013
0.466000, 0.000007, -0.000013
0.467000, 0.000007, -0.000013
0.468000, 0.000007, -0.000013
0.469000, 0.000007, -0.000013
0.470000, 0.000007, -0.000013
0.471000, 0.000007, -0.000013
0.472000, 0.000007, -0.000013
0.473000, 0.000007, -0.000013
0.474000, 0.000007, -0.000013
0.475000, 0.000007, -0.000013
0.476000, 0.000007, -0.000013
0.477000, 0.000007, -0.000013
0.478000, 0.000007, -0.000013
0.479000, 0.000007, -0.000013
0.480000, 0.000007, -0.000013
0.481000, 0.000007, -0.000013
0.482000, 0.000007, -0.000013
0.483000, 0.000007, -0.000013
0.484000, 0.000007, -0.000013
0.485000, 0.000007, -0.000013
0.486000, 0.000007, -0.000013
0.487000, 0.000007, -0.000013
0.488000, 0.000007, -0.000013
0.489000, 0.000007, -0.000013
0.490000, 0.000007, -0.000013
0.491000, 0.000007, -0.000013
0.492000, 0.000007, -0.000013
0.493000, 0.000007, -0.000013
0.494000, 0.000007, -0.000013
0.495000, 0.000007, -0.000013
0.496000, 0.000007, -0.000013
0.497000, 0.000007, -0.000013
0.498000, 0.000007, -0.000013
0.499000, 0.000007, -0.000013
0.500000, 0.000007, -0.000013
0.501000, 0.000007, -0.000013
0.502000, 0.000007, -0.000013
0.503000, 0.000007, -0.000013
0.504000, 0.000007, -0.000013
0.505000, 0.000007, -0.000013
0.506000, 0.000007, -0.000013
0.507000, 0.000007, -0.000013
0.508000, 0.000007, -0.000013
0.509000, 0.000007, -0.000013
0.510000, 0.000007, -0.000013
0.511000, 0.000007, -0.000013
0.512000, 0.000007, -0.000013
0.513000, 0.000007, -0.000013
0.514000, 0.000007, -0.000013
0.515000, 0.000007, -0.000013
0.516000, 0.000007, -0.000013
0.517000, 0.000007, -0.000013
0.518000, 0.000007, -0.000013
0.519000, 0.000007, -0.000013
0.520000, 0.000006, -0.000013
0.521000, 0.000006, -0.000013
0.522000, 0.000006, -0.000013
0.523000, 0.000006, -0.000013
0.524000, 0.000006, -0.000013
0.525000, 0.000006, -0.000013
0.526000, 0.000006, -0.000013
0.527000, 0.000006, -0.000013
0.528000, 0.000006, -0.000013
0.529000, 0.000006, -0.000013
0.530000, 0.000006, -0.000013
0.531000, 0.000006, -0.000013
0.532000, 0.000006, -0.000013
0.533000, 0.000006, -0.000013
0.534000, 0.000006, -0.000013
0.535000, 0.000006, -0.000013
0.536000, 0.000006, -0.000013
0.537000, 0.000006, -0.000013
0.538000, 0.000006, -0.000013
0.539000, 0.000006, -0.000013
0.540000, 0.000006, -0.000013
0.541000, 0.000006, -0.000013
0.542000, 0.000006, -0.000013
0.543000, 0.000006, -0.000013
0.544000, 0.000006, -0.000013
0.545000, 0.000006, -0.000013
0.546000, 0.000006, -0.000013
0.547000, 0.000006, -0.000013
0.548000, 0.000006, -0.000013
0.549000, 0.000006, -0.000013
0.550000, 0.000006, -0.000013
0.551000, 0.000006, -0.000013
0.552000, 0.000006, -0.000013
0.553000, 0.000006, -0.000013
0.554000, 0.000006, -0.000013
0.555000, 0.000006, -0.000013
0.556000, 0.000006, -0.000013
0.557000, 0.000006, -0.000013
0.558000, 0.000006, -0.000013
0.559000, 0.000006, -0.000013
0.560000, 0.000006, -0.000013
0.561000, 0.000006, -0.000013
0.562000, 0.000006, -0.000013
0.563000, 0.000006, -0.000013
0.564000, 0.000006, -0.000013
0.565000, 0.000006, -0.000013
0.566000, 0.000006, -0.000013
0.567000, 0.000006, -0.000013
0.568000, 0.000006, -0.000013
0.569000, 0.000006, -0.000013
0.570000, 0.000006, -0.000013
0.571000, 0.000006, -0.000013
0.572000, 0.000006, -0.000013
0.573000, 0.000006, -0.000013
0.574000, 0.000006, -0.000013
0.575000, 0.000006, -0.000013
0.576000, 0.000006, -0.000013
0.577000, 0.000006, -0.000013
0.578000, 0.000006, -0.000013
0.579000, 0.000006, -0.000013
0.580000, 0.000006, -0.000013
0.581000, 0.000006, -0.000013
0.582000, 0.000006, -0.000013
0.583000, 0.000006, -0.000013
0.584000, 0.000006, -0.000013
0.585000, 0.000006, -0.000013
0.586000, 0.000006, -0.000013
0.587000, 0.000006, -0.000013
0.588000, 0.000006, -0.000013
0.589000, 0.000006, -0.000013
0.590000, 0.000006, -0.000013
0.591000, 0.000006, -0.000013
0.592000, 0.000006, -0.000013
0.593000, 0.000006, -0.000013
0.594000, 0.000006, -0.000013
0.595000, 0.000006, -0.000013
0.596000, 0.000006, -0.000013
0.597000, 0.000005, -0.000013
0.598000, 0.000005, -0.000013
0.599000, 0.000005, -0.000013
0.600000, 0.000005, -0.000013
0.601000, 0.000005, -0.000013
0.602000, 0.000005, -0.000013
0.603000, 0.000005, -0.000013
0.604000, 0.000005, -0.000013
0.605000, 0.000005, -0.000013
0.606000, 0.000005, -0.000013
0.607000, 0.000005, -0.000013
0.608000, 0.000005, -0.000013
0.609000, 0.000005, -0.000013
0.610000, 0.000005, -0.000013
0.611000, 0.000005, -0.000013
0.612000, 0.000005, -0.000013
0.613000, 0.000005, -0.000013
0.614000, 0.000005, -0.000013
0.615000, 0.000005, -0.000013
0.616000, 0.000005, -0.000013
0.617000, 0.000005, -0.000013
0.618000, 0.000005, -0.000013
0.619000, 0.000005, -0.000013
0.620000, 0.000005, -0.000013
0.621000, 0.000005, -0.000013
0.622000, 0.000005, -0.000013
0.623000, 0.000005, -0.000013
0.624000, 0.000005, -0.000013
0.625000, 0.000005, -0.000013
0.626000, 0.000005, -0.000013
0.627000, 0.000005, -0.000013
0.628000, 0.000005, -0.000013
0.629000, 0.000005, -0.000013
0.630000, 0.000005, -0.000013
0.631000, 0.000005, -0.000013
0.632000, 0.000005, -0.000013
0.633000, 0.000005, -0.000013
0.634000, 0.000005, -0.000013
0.635000, 0.000005, -0.000013
0.636000, 0.000005, -0.000013
0.637000, 0.000005, -0.000013
0.638000, 0.000005, -0.000013
0.639000, 0.000005, -0.000013
0.640000, 0.000005, -0.000013
0.641000, 0.000005, -0.000013
0.642000, 0.000005, -0.000013
0.643000, 0.000005, -0.000013
0.644000, 0.000005, -0.000013
0.645000, 0.000005, -0.000013
0.646000, 0.000005, -0.000013
0.647000, 0.000005, -0.000013
0.648000, 0.000005, -0.000013
0.649000, 0.000005, -0.000013
0.650000, 0.000005, -0.000013
0.651000, 0.000005, -0.000013
0.652000, 0.000005, -0.000013
0.653000, 0.000005, -0.000013
0.654000, 0.000005, -0.000013
0.655000, 0.000005, -0.000013
0.656000, 0.000005, -0.000013
0.657000, 0.000005, -0.000013
0.658000, 0.000005, -0.000013
0.659000, 0.000005, -0.000013
0.660000, 0.000005, -0.000013
0.661000, 0.000005, -0.000013
0.662000, 0.000005, -0.000013
0.663000, 0.000005, -0.000013
0.664000, 0.000005, -0.000013
0.665000, 0.000005, -0.000013
0.666000, 0.000005, -0.000013
0.667000, 0.000005, -0.000013
0.668000, 0.000005, -0.000013
0.669000, 0.000005, -0.000013
0.670000, 0.000005, -0.000013
0.671000, 0.000005, -0.000013
0.672000, 0.000005, -0.000013
0.673000, 0.000005, -0.000013
0.674000, 0.000005, -0.000013
0.675000, 0.000004, -0.000013
0.676000, 0.000004, -0.000013
0.677000, 0.000004, -0.000013
0.678000, 0.000004, -0.000013
0.679000, 0.000004, -0.000013
0.680000, 0.000004, -0.000013
0.681000, 0.000004, -0.000013
0.682000, 0.000004, -0.000013
0.683000, 0.000004, -0.000013
0.684000, 0.000004, -0.000013
0.685000, 0.000004, -0.000013
0.686000, 0.000004, -0.000013
0.687000, 0.000004, -0.000013
0.688000, 0.000004, -0.000013
0.689000, 0.000004, -0.000013
0.690000, 0.000004, -0.000013
0.691000, 0.000004, -0.000013
0.692000, 0.000004, -0.000013
0.693000, 0.000004, -0.000013
0.694000, 0.000004, -0.000013
0.695000, 0.000004, -0.000013
0.696000, 0.000004, -0.000013
0.697000, 0.000004, -0.000013
0.698000, 0.000004, -0.000013
0.699000, 0.000004, -0.000013
0.700000, 0.000004, -0.000013
0.701000, 0.000004, -0.000013
0.702000, 0.000004, -0.000013
0.703000, 0.000004, -0.000013
0.704000, 0.000004, -0.000013
0.705000, 0.000004, -0.000013
0.706000, 0.000004, -0.000013
0.707000, 0.000004, -0.000013
0.708000, 0.000004, -0.000013
0.709000, 0.000004, -0.000013
0.710000, 0.000004, -0.000013
0.711000, 0.000004, -0.000013
0.712000, 0.000004, -0.000013
0.713000, 0.000004, -0.000013
0.714000, 0.000004, -0.000013
0.715000, 0.000004, -0.000013
0.716000, 0.000004, -0.000013
0.717000, 0.000004, -0.000013
0.718000, 0.000004, -0.000013
0.719000, 0.000004, -0.000013
0.720000, 0.000004, -0.000013
0.721000, 0.000004, -0.000013
0.722000, 0.000004, -0.000013
0.723000, 0.000004, -0.000013
0.724000, 0.000004, -0.000013
0.725000, 0.000004, -0.000013
0.726000, 0.000004, -0.000013
0.727000, 0.000004, -0.000013
0.728000, 0.000004, -0.000013
0.729000, 0.000004, -0.000013
0.730000, 0.000004, -0.000013
0.731000, 0.000004, -0.000013
0.732000, 0.000004, -0.000013
0.733000, 0.000004, -0.000013
0.734000, 0.000004, -0.000013
0.735000, 0.000004, -0.000013
0.736000, 0.000004, -0.000013
0.737000, 0.000004, -0.000013
0.738000, 0.000004, -0.000013
0.739000, 0.000004, -0.000012
0.740000, 0.000004, -0.000012
0.741000, 0.000004, -0.000012
0.742000, 0.000004, -0.000012
0.743000, 0.000004, -0.000012
0.744000, 0.000004, -0.000012
0.745000, 0.000004, -0.000012
0.746000, 0.000004, -0.000012
0.747000, 0.000004, -0.000012
0.748000, 0.000004, -0.000012
0.749000, 0.000004, -0.000012
0.750000, 0.000004, -0.000012
0.751000, 0.000004, -0.000012
0.752000, 0.000004, -0.000012
0.753000, 0.000004, -0.000012
0.754000, 0.000004, -0.000012
0.755000, 0.000003, -0.000012
0.756000, 0.000003, -0.000012
0.757000, 0.000003, -0.000012
0.758000, 0.000003, -0.000012
0.759000, 0.000003, -0.000012
0.760000, 0.000003, -0.000012
0.761000, 0.000003, -0.000012
0.762000, 0.000003, -0.000012
0.763000, 0.000003, -0.000012
0.764000, 0.000003, -0.000012
0.765000, 0.000003, -0.000012
0.766000, 0.000003, -0.000012
0.767000, 0.000003, -0.000012
0.768000, 0.000003, -0.000012
0.769000, 0.000003, -0.000012
0.770000, 0.000003, -0.000012
0.771000, 0.000003, -0.000012
0.772000, 0.000003, -0.000012
0.773000, 0.000003, -0.000012
0.774000, 0.000003, -0.000012
0.775000, 0.000003, -0.000012
0.776000, 0.000003, -0.000012
0.777000, 0.000003, -0.000012
0.778000, 0.000003, -0.000012
0.779000, 0.000003, -0.000012
0.780000, 0.000003, -0.000012
0.781000, 0.000003, -0.000012
0.782000, 0.000003, -0.000012
0.783000, 0.000003, -0.000012
0.784000, 0.000003, -0.000012
0.785000, 0.000003, -0.000012
0.786000, 0.000003, -0.000012
0.787000, 0.000003, -0.000012
0.788000, 0.000003, -0.000012
0.789000, 0.000003, -0.000012
0.790000, 0.000003, -0.000012
0.791000, 0.000003, -0.000012
0.792000, 0.000003, -0.000012
0.793000, 0.000003, -0.000012
0.794000, 0.000003, -0.000012
0.795000, 0.000003, -0.000012
0.796000, 0.000003, -0.000012
0.797000, 0.000003, -0.000012
0.798000, 0.000003, -0.000012
0.799000, 0.000003, -0.000012
0.800000, 0.000003, -0.000012
0.801000, 0.000003, -0.000012
0.802000, 0.000003, -0.000012
0.803000, 0.000003, -0.000012
0.804000, 0.000003, -0.000012
0.805000, 0.000003, -0.000012
0.806000, 0.000003, -0.000012
0.807000, 0.000003, -0.000012
0.808000, 0.000003, -0.000012
0.809000, 0.000003, -0.000012
0.810000, 0.000003, -0.000012
0.811000, 0.000003, -0.000012
0.812000, 0.000003, -0.000012
0.813000, 0.000003, -0.000012
0.814000, 0.000003, -0.000012
0.815000, 0.000003, -0.000012
0.816000, 0.000003, -0.000012
0.817000, 0.000003, -0.000012
0.818000, 0.000003, -0.000012
0.819000, 0.000003, -0.000012
0.820000, 0.000003, -0.000012
0.821000, 0.000003, -0.000012
0.822000, 0.000003, -0.000012
0.823000, 0.000003, -0.000012
0.824000, 0.000003, -0.000012
0.825000, 0.000003, -0.000012
0.826000, 0.000003, -0.000012
0.827000, 0.000003, -0.000012
0.828000, 0.000003, -0.000012
0.829000, 0.000003, -0.000012
0.830000, 0.000003, -0.000012
0.831000, 0.000003, -0.000012
0.832000, 0.000003, -0.000012
0.833000, 0.000003, -0.000012
0.834000, 0.000003, -0.000012
0.835000, 0.000003, -0.000012
0.836000, 0.000002, -0.000012
0.837000, 0.000002, -0.000012
0.838000, 0.000002, -0.000012
0.839000, 0.000002, -0.000012
0.840000, 0.000002, -0.000012
0.841000, 0.000002, -0.000012
0.842000, 0.000002, -0.000012
0.843000, 0.000002, -0.000012
0.844000, 0.000002, -0.000012
0.845000, 0.000002, -0.000012
0.846000, 0.000002, -0.000012
0.847000, 0.000002, -0.000012
0.848000, 0.000002, -0.000012
0.849000, 0.000002, -0.000012
0.850000, 0.000002, -0.000012
0.851000, 0.000002, -0.000012
0.852000, 0.000002, -0.000012
0.853000, 0.000002, -0.000012
0.854000, 0.000002, -0.000012
0.855000, 0.000002, -0.000012
0.856000, 0.000002, -0.000012
0.857000, 0.000002, -0.000012
0.858000, 0.000002, -0.000012
0.859000, 0.000002, -0.000012
0.860000, 0.000002, -0.000012
0.861000, 0.000002, -0.000012
0.862000, 0.000002, -0.000012
0.863000, 0.000002, -0.000012
0.864000, 0.000002, -0.000012
0.865000, 0.000002, -0.000012
0.866000, 0.000002, -0.000012
0.867000, 0.000002, -0.000012
0.868000, 0.000002, -0.000012
0.869000, 0.000002, -0.000012
0.870000, 0.000002, -0.000012
0.871000, 0.000002, -0.000012
0.872000, 0.000002, -0.000012
0.873000, 0.000002, -0.000012
0.874000, 0.000002, -0.000012
0.875000, 0.000002, -0.000012
0.876000, 0.000002, -0.000012
0.877000, 0.000002, -0.000012
0.878000, 0.000002, -0.000012
0.879000, 0.000002, -0.000012
0.880000, 0.000002, -0.000012
0.881000, 0.000002, -0.000012
0.882000, 0.000002, -0.000012
0.883000, 0.000002, -0.000012
0.884000, 0.000002, -0.000012
0.885000, 0.000002, -0.000012
0.886000, 0.000002, -0.000012
0.887000, 0.000002, -0.000012
0.888000, 0.000002, -0.000012
0.889000, 0.000002, -0.000012
0.890000, 0.000002, -0.000012
0.891000, 0.000002, -0.000012
0.892000, 0.000002, -0.000012
0.893000, 0.000002, -0.000012
0.894000, 0.000002, -0.000012
0.895000, 0.000002, -0.000012
0.896000, 0.000002, -0.000012
0.897000, 0.000002, -0.000012
0.898000, 0.000002, -0.000012
0.899000, 0.000002, -0.000012
0.900000, 0.000002, -0.000012
0.901000, 0.000002, -0.000012
0.902000, 0.000002, -0.000012
0.903000, 0.000002, -0.000012
0.904000, 0.000002, -0.000012
0.905000, 0.000002, -0.000012
0.906000, 0.000002, -0.000012
0.907000, 0.000002, -0.000012
0.908000, 0.000002, -0.000012
0.909000, 0.000002, -0.000012
0.910000, 0.000002, -0.000012
0.911000, 0.000002, -0.000012
0.912000, 0.000002, -0.000012
0.913000, 0.000002, -0.000012
0.914000, 0.000002, -0.000012
0.915000, 0.000002, -0.000012
0.916000, 0.000002, -0.000012
0.917000, 0.000002, -0.000012
0.918000, 0.000001, -0.000012
0.919000, 0.000001, -0.000012
0.920000, 0.000001, -0.000012
0.921000, 0.000001, -0.000012
0.922000, 0.000001, -0.000012
0.923000, 0.000001, -0.000012
0.924000, 0.000001, -0.000012
0.925000, 0.000001, -0.000012
0.926000, 0.000001, -0.000012
0.927000, 0.000001, -0.000012
0.928000, 0.000001, -0.000012
0.929000, 0.000001, -0.000012
0.930000, 0.000001, -0.000012
0.931000, 0.000001, -0.000012
0.932000, 0.000001, -0.000012
0.933000, 0.000001, -0.000012
0.934000, 0.000001, -0.000012
0.935000, 0.000001, -0.000012
0.936000, 0.000001, -0.000012
0.937000, 0.000001, -0.000012
0.938000, 0.000001, -0.000012
0.939000, 0.000001, -0.000012
0.940000, 0.000001, -0.000012
0.941000, 0.000001, -0.000012
0.942000, 0.000001, -0.000012
0.943000, 0.000001, -0.000012
0.944000, 0.000001, -0.000012
0.945000, 0.000001, -0.000012
0.946000, 0.000001, -0.000012
0.947000, 0.000001, -0.000012
0.948000, 0.000001, -0.000012
0.949000, 0.000001, -0.000012
0.950000, 0.000001, -0.000012
0.951000, 0.000001, -0.000012
0.952000, 0.000001, -0.000012
0.953000, 0.000001, -0.000012
0.954000, 0.000001, -0.000012
0.955000, 0.000001, -0.000012
0.956000, 0.000001, -0.000012
0.957000, 0.000001, -0.000012
0.958000, 0.000001, -0.000012
0.959000, 0.000001, -0.000012
0.960000, 0.000001, -0.000012
0.961000, 0.000001, -0.000012
0.962000, 0.000001, -0.000012
0.963000, 0.000001, -0.000012
0.964000, 0.000001, -0.000012
0.965000, 0.000001, -0.000012
0.966000, 0.000001, -0.000012
0.967000, 0.000001, -0.000012
0.968000, 0.000001, -0.000012
0.969000, 0.000001, -0.000012
0.970000, 0.000001, -0.000012
0.971000, 0.000001, -0.000012
0.972000, 0.000001, -0.000012
0.973000, 0.000001, -0.000012
0.974000, 0.000001, -0.000012
0.975000, 0.000001, -0.000012
0.976000, 0.000001, -0.000012
0.977000, 0.000001, -0.000012
0.978000, 0.000001, -0.000012
0.979000, 0.000001, -0.000012
0.980000, 0.000001, -0.000012
0.981000, 0.000001, -0.000012
0.982000, 0.000001, -0.000012
0.983000, 0.000001, -0.000012
0.984000, 0.000001, -0.000012
0.985000, 0.000001, -0.000012
0.986000, 0.000001, -0.000012
0.987000, 0.000001, -0.000012
0.988000, 0.000001, -0.000012
0.989000, 0.000001, -0.000012
0.990000, 0.000001, -0.000012
0.991000, 0.000001, -0.000012
0.992000, 0.000001, -0.000012
0.993000, 0.000001, -0.000012
0.994000, 0.000001, -0.000012
0.995000, 0.000001, -0.000012
0.996000, 0.000001, -0.000012
0.997000, 0.000001, -0.000012
0.998000, 0.000001, -0.000012
0.999000, 0.000001, -0.000012
1.000000, 1.500000, -0.000012
1.001000, 1.485746, -9.502805
1.002000, 1.464473, -17.349559
1.003000, 1.437496, -23.768308
1.004000, 1.405943, -28.957861
1.005000, 1.370785, -33.091477
1.006000, 1.332850, -36.320103
1.007000, 1.292848, -38.775191
1.008000, 1.251378, -40.571142
1.009000, 1.208953, -41.807439
1.010000, 1.166001, -42.570492
1.011000, 1.122883, -42.935257
1.012000, 1.079901, -42.966653
1.013000, 1.037303, -42.720810
1.014000, 0.995294, -42.246160
1.015000, 0.954041, -41.584410
1.016000, 0.913676, -40.771397
1.017000, 0.874305, -39.837839
1.018000, 0.836009, -38.810002
1.019000, 0.798848, -37.710284
1.020000, 0.762867, -36.557730
1.021000, 0.728093, -35.368480
1.022000, 0.694543, -34.156163
1.023000, 0.662223, -32.932242
1.024000, 0.631129, -31.706310
1.025000, 0.601253, -30.486352
1.026000, 0.572578, -29.278967
1.027000, 0.545083, -28.089568
1.028000, 0.518744, -26.922547
1.029000, 0.493533, -25.781422
1.030000, 0.469420, -24.668963
1.031000, 0.446374, -23.587304
1.032000, 0.424360, -22.538034
1.033000, 0.403346, -21.522280
1.034000, 0.383296, -20.540778
1.035000, 0.364175, -19.593931
1.036000, 0.345949, -18.681866
1.037000, 0.328584, -17.804475
1.038000, 0.312044, -16.961457
1.039000, 0.296296, -16.152350
1.040000, 0.281307, -15.376561
1.041000, 0.267045, -14.633393
1.042000, 0.253479, -13.922060
1.043000, 0.240578, -13.241715
1.044000, 0.228311, -12.591458
1.045000, 0.216651, -11.970352
1.046000, 0.205570, -11.377437
1.047000, 0.195042, -10.811737
1.048000, 0.185039, -10.272269
1.049000, 0.175538, -9.758051
1.050000, 0.166515, -9.268105
1.051000, 0.157947, -8.801467
1.052000, 0.149812, -8.357187
1.053000, 0.142089, -7.934333
1.054000, 0.134758, -7.531994
1.055000, 0.127800, -7.149282
1.056000, 0.121197, -6.785335
1.057000, 0.114930, -6.439316
1.058000, 0.108984, -6.110415
1.059000, 0.103343, -5.797850
1.060000, 0.097990, -5.500865
1.061000, 0.092913, -5.218735
1.062000, 0.088096, -4.950760
1.063000, 0.083527, -4.696267
1.064000, 0.079193, -4.454614
1.065000, 0.075083, -4.225180
1.066000, 0.071184, -4.007376
1.067000, 0.067487, -3.800634
1.068000, 0.063981, -3.604412
1.069000, 0.060656, -3.418194
1.070000, 0.057503, -3.241483
1.071000, 0.054513, -3.073810
1.072000, 0.051677, -2.914723
1.073000, 0.048989, -2.763794
1.074000, 0.046440, -2.620612
1.075000, 0.044023, -2.484790
1.076000, 0.041732, -2.355955
1.077000, 0.039559, -2.233754
1.078000, 0.037499, -2.117852
1.079000, 0.035546, -2.007928
1.080000, 0.033695, -1.903678
1.081000, 0.031939, -1.804814
1.082000, 0.030275, -1.711059
1.083000, 0.028697, -1.622153
1.084000, 0.027202, -1.537848
1.085000, 0.025784, -1.457907
1.086000, 0.024439, -1.382107
1.087000, 0.023165, -1.310235
1.088000, 0.021957, -1.242088
1.089000, 0.020812, -1.177476
1.090000, 0.019726, -1.116215
1.091000, 0.018697, -1.058133
1.092000, 0.017722, -1.003066
1.093000, 0.016797, -0.950858
1.094000, 0.015920, -0.901361
1.095000, 0.015089, -0.854436
1.096000, 0.014302, -0.809948
1.097000, 0.013555, -0.767773
1.098000, 0.012847, -0.727789
1.099000, 0.012176, -0.689884
1.100000, 0.011540, -0.653950
1.101000, 0.010937, -0.619884
1.102000, 0.010366, -0.587590
1.103000, 0.009824, -0.556976
1.104000, 0.009311, -0.527954
1.105000, 0.008824, -0.500442
1.106000, 0.008363, -0.474362
1.107000, 0.007926, -0.449638
1.108000, 0.007511, -0.426202
1.109000, 0.007118, -0.403985
1.110000, 0.006746, -0.382924
1.111000, 0.006393, -0.362960
1.112000, 0.006058, -0.344035
1.113000, 0.005741, -0.326095
1.114000, 0.005441, -0.309089
1.115000, 0.005156, -0.292969
1.116000, 0.004886, -0.277688
1.117000, 0.004630, -0.263203
1.118000, 0.004387, -0.249472
1.119000, 0.004157, -0.236456
1.120000, 0.003939, -0.224119
1.121000, 0.003733, -0.212423
1.122000, 0.003537, -0.201337
1.123000, 0.003351, -0.190829
1.124000, 0.003175, -0.180868
1.125000, 0.003009, -0.171425
1.126000, 0.002851, -0.162475
1.127000, 0.002701, -0.153991
1.128000, 0.002559, -0.145949
1.129000, 0.002424, -0.138326
1.130000, 0.002297, -0.131101
1.131000, 0.002176, -0.124252
1.132000, 0.002062, -0.117760
1.133000, 0.001953, -0.111606
1.134000, 0.001850, -0.105773
1.135000, 0.001753, -0.100244
1.136000, 0.001660, -0.095003
1.137000, 0.001573, -0.090035
1.138000, 0.001490, -0.085327
1.139000, 0.001411, -0.080864
1.140000, 0.001337, -0.076633
1.141000, 0.001266, -0.072624
1.142000, 0.001199, -0.068823
1.143000, 0.001136, -0.065220
1.144000, 0.001076, -0.061806
1.145000, 0.001019, -0.058569
1.146000, 0.000965, -0.055502
1.147000, 0.000914, -0.052594
1.148000, 0.000865, -0.049838
1.149000, 0.000819, -0.047226
1.150000, 0.000776, -0.044750
1.151000, 0.000734, -0.042403
1.152000, 0.000695, -0.040179
1.153000, 0.000658, -0.038071
1.154000, 0.000623, -0.036073
1.155000, 0.000590, -0.034179
1.156000, 0.000559, -0.032384
1.157000, 0.000529, -0.030683
1.158000, 0.000500, -0.029071
1.159000, 0.000474, -0.027543
1.160000, 0.000448, -0.026095
1.161000, 0.000424, -0.024722
1.162000, 0.000402, -0.023421
1.163000, 0.000380, -0.022188
1.164000, 0.000360, -0.021020
1.165000, 0.000340, -0.019912
1.166000, 0.000322, -0.018863
1.167000, 0.000304, -0.017868
1.168000, 0.000288, -0.016926
1.169000, 0.000272, -0.016032
1.170000, 0.000258, -0.015186
1.171000, 0.000244, -0.014383
1.172000, 0.000230, -0.013623
1.173000, 0.000218, -0.012903
1.174000, 0.000206, -0.012220
1.175000, 0.000195, -0.011573
1.176000, 0.000184, -0.010960
1.177000, 0.000174, -0.010379
1.178000, 0.000164, -0.009828
1.179000, 0.000155, -0.009307
1.180000, 0.000147, -0.008812
1.181000, 0.000139, -0.008344
1.182000, 0.000131, -0.007900
1.183000, 0.000124, -0.007479
1.184000, 0.000117, -0.007081
1.185000, 0.000110, -0.006703
1.186000, 0.000104, -0.006345
1.187000, 0.000098, -0.006007
1.188000, 0.000093, -0.005685
1.189000, 0.000088, -0.005381
1.190000, 0.000083, -0.005093
1.191000, 0.000078, -0.004820
1.192000, 0.000074, -0.004561
1.193000, 0.000069, -0.004316
1.194000, 0.000065, -0.004084
1.195000, 0.000062, -0.003864
1.196000, 0.000058, -0.003655
1.197000, 0.000055, -0.003458
1.198000, 0.000052, -0.003271
1.199000, 0.000049, -0.003094
1.200000, 0.000046, -0.002926
1.201000, 0.000043, -0.002767
1.202000, 0.000040, -0.002617
1.203000, 0.000038, -0.002474
1.204000, 0.000036, -0.002339
1.205000, 0.000034, -0.002211
1.206000, 0.000032, -0.002090
1.207000, 0.000030, -0.001976
1.208000, 0.000028, -0.001867
1.209000, 0.000026, -0.001764
1.210000, 0.000025, -0.001667
1.211000, 0.000023, -0.001575
1.212000, 0.000022, -0.001487
1.213000, 0.000020, -0.001405
1.214000, 0.000019, -0.001327
1.215000, 0.000018, -0.001253
1.216000, 0.000017, -0.001182
1.217000, 0.000015, -0.001116
1.218000, 0.000014, -0.001053
1.219000, 0.000014, -0.000994
1.220000, 0.000013, -0.000938
1.221000, 0.000012, -0.000884
1.222000, 0.000011, -0.000834
1.223000, 0.000010, -0.000786
1.224000, 0.000009, -0.000741
1.225000, 0.000009, -0.000698
1.226000, 0.000008, -0.000658
1.227000, 0.000008, -0.000620
1.228000, 0.000007, -0.000584
1.229000, 0.000006, -0.000550
1.230000, 0.000006, -0.000517
1.231000, 0.000005, -0.000487
1.232000, 0.000005, -0.000458
1.233000, 0.000005, -0.000430
1.234000, 0.000004, -0.000405
1.235000, 0.000004, -0.000380
1.236000, 0.000004, -0.000357
1.237000, 0.000003, -0.000335
1.238000, 0.000003, -0.000315
1.239000, 0.000003, -0.000295
1.240000, 0.000002, -0.000277
1.241000, 0.000002, -0.000259
1.242000, 0.000002, -0.000243
1.243000, 0.000002, -0.000227
1.244000, 0.000001, -0.000213
1.245000, 0.000001, -0.000199
1.246000, 0.000001, -0.000186
1.247000, 0.000001, -0.000173
1.248000, 0.000001, -0.000162
1.249000, 0.000001, -0.000151
1.250000, 0.000000, -0.000140
1.251000, 0.000000, -0.000131
1.252000, 0.000000, -0.000121
1.253000, 0.000000, -0.000113
1.254000, -0.000000, -0.000105
1.255000, -0.000000, -0.000097
1.256000, -0.000000, -0.000090
1.257000, -0.000000, -0.000083
1.258000, -0.000000, -0.000076
1.259000, -0.000000, -0.000070
1.260000, -0.000000, -0.000064
1.261000, -0.000001, -0.000059
1.262000, -0.000001, -0.000054
1.263000, -0.000001, -0.000049
1.264000, -0.000001, -0.000045
1.265000, -0.000001, -0.000041
1.266000, -0.000001, -0.000037
1.267000, -0.000001, -0.000033
1.268000, -0.000001, -0.000029
1.269000, -0.000001, -0.000026
1.270000, -0.000001, -0.000023
1.271000, -0.000001, -0.000020
1.272000, -0.000001, -0.000018
1.273000, -0.000001, -0.000015
1.274000, -0.000001, -0.000013
1.275000, -0.000001, -0.000011
1.276000, -0.000001, -0.000008
1.277000, -0.000001, -0.000007
1.278000, -0.000001, -0.000005
1.279000, -0.000001, -0.000003
1.280000, -0.000001, -0.000002
1.281000, -0.000001, -0.000000
1.282000, -0.000001, 0.000001
1.283000, -0.000001, 0.000003
1.284000, -0.000001, 0.000004
1.285000, -0.000001, 0.000005
1.286000, -0.000001, 0.000006
1.287000, -0.000001, 0.000007
1.288000, -0.000001, 0.000008
1.289000, -0.000001, 0.000008
1.290000, -0.000001, 0.000009
1.291000, -0.000001, 0.000010
1.292000, -0.000001, 0.000010
1.293000, -0.000001, 0.000011
1.294000, -0.000001, 0.000011
1.295000, -0.000001, 0.000012
1.296000, -0.000001, 0.000012
1.297000, -0.000001, 0.000013
1.298000, -0.000001, 0.000013
1.299000, -0.000001, 0.000013
1.300000, -0.000001, 0.000013
1.301000, -0.000001, 0.000014
1.302000, -0.000001, 0.000014
1.303000, -0.000001, 0.000014
1.304000, -0.000001, 0.000014
1.305000, -0.000001, 0.000014
1.306000, -0.000001, 0.000014
1.307000, -0.000001, 0.000014
1.308000, -0.000001, 0.000014
1.309000, -0.000001, 0.000015
1.310000, -0.000001, 0.000015
1.311000, -0.000001, 0.000015
1.312000, -0.000001, 0.000015
1.313000, -0.000001, 0.000015
1.314000, -0.000001, 0.000014
1.315000, -0.000001, 0.000014
1.316000, -0.000001, 0.000014
1.317000, -0.000001, 0.000014
1.318000, -0.000001, 0.000014
1.319000, -0.000000, 0.000014
1.320000, -0.000000, 0.000014
1.321000, -0.000000, 0.000014
1.322000, -0.000000, 0.000014
1.323000, -0.000000, 0.000014
1.324000, -0.000000, 0.000014
1.325000, -0.000000, 0.000013
1.326000, -0.000000, 0.000013
1.327000, -0.000000, 0.000013
1.328000, -0.000000, 0.000013
1.329000, -0.000000, 0.000013
1.330000, -0.000000, 0.000013
1.331000, -0.000000, 0.000013
1.332000, -0.000000, 0.000012
1.333000, -0.000000, 0.000012
1.334000, -0.000000, 0.000012
1.335000, -0.000000, 0.000012
1.336000, -0.000000, 0.000012
1.337000, -0.000000, 0.000012
1.338000, -0.000000, 0.000012
1.339000, -0.000000, 0.000011
1.340000, -0.000000, 0.000011
1.341000, -0.000000, 0.000011
1.342000, -0.000000, 0.000011
1.343000, -0.000000, 0.000011
1.344000, -0.000000, 0.000011
1.345000, -0.000000, 0.000010
1.346000, -0.000000, 0.000010
1.347000, -0.000000, 0.000010
1.348000, -0.000000, 0.000010
1.349000, -0.000000, 0.000010
1.350000, -0.000000, 0.000010
1.351000, -0.000000, 0.000010
1.352000, -0.000000, 0.000009
1.353000, -0.000000, 0.000009
1.354000, -0.000000, 0.000009
1.355000, -0.000000, 0.000009
1.356000, -0.000000, 0.000009
1.357000, -0.000000, 0.000009
1.358000, -0.000000, 0.000009
1.359000, -0.000000, 0.000008
1.360000, -0.000000, 0.000008
1.361000, -0.000000, 0.000008
1.362000, -0.000000, 0.000008
1.363000, -0.000000, 0.000008
1.364000, -0.000000, 0.000008
1.365000, 0.000000, 0.000008
1.366000, 0.000000, 0.000007
1.367000, 0.000000, 0.000007
1.368000, 0.000000, 0.000007
1.369000, 0.000000, 0.000007
1.370000, 0.000000, 0.000007
1.371000, 0.000000, 0.000007
1.372000, 0.000000, 0.000007
1.373000, 0.000000, 0.000007
1.374000, 0.000000, 0.000007
1.375000, 0.000000, 0.000006
1.376000, 0.000000, 0.000006
1.377000, 0.000000, 0.000006
1.378000, 0.000000, 0.000006
1.379000, 0.000000, 0.000006
1.380000, 0.000000, 0.000006
1.381000, 0.000000, 0.000006
1.382000, 0.000000, 0.000006
1.383000, 0.000000, 0.000006
1.384000, 0.000000, 0.000005
1.385000, 0.000000, 0.000005
1.386000, 0.000000, 0.000005
1.387000, 0.000000, 0.000005
1.388000, 0.000000, 0.000005
1.389000, 0.000000, 0.000005
1.390000, 0.000000, 0.000005
1.391000, 0.000000, 0.000005
1.392000, 0.000000, 0.000005
1.393000, 0.000000, 0.000005
1.394000, 0.000000, 0.000005
1.395000, 0.000000, 0.000005
1.396000, 0.000000, 0.000004
1.397000, 0.000000, 0.000004
1.398000, 0.000000, 0.000004
1.399000, 0.000000, 0.000004
1.400000, 0.000000, 0.000004
1.401000, 0.000000, 0.000004
1.402000, 0.000000, 0.000004
1.403000, 0.000000, 0.000004
1.404000, 0.000000, 0.000004
1.405000, 0.000000, 0.000004
1.406000, 0.000000, 0.000004
1.407000, 0.000000, 0.000004
1.408000, 0.000000, 0.000004
1.409000, 0.000000, 0.000004
1.410000, 0.000000, 0.000003
1.411000, 0.000000, 0.000003
1.412000, 0.000000, 0.000003
1.413000, 0.000000, 0.000003
1.414000, 0.000000, 0.000003
1.415000, 0.000000, 0.000003
1.416000, 0.000000, 0.000003
1.417000, 0.000000, 0.000003
1.418000, 0.000000, 0.000003
1.419000, 0.000000, 0.000003
1.420000, 0.000000, 0.000003
1.421000, 0.000000, 0.000003
1.422000, 0.000000, 0.000003
1.423000, 0.000000, 0.000003
1.424000, 0.000000, 0.000003
1.425000, 0.000000, 0.000003
1.426000, 0.000000, 0.000003
1.427000, 0.000000, 0.000003
1.428000, 0.000000, 0.000003
1.429000, 0.000000, 0.000003
1.430000, 0.000000, 0.000002
1.431000, 0.000000, 0.000002
1.432000, 0.000000, 0.000002
1.433000, 0.000000, 0.000002
1.434000, 0.000000, 0.000002
1.435000, 0.000000, 0.000002
1.436000, 0.000000, 0.000002
1.437000, 0.000000, 0.000002
1.438000, 0.000000, 0.000002
1.439000, 0.000000, 0.000002
1.440000, 0.000000, 0.000002
1.441000, 0.000000, 0.000002
1.442000, 0.000000, 0.000002
1.443000, 0.000000, 0.000002
1.444000, 0.000000, 0.000002
1.445000, 0.000000, 0.000002
1.446000, 0.000000, 0.000002
1.447000, 0.000000, 0.000002
1.448000, 0.000000, 0.000002
1.449000, 0.000000, 0.000002
1.450000, 0.000000, 0.000002
1.451000, 0.000000, 0.000002
1.452000, 0.000000, 0.000002
1.453000, 0.000000, 0.000002
1.454000, 0.000000, 0.000002
1.455000, 0.000000, 0.000002
1.456000, 0.000000, 0.000002
1.457000, 0.000000, 0.000002
1.458000, 0.000000, 0.000002
1.459000, 0.000000, 0.000002
1.460000, 0.000000, 0.000002
1.461000, 0.000000, 0.000002
1.462000, 0.000000, 0.000002
1.463000, 0.000000, 0.000001
1.464000, 0.000000, 0.000001
1.465000, 0.000000, 0.000001
1.466000, 0.000000, 0.000001
1.467000, 0.000000, 0.000001
1.468000, 0.000000, 0.000001
1.469000, 0.000000, 0.000001
1.470000, 0.000000, 0.000001
1.471000, 0.000000, 0.000001
1.472000, 0.000000, 0.000001
1.473000, 0.000000, 0.000001
1.474000, 0.000000, 0.000001
1.475000, 0.000000, 0.000001
1.476000, 0.000000, 0.000001
1.477000, 0.000000, 0.000001
1.478000, 0.000000, 0.000001
1.479000, 0.000000, 0.000001
1.480000, 0.000000, 0.000001
1.481000, 0.000000, 0.000001
1.482000, 0.000000, 0.000001
1.483000, 0.000000, 0.000001
1.484000, 0.000000, 0.000001
1.485000, 0.000000, 0.000001
1.486000, 0.000000, 0.000001
1.487000, 0.000000, 0.000001
1.488000, 0.000000, 0.000001
1.489000, 0.000000, 0.000001
1.490000, 0.000000, 0.000001
1.491000, 0.000000, 0.000001
1.492000, 0.000000, 0.000001
1.493000, 0.000000, 0.000001
1.494000, 0.000000, 0.000001
1.495000, 0.000000, 0.000001
1.496000, 0.000000, 0.000001
1.497000, 0.000000, 0.000001
1.498000, 0.000000, 0.000001
1.499000, 0.000000, 0.000001
1.500000, 0.000000, 0.000001
1.501000, 0.000000, 0.000001
1.502000, 0.000000, 0.000001
1.503000, 0.000000, 0.000001
1.504000, 0.000000, 0.000001
1.505000, 0.000000, 0.000001
1.506000, 0.000000, 0.000001
1.507000, 0.000000, 0.000001
1.508000, 0.000000, 0.000001
1.509000, 0.000000, 0.000001
1.510000, 0.000000, 0.000001
1.511000, 0.000000, 0.000001
1.512000, 0.000000, 0.000001
1.513000, 0.000000, 0.000001
1.514000, 0.000000, 0.000001
1.515000, 0.000000, 0.000001
1.516000, 0.000000, 0.000001
1.517000, 0.000000, 0.000001
1.518000, 0.000000, 0.000001
1.519000, 0.000000, 0.000001
1.520000, 0.000000, 0.000001
1.521000, 0.000000, 0.000001
1.522000, 0.000000, 0.000001
1.523000, 0.000000, 0.000001
1.524000, 0.000000, 0.000001
1.525000, 0.000000, 0.000001
1.526000, 0.000000, 0.000001
1.527000, 0.000000, 0.000001
1.528000, 0.000000, 0.000001
1.529000, 0.000000, 0.000001
1.530000, 0.000000, 0.000001
1.531000, 0.000000, 0.000001
1.532000, 0.000000, 0.000001
1.533000, 0.000000, 0.000001
1.534000, 0.000000, 0.000001
1.535000, 0.000000, 0.000001
1.536000, 0.000000, 0.000001
1.537000, 0.000000, 0.000001
1.538000, 0.000000, 0.000001
1.539000, 0.000000, 0.000001
1.540000, 0.000000, 0.000001
1.541000, 0.000000, 0.000001
1.542000, 0.000000, 0.000001
1.543000, 0.000000, 0.000001
1.544000, 0.000000, 0.000001
1.545000, 0.000000, 0.000001
1.546000, 0.000000, 0.000001
1.547000, 0.000000, 0.000001
1.548000, 0.000000, 0.000001
1.549000, 0.000000, 0.000001
1.550000, 0.000000, 0.000001
1.551000, 0.000000, 0.000001
1.552000, 0.000000, 0.000001
1.553000, 0.000000, 0.000001
1.554000, 0.000000, 0.000001
1.555000, 0.000000, 0.000001
1.556000, 0.000000, 0.000001
1.557000, 0.000000, 0.000001
1.558000, 0.000000, 0.000001
1.559000, 0.000000, 0.000001
1.560000, 0.000000, 0.000001
1.561000, 0.000000, 0.000001
1.562000, 0.000000, 0.000001
1.563000, 0.000000, 0.000001
1.564000, 0.000000, 0.000001
1.565000, 0.000000, 0.000001
1.566000, 0.000000, 0.000001
1.567000, 0.000000, 0.000001
1.568000, 0.000000, 0.000001
1.569000, 0.000000, 0.000001
1.570000, 0.000000, 0.000001
1.571000, 0.000000, 0.000001
1.572000, 0.000000, 0.000001
1.573000, 0.000000, 0.000001
1.574000, 0.000000, 0.000001
1.575000, 0.000000, 0.000001
1.576000, 0.000000, 0.000001
1.577000, 0.000000, 0.000001
1.578000, 0.000000, 0.000001
1.579000, 0.000000, 0.000001
1.580000, 0.000000, 0.000001
1.581000, 0.000000, 0.000000
1.582000, 0.000000, 0.000000
1.583000, 0.000000, 0.000000
1.584000, 0.000000, 0.000000
1.585000, 0.000000, 0.000000
1.586000, 0.000000, 0.000000
1.587000, 0.000000, 0.000000
1.588000, 0.000000, 0.000000
1.589000, 0.000000, 0.000000
1.590000, 0.000000, 0.000000
1.591000, 0.000000, 0.000000
1.592000, 0.000000, 0.000000
1.593000, 0.000000, 0.000000
1.594000, 0.000000, 0.000000
1.595000, 0.000000, 0.000000
1.596000, 0.000000, 0.000000
1.597000, 0.000000, 0.000000
1.598000, 0.000000, 0.000000
1.599000, 0.000000, 0.000000
1.600000, 0.000000, 0.000000
1.601000, 0.000000, 0.000000
1.602000, 0.000000, 0.000000
1.603000, 0.000000, 0.000000
1.604000, 0.000000, 0.000000
1.605000, 0.000000, 0.000000
1.606000, 0.000000, 0.000000
1.607000, 0.000000, 0.000000
1.608000, 0.000000, 0.000000
1.609000, 0.000000, 0.000000
1.610000, 0.000000, 0.000000
1.611000, 0.000000, 0.000000
1.612000, 0.000000, 0.000000
1.613000, 0.000000, 0.000000
1.614000, 0.000000, 0.000000
1.615000, 0.000000, 0.000000
1.616000, 0.000000, 0.000000
1.617000, 0.000000, 0.000000
1.618000, 0.000000, 0.000000
1.619000, 0.000000, 0.000000
1.620000, 0.000000, 0.000000
1.621000, 0.000000, 0.000000
1.622000, 0.000000, 0.000000
1.623000, 0.000000, 0.000000
1.624000, 0.000000, 0.000000
1.625000, 0.000000, 0.000000
1.626000, 0.000000, 0.000000
1.627000, 0.000000, 0.000000
1.628000, 0.000000, 0.000000
1.629000, 0.000000, 0.000000
1.630000, 0.000000, 0.000000
1.631000, 0.000000, 0.000000
1.632000, 0.000000, 0.000000
1.633000, 0.000000, 0.000000
1.634000, 0.000000, 0.000000
1.635000, 0.000000, 0.000000
1.636000, 0.000000, 0.000000
1.637000, 0.000000, 0.000000
1.638000, 0.000000, 0.000000
1.639000, 0.000000, 0.000000
1.640000, 0.000000, 0.000000
1.641000, 0.000000, 0.000000
1.642000, 0.000000, 0.000000
1.643000, 0.000000, 0.000000
1.644000, 0.000000, 0.000000
1.645000, 0.000000, 0.000000
1.646000, 0.000000, 0.000000
1.647000, 0.000000, 0.000000
1.648000, 0.000000, 0.000000
1.649000, 0.000000, 0.000000
1.650000, 0.000000, 0.000000
1.651000, 0.000000, 0.000000
1.652000, 0.000000, 0.000000
1.653000, 0.000000, 0.000000
1.654000, 0.000000, 0.000000
1.655000, 0.000000, 0.000000
1.656000, 0.000000, 0.000000
1.657000, 0.000000, 0.000000
1.658000, 0.000000, 0.000000
1.659000, 0.000000, 0.000000
1.660000, 0.000000, 0.000000
1.661000, 0.000000, 0.000000
1.662000, 0.000000, 0.000000
1.663000, 0.000000, 0.000000
1.664000, 0.000000, 0.000000
1.665000, 0.000000, 0.000000
1.666000, 0.000000, 0.000000
1.667000, 0.000000, 0.000000
1.668000, 0.000000, 0.000000
1.669000, 0.000000, 0.000000
1.670000, 0.000000, 0.000000
1.671000, 0.000000, 0.000000
1.672000, 0.000000, 0.000000
1.673000, 0.000000, 0.000000
1.674000, 0.000000, 0.000000
1.675000, 0.000000, 0.000000
1.676000, 0.000000, 0.000000
1.677000, 0.000000, 0.000000
1.678000, 0.000000, 0.000000
1.679000, 0.000000, 0.000000
1.680000, 0.000000, 0.000000
1.681000, 0.000000, 0.000000
1.682000, 0.000000, 0.000000
1.683000, 0.000000, 0.000000
1.684000, 0.000000, 0.000000
1.685000, 0.000000, 0.000000
1.686000, 0.000000, 0.000000
1.687000, 0.000000, 0.000000
1.688000, 0.000000, 0.000000
1.689000, 0.000000, 0.000000
1.690000, 0.000001, 0.000000
1.691000, 0.000001, 0.000000
1.692000, 0.000001, 0.000000
1.693000, 0.000001, 0.000000
1.694000, 0.000001, 0.000000
1.695000, 0.000001, 0.000000
1.696000, 0.000001, 0.000000
1.697000, 0.000001, 0.000000
1.698000, 0.000001, 0.000000
1.699000, 0.000001, 0.000000
1.700000, 0.000001, 0.000000
1.701000, 0.000001, 0.000000
1.702000, 0.000001, 0.000000
1.703000, 0.000001, 0.000000
1.704000, 0.000001, 0.000000
1.705000, 0.000001, 0.000000
1.706000, 0.000001, 0.000000
1.707000, 0.000001, 0.000000
1.708000, 0.000001, 0.000000
1.709000, 0.000001, 0.000000
1.710000, 0.000001, 0.000000
1.711000, 0.000001, 0.000000
1.712000, 0.000001, 0.000000
1.713000, 0.000001, 0.000000
1.714000, 0.000001, 0.000000
1.715000, 0.000001, 0.000000
1.716000, 0.000001, 0.000000
1.717000, 0.000001, 0.000000
1.718000, 0.000001, 0.000000
1.719000, 0.000001, 0.000000
1.720000, 0.000001, 0.000000
1.721000, 0.000001, 0.000000
1.722000, 0.000001, 0.000000
1.723000, 0.000001, 0.000000
1.724000, 0.000001, 0.000000
1.725000, 0.000001, 0.000000
1.726000, 0.000001, 0.000000
1.727000, 0.000001, 0.000000
1.728000, 0.000001, 0.000000
1.729000, 0.000001, 0.000000
1.730000, 0.000001, 0.000000
1.731000, 0.000001, 0.000000
1.732000, 0.000001, 0.000000
1.733000, 0.000001, 0.000000
1.734000, 0.000001, 0.000000
1.735000, 0.000001, 0.000000
1.736000, 0.000001, 0.000000
1.737000, 0.000001, 0.000000
1.738000, 0.000001, 0.000000
1.739000, 0.000001, 0.000000
1.740000, 0.000001, 0.000000
1.741000, 0.000001, 0.000000
1.742000, 0.000001, 0.000000
1.743000, 0.000001, 0.000000
1.744000, 0.000001, 0.000000
1.745000, 0.000001, 0.000000
1.746000, 0.000001, 0.000000
1.747000, 0.000001, 0.000000
1.748000, 0.000001, 0.000000
1.749000, 0.000001, 0.000000
1.750000, 0.000001, 0.000000
1.751000, 0.000001, 0.000000
1.752000, 0.000001, 0.000000
1.753000, 0.000001, 0.000000
1.754000, 0.000001, 0.000000
1.755000, 0.000001, 0.000000
1.756000, 0.000001, 0.000000
1.757000, 0.000001, 0.000000
1.758000, 0.000001, 0.000000
1.759000, 0.000001, 0.000000
1.760000, 0.000001, 0.000000
1.761000, 0.000001, 0.000000
1.762000, 0.000001, 0.000000
1.763000, 0.000001, 0.000000
1.764000, 0.000001, 0.000000
1.765000, 0.000001, 0.000000
1.766000, 0.000001, 0.000000
1.767000, 0.000001, 0.000000
1.768000, 0.000001, 0.000000
1.769000, 0.000001, 0.000000
1.770000, 0.000001, 0.000000
1.771000, 0.000001, 0.000000
1.772000, 0.000001, 0.000000
1.773000, 0.000001, 0.000000
1.774000, 0.000001, 0.000000
1.775000, 0.000001, 0.000000
1.776000, 0.000001, 0.000000
1.777000, 0.000001, 0.000000
1.778000, 0.000001, 0.000000
1.779000, 0.000001, 0.000000
1.780000, 0.000001, 0.000000
1.781000, 0.000001, 0.000000
1.782000, 0.000001, 0.000000
1.783000, 0.000001, 0.000000
1.784000, 0.000001, 0.000000
1.785000, 0.000001, 0.000000
1.786000, 0.000001, 0.000000
1.787000, 0.000001, 0.000000
1.788000, 0.000001, 0.000000
1.789000, 0.000001, 0.000000
1.790000, 0.000001, 0.000000
1.791000, 0.000001, 0.000000
1.792000, 0.000001, 0.000000
1.793000, 0.000001, 0.000000
1.794000, 0.000001, 0.000000
1.795000, 0.000001, 0.000000
1.796000, 0.000001, 0.000000
1.797000, 0.000001, 0.000000
1.798000, 0.000001, 0.000000
1.799000, 0.000001, 0.000000
1.800000, 0.000001, 0.000000
1.801000, 0.000001, 0.000000
1.802000, 0.000001, 0.000000
1.803000, 0.000001, 0.000000
1.804000, 0.000001, 0.000000
1.805000, 0.000001, 0.000000
1.806000, 0.000001, 0.000000
1.807000, 0.000001, 0.000000
1.808000, 0.000001, 0.000000
1.809000, 0.000001, 0.000000
1.810000, 0.000001, 0.000000
1.811000, 0.000001, 0.000000
1.812000, 0.000001, 0.000000
1.813000, 0.000001, 0.000000
1.814000, 0.000001, 0.000000
1.815000, 0.000001, 0.000000
1.816000, 0.000001, 0.000000
1.817000, 0.000001, 0.000000
1.818000, 0.000001, 0.000000
1.819000, 0.000001, 0.000000
1.820000, 0.000001, 0.000000
1.821000, 0.000001, 0.000000
1.822000, 0.000001, 0.000000
1.823000, 0.000001, 0.000000
1.824000, 0.000001, 0.000000
1.825000, 0.000001, 0.000000
1.826000, 0.000001, 0.000000
1.827000, 0.000001, 0.000000
1.828000, 0.000001, 0.000000
1.829000, 0.000001, 0.000000
1.830000, 0.000001, 0.000000
1.831000, 0.000001, 0.000000
1.832000, 0.000001, 0.000000
1.833000, 0.000001, 0.000000
1.834000, 0.000001, 0.000000
1.835000, 0.000001, 0.000000
1.836000, 0.000001, 0.000000
1.837000, 0.000001, 0.000000
1.838000, 0.000001, 0.000000
1.839000, 0.000001, 0.000000
1.840000, 0.000001, 0.000000
1.841000, 0.000001, 0.000000
1.842000, 0.000001, 0.000000
1.843000, 0.000001, 0.000000
1.844000, 0.000001, 0.000000
1.845000, 0.000001, 0.000000
1.846000, 0.000001, 0.000000
1.847000, 0.000001, 0.000000
1.848000, 0.000001, 0.000000
1.849000, 0.000001, 0.000000
1.850000, 0.000001, 0.000000
1.851000, 0.000001, 0.000000
1.852000, 0.000001, 0.000000
1.853000, 0.000001, 0.000000
1.854000, 0.000001, 0.000000
1.855000, 0.000001, 0.000000
1.856000, 0.000001, 0.000000
1.857000, 0.000001, 0.000000
1.858000, 0.000001, 0.000000
1.859000, 0.000001, 0.000000
1.860000, 0.000001, 0.000000
1.861000, 0.000001, 0.000000
1.862000, 0.000001, 0.000000
1.863000, 0.000001, 0.000000
1.864000, 0.000001, 0.000000
1.865000, 0.000001, 0.000000
1.866000, 0.000001, 0.000000
1.867000, 0.000001, 0.000000
1.868000, 0.000001, 0.000000
1.869000, 0.000001, 0.000000
1.870000, 0.000001, 0.000000
1.871000, 0.000001, 0.000000
1.872000, 0.000001, 0.000000
1.873000, 0.000001, 0.000000
1.874000, 0.000001, 0.000000
1.875000, 0.000001, 0.000000
1.876000, 0.000001, 0.000000
1.877000, 0.000001, 0.000000
1.878000, 0.000001, 0.000000
1.879000, 0.000001, 0.000000
1.880000, 0.000001, 0.000000
1.881000, 0.000001, 0.000000
1.882000, 0.000001, 0.000000
1.883000, 0.000001, 0.000000
1.884000, 0.000001, 0.000000
1.885000, 0.000001, 0.000000
1.886000, 0.000001, 0.000000
1.887000, 0.000001, 0.000000
1.888000, 0.000001, 0.000000
1.889000, 0.000001, 0.000000
1.890000, 0.000001, 0.000000
1.891000, 0.000001, 0.000000
1.892000, 0.000001, 0.000000
1.893000, 0.000001, 0.000000
1.894000, 0.000001, 0.000000
1.895000, 0.000001, 0.000000
1.896000, 0.000001, 0.000000
1.897000, 0.000001, 0.000000
1.898000, 0.000001, 0.000000
1.899000, 0.000001, 0.000000
1.900000, 0.000001, 0.000000
1.901000, 0.000001, 0.000000
1.902000, 0.000001, 0.000000
1.903000, 0.000001, 0.000000
1.904000, 0.000001, 0.000000
1.905000, 0.000001, 0.000000
1.906000, 0.000001, 0.000000
1.907000, 0.000001, 0.000000
1.908000, 0.000001, 0.000000
1.909000, 0.000001, 0.000000
1.910000, 0.000001, 0.000000
1.911000, 0.000001, 0.000000
1.912000, 0.000001, 0.000000
1.913000, 0.000001, 0.000000
1.914000, 0.000001, 0.000000
1.915000, 0.000001, 0.000000
1.916000, 0.000001, 0.000000
1.917000, 0.000001, 0.000000
1.918000, 0.000001, 0.000000
1.919000, 0.000001, 0.000000
1.920000, 0.000001, 0.000000
1.921000, 0.000001, 0.000000
1.922000, 0.000001, 0.000000
1.923000, 0.000001, 0.000000
1.924000, 0.000001, 0.000000
1.925000, 0.000001, 0.000000
1.926000, 0.000001, 0.000000
1.927000, 0.000001, 0.000000
1.928000, 0.000001, 0.000000
1.929000, 0.000001, 0.000000
1.930000, 0.000001, 0.000000
1.931000, 0.000001, 0.000000
1.932000, 0.000001, 0.000000
1.933000, 0.000001, 0.000000
1.934000, 0.000001, 0.000000
1.935000, 0.000001, 0.000000
1.936000, 0.000001, 0.000000
1.937000, 0.000001, 0.000000
1.938000, 0.000001, 0.000000
1.939000, 0.000001, 0.000000
1.940000, 0.000001, 0.000000
1.941000, 0.000001, 0.000000
1.942000, 0.000001, 0.000000
1.943000, 0.000001, 0.000000
1.944000, 0.000001, 0.000000
1.945000, 0.000001, 0.000000
1.946000, 0.000001, 0.000000
1.947000, 0.000001, 0.000000
1.948000, 0.000001, 0.000000
1.949000, 0.000001, 0.000000
1.950000, 0.000001, 0.000000
1.951000, 0.000001, 0.000000
1.952000, 0.000001, 0.000000
1.953000, 0.000001, 0.000000
1.954000, 0.000001, 0.000000
1.955000, 0.000001, 0.000000
1.956000, 0.000001, 0.000000
1.957000, 0.000001, 0.000000
1.958000, 0.000001, 0.000000
1.959000, 0.000001, 0.000000
1.960000, 0.000001, 0.000000
1.961000, 0.000001, 0.000000
1.962000, 0.000001, 0.000000
1.963000, 0.000001, 0.000000
1.964000, 0.000001, 0.000000
1.965000, 0.000001, 0.000000
1.966000, 0.000001, 0.000000
1.967000, 0.000001, 0.000000
1.968000, 0.000001, 0.000000
1.969000, 0.000001, 0.000000
1.970000, 0.000001, 0.000000
1.971000, 0.000001, 0.000000
1.972000, 0.000001, 0.000000
1.973000, 0.000001, 0.000000
1.974000, 0.000001, 0.000000
1.975000, 0.000001, 0.000000
1.976000, 0.000001, 0.000000
1.977000, 0.000001, 0.000000
1.978000, 0.000001, 0.000000
1.979000, 0.000001, 0.000000
1.980000, 0.000001, 0.000000
1.981000, 0.000001, 0.000000
1.982000, 0.000001, 0.000000
1.983000, 0.000001, 0.000000
1.984000, 0.000001, 0.000000
1.985000, 0.000001, 0.000000
1.986000, 0.000001, 0.000000
1.987000, 0.000001, 0.000000
1.988000, 0.000001, 0.000000
1.989000, 0.000001, 0.000000
1.990000, 0.000001, 0.000000
1.991000, 0.000001, 0.000000
1.992000, 0.000001, 0.000000
1.993000, 0.000001, 0.000000
1.994000, 0.000001, 0.000000
1.995000, 0.000001, 0.000000
1.996000, 0.000001, 0.000000
1.997000, 0.000001, 0.000000
1.998000, 0.000001, 0.000000
1.999000, 0.000001, 0.000000
2.000000, 0.000001, 0.000000
2.001000, 1.500001, 0.000000
2.002000, 1.485894, -9.404482
2.003000, 1.464814, -17.187855
2.004000, 1.438051, -23.571335
2.005000, 1.406715, -28.747918
2.006000, 1.371760, -32.885914
2.007000, 1.334005, -36.132010
2.008000, 1.294150, -38.613954
2.009000, 1.252793, -40.442916
2.010000, 1.210441, -41.715571
2.011000, 1.167525, -42.515937
2.012000, 1.124407, -42.916987
2.013000, 1.081393, -42.982061
2.014000, 1.038735, -42.766104
2.015000, 0.996642, -42.316738
2.016000, 0.955288, -41.675202
2.017000, 0.914810, -40.877164
2.018000, 0.875318, -39.953426
2.019000, 0.836899, -38.930539
2.020000, 0.799618, -37.831340
2.021000, 0.763520, -36.675414
2.022000, 0.728639, -35.479504
2.023000, 0.694991, -34.257868
2.024000, 0.662587, -33.022590
2.025000, 0.631422, -31.783855
2.026000, 0.601489, -30.550194
2.027000, 0.572771, -29.328696
2.028000, 0.545247, -28.125197
2.029000, 0.518893, -26.944444
2.030000, 0.493680, -25.790248
2.031000, 0.469577, -24.665605
2.032000, 0.446550, -23.572818
2.033000, 0.424566, -22.513590
2.034000, 0.403589, -21.489117
2.035000, 0.383584, -20.500163
2.036000, 0.364513, -19.547129
2.037000, 0.346342, -18.630108
2.038000, 0.329033, -17.748941
2.039000, 0.312553, -16.903255
2.040000, 0.296866, -16.092509
2.041000, 0.281938, -15.316020
2.042000, 0.267736, -14.572998
2.043000, 0.254229, -13.862563
2.044000, 0.241385, -13.183771
2.045000, 0.229173, -12.535633
2.046000, 0.217565, -11.917122
2.047000, 0.206533, -11.327197
2.048000, 0.196049, -10.764802
2.049000, 0.186088, -10.228884
2.050000, 0.176625, -9.718395
2.051000, 0.167636, -9.232299
2.052000, 0.159098, -8.769580
2.053000, 0.150989, -8.329239
2.054000, 0.143288, -7.910305
2.055000, 0.135975, -7.511832
2.056000, 0.129032, -7.132902
2.057000, 0.122439, -6.772628
2.058000, 0.116181, -6.430152
2.059000, 0.110239, -6.104648
2.060000, 0.104598, -5.795319
2.061000, 0.099244, -5.501401
2.062000, 0.094161, -5.222161
2.063000, 0.089337, -4.956894
2.064000, 0.084758, -4.704927
2.065000, 0.080412, -4.465615
2.066000, 0.076287, -4.238341
2.067000, 0.072373, -4.022516
2.068000, 0.068657, -3.817577
2.069000, 0.065132, -3.622987
2.070000, 0.061786, -3.438235
2.071000, 0.058611, -3.262832
2.072000, 0.055598, -3.096314
2.073000, 0.052738, -2.938236
2.074000, 0.050025, -2.788177
2.075000, 0.047451, -2.645736
2.076000, 0.045008, -2.510530
2.077000, 0.042690, -2.382196
2.078000, 0.040490, -2.260388
2.079000, 0.038403, -2.144777
2.080000, 0.036423, -2.035051
2.081000, 0.034544, -1.930911
2.082000, 0.032762, -1.832076
2.083000, 0.031070, -1.738278
2.084000, 0.029466, -1.649260
2.085000, 0.027943, -1.564781
2.086000, 0.026499, -1.484611
2.087000, 0.025128, -1.408531
2.088000, 0.023828, -1.336333
2.089000, 0.022594, -1.267820
2.090000, 0.021424, -1.202804
2.091000, 0.020314, -1.141108
2.092000, 0.019260, -1.082563
2.093000, 0.018261, -1.027009
2.094000, 0.017313, -0.974292
2.095000, 0.016414, -0.924270
2.096000, 0.015561, -0.876803
2.097000, 0.014752, -0.831763
2.098000, 0.013984, -0.789025
2.099000, 0.013256, -0.748473
2.100000, 0.012565, -0.709994
2.101000, 0.011910, -0.673483
2.102000, 0.011288, -0.638840
2.103000, 0.010699, -0.605969
2.104000, 0.010140, -0.574780
2.105000, 0.009609, -0.545186
2.106000, 0.009106, -0.517108
2.107000, 0.008629, -0.490467
2.108000, 0.008176, -0.465189
2.109000, 0.007747, -0.441206
2.110000, 0.007340, -0.418451
2.111000, 0.006954, -0.396861
2.112000, 0.006588, -0.376378
2.113000, 0.006241, -0.356944
2.114000, 0.005911, -0.338505
2.115000, 0.005599, -0.321012
2.116000, 0.005303, -0.304415
2.117000, 0.005022, -0.288669
2.118000, 0.004756, -0.273731
2.119000, 0.004504, -0.259558
2.120000, 0.004264, -0.246113
2.121000, 0.004037, -0.233357
2.122000, 0.003822, -0.221256
2.123000, 0.003618, -0.209776
2.124000, 0.003424, -0.198885
2.125000, 0.003241, -0.188554
2.126000, 0.003067, -0.178753
2.127000, 0.002902, -0.169456
2.128000, 0.002746, -0.160636
2.129000, 0.002598, -0.152270
2.130000, 0.002458, -0.144333
2.131000, 0.002325, -0.136805
2.132000, 0.002199, -0.129664
2.133000, 0.002079, -0.122891
2.134000, 0.001966, -0.116466
2.135000, 0.001859, -0.110371
2.136000, 0.001757, -0.104591
2.137000, 0.001660, -0.099108
2.138000, 0.001569, -0.093908
2.139000, 0.001483, -0.088976
2.140000, 0.001401, -0.084298
2.141000, 0.001323, -0.079862
2.142000, 0.001249, -0.075654
2.143000, 0.001180, -0.071664
2.144000, 0.001114, -0.067879
2.145000, 0.001051, -0.064291
2.146000, 0.000992, -0.060887
2.147000, 0.000936, -0.057660
2.148000, 0.000883, -0.054600
2.149000, 0.000833, -0.051698
2.150000, 0.000785, -0.048946
2.151000, 0.000740, -0.046337
2.152000, 0.000698, -0.043863
2.153000, 0.000657, -0.041518
2.154000, 0.000619, -0.039294
2.155000, 0.000583, -0.037186
2.156000, 0.000549, -0.035187
2.157000, 0.000516, -0.033292
2.158000, 0.000486, -0.031496
2.159000, 0.000457, -0.029793
2.160000, 0.000429, -0.028179
2.161000, 0.000404, -0.026649
2.162000, 0.000379, -0.025199
2.163000, 0.000356, -0.023824
2.164000, 0.000334, -0.022522
2.165000, 0.000313, -0.021287
2.166000, 0.000294, -0.020117
2.167000, 0.000275, -0.019009
2.168000, 0.000258, -0.017959
2.169000, 0.000242, -0.016963
2.170000, 0.000226, -0.016020
2.171000, 0.000211, -0.015127
2.172000, 0.000197, -0.014280
2.173000, 0.000184, -0.013479
2.174000, 0.000172, -0.012719
2.175000, 0.000160, -0.012000
2.176000, 0.000149, -0.011319
2.177000, 0.000139, -0.010673
2.178000, 0.000129, -0.010062
2.179000, 0.000120, -0.009484
2.180000, 0.000111, -0.008936
2.181000, 0.000103, -0.008418
2.182000, 0.000096, -0.007927
2.183000, 0.000088, -0.007462
2.184000, 0.000082, -0.007022
2.185000, 0.000075, -0.006606
2.186000, 0.000069, -0.006212
2.187000, 0.000064, -0.005839
2.188000, 0.000058, -0.005486
2.189000, 0.000053, -0.005153
2.190000, 0.000049, -0.004837
2.191000, 0.000044, -0.004539
2.192000, 0.000040, -0.004256
2.193000, 0.000036, -0.003989
2.194000, 0.000033, -0.003737
2.195000, 0.000029, -0.003499
2.196000, 0.000026, -0.003273
2.197000, 0.000023, -0.003060
2.198000, 0.000020, -0.002859
2.199000, 0.000018, -0.002669
2.200000, 0.000015, -0.002489
2.201000, 0.000013, -0.002319
2.202000, 0.000011, -0.002159
2.203000, 0.000009, -0.002008
2.204000, 0.000007, -0.001865
2.205000, 0.000006, -0.001731
2.206000, 0.000004, -0.001604
2.207000, 0.000003, -0.001484
2.208000, 0.000001, -0.001371
2.209000, 0.000000, -0.001264
2.210000, -0.000001, -0.001164
2.211000, -0.000002, -0.001070
2.212000, -0.000003, -0.000980
2.213000, -0.000004, -0.000897
2.214000, -0.000005, -0.000818
2.215000, -0.000005, -0.000743
2.216000, -0.000006, -0.000674
2.217000, -0.000006, -0.000608
2.218000, -0.000007, -0.000546
2.219000, -0.000007, -0.000488
2.220000, -0.000008, -0.000434
2.221000, -0.000008, -0.000382
2.222000, -0.000009, -0.000334
2.223000, -0.000009, -0.000289
2.224000, -0.000009, -0.000247
2.225000, -0.000009, -0.000208
2.226000, -0.000009, -0.000171
2.227000, -0.000009, -0.000136
2.228000, -0.000010, -0.000104
2.229000, -0.000010, -0.000074
2.230000, -0.000010, -0.000045
2.231000, -0.000010, -0.000019
2.232000, -0.000010, 0.000005
2.233000, -0.000010, 0.000028
2.234000, -0.000010, 0.000049
2.235000, -0.000009, 0.000069
2.236000, -0.000009, 0.000087
2.237000, -0.000009, 0.000104
2.238000, -0.000009, 0.000120
2.239000, -0.000009, 0.000134
2.240000, -0.000009, 0.000148
2.241000, -0.000009, 0.000160
2.242000, -0.000008, 0.000171
2.243000, -0.000008, 0.000182
2.244000, -0.000008, 0.000191
2.245000, -0.000008, 0.000200
2.246000, -0.000008, 0.000208
2.247000, -0.000007, 0.000215
2.248000, -0.000007, 0.000221
2.249000, -0.000007, 0.000227
2.250000, -0.000007, 0.000232
2.251000, -0.000007, 0.000237
2.252000, -0.000006, 0.000241
2.253000, -0.000006, 0.000244
2.254000, -0.000006, 0.000247
2.255000, -0.000006, 0.000250
2.256000, -0.000005, 0.000252
2.257000, -0.000005, 0.000254
2.258000, -0.000005, 0.000255
2.259000, -0.000005, 0.000256
2.260000, -0.000004, 0.000257
2.261000, -0.000004, 0.000258
2.262000, -0.000004, 0.000258
2.263000, -0.000004, 0.000258
2.264000, -0.000003, 0.000258
2.265000, -0.000003, 0.000257
2.266000, -0.000003, 0.000256
2.267000, -0.000002, 0.000255
2.268000, -0.000002, 0.000254
2.269000, -0.000002, 0.000253
2.270000, -0.000002, 0.000252
2.271000, -0.000001, 0.000250
2.272000, -0.000001, 0.000248
2.273000, -0.000001, 0.000247
2.274000, -0.000001, 0.000245
2.275000, -0.000001, 0.000243
2.276000, -0.000000, 0.000241
2.277000, -0.000000, 0.000238
2.278000, 0.000000, 0.000236
2.279000, 0.000000, 0.000234
2.280000, 0.000001, 0.000232
2.281000, 0.000001, 0.000229
2.282000, 0.000001, 0.000227
2.283000, 0.000001, 0.000224
2.284000, 0.000002, 0.000222
2.285000, 0.000002, 0.000219
2.286000, 0.000002, 0.000216
2.287000, 0.000002, 0.000214
2.288000, 0.000002, 0.000211
2.289000, 0.000003, 0.000209
2.290000, 0.000003, 0.000206
2.291000, 0.000003, 0.000203
2.292000, 0.000003, 0.000201
2.293000, 0.000003, 0.000198
2.294000, 0.000004, 0.000195
2.295000, 0.000004, 0.000193
2.296000, 0.000004, 0.000190
2.297000, 0.000004, 0.000187
2.298000, 0.000004, 0.000185
2.299000, 0.000005, 0.000182
2.300000, 0.000005, 0.000179
2.301000, 0.000005, 0.000177
2.302000, 0.000005, 0.000174
2.303000, 0.000005, 0.000172
2.304000, 0.000005, 0.000169
2.305000, 0.000006, 0.000167
2.306000, 0.000005, -0.000161
2.307000, 0.000004, -0.000996
2.308000, 0.000001, -0.002237
2.309000, -0.000004, -0.003793
2.310000, -0.000010, -0.005576
2.311000, -0.000019, -0.007505
2.312000, -0.000029, -0.009506
2.313000, -0.000042, -0.011511
2.314000, -0.000056, -0.013457
2.315000, -0.000072, -0.015288
2.316000, -0.000090, -0.016953
2.317000, -0.000109, -0.018407
2.318000, -0.000129, -0.019611
2.319000, -0.000150, -0.020532
2.320000, -0.000172, -0.021145
2.321000, -0.000193, -0.021428
2.322000, -0.000215, -0.021367
2.323000, -0.000235, -0.020954
2.324000, -0.000255, -0.020187
2.325000, -0.000274, -0.019070
2.326000, -0.000291, -0.017611
2.327000, -0.000306, -0.015826
2.328000, -0.000318, -0.013735
2.329000, -0.000328, -0.011363
2.330000, -0.000336, -0.008738
2.331000, -0.000340, -0.005895
2.332000, -0.000342, -0.002871
2.333000, -0.000340, 0.000181
2.334000, -0.000336, 0.002704
2.335000, -0.000330, 0.004772
2.336000, -0.000323, 0.006449
2.337000, -0.000314, 0.007792
2.338000, -0.000305, 0.008849
2.339000, -0.000295, 0.009662
2.340000, -0.000284, 0.010267
2.341000, -0.000273, 0.010697
2.342000, -0.000262, 0.010978
2.343000, -0.000251, 0.011134
2.344000, -0.000240, 0.011186
2.345000, -0.000229, 0.011151
2.346000, -0.000218, 0.011044
2.347000, -0.000207, 0.010879
2.348000, -0.000196, 0.010666
2.349000, -0.000186, 0.010415
2.350000, -0.000176, 0.010135
2.351000, -0.000167, 0.009831
2.352000, -0.000157, 0.009511
2.353000, -0.000148, 0.009179
2.354000, -0.000139, 0.008840
2.355000, -0.000131, 0.008496
2.356000, -0.000123, 0.008152
2.357000, -0.000116, 0.007809
2.358000, -0.000108, 0.007469
2.359000, -0.000101, 0.007135
2.360000, -0.000095, 0.006807
2.361000, -0.000088, 0.006487
2.362000, -0.000082, 0.006175
2.363000, -0.000077, 0.005873
2.364000, -0.000071, 0.005580
2.365000, -0.000066, 0.005297
2.366000, -0.000061, 0.005024
2.367000, -0.000056, 0.004761
2.368000, -0.000052, 0.004509
2.369000, -0.000048, 0.004267
2.370000, -0.000044, 0.004034
2.371000, -0.000040, 0.003812
2.372000, -0.000037, 0.003600
2.373000, -0.000034, 0.003397
2.374000, -0.000030, 0.003203
2.375000, -0.000027, 0.003019
2.376000, -0.000025, 0.002843
2.377000, -0.000022, 0.002675
2.378000, -0.000020, 0.002516
2.379000, -0.000017, 0.002364
2.380000, -0.000015, 0.002220
2.381000, -0.000013, 0.002084
2.382000, -0.000011, 0.001954
2.383000, -0.000010, 0.001831
2.384000, -0.000008, 0.001714
2.385000, -0.000006, 0.001603
2.386000, -0.000005, 0.001498
2.387000, -0.000004, 0.001399
2.388000, -0.000002, 0.001305
2.389000, -0.000001, 0.001216
2.390000, -0.000000, 0.001132
2.391000, 0.000001, 0.001052
2.392000, 0.000002, 0.000977
2.393000, 0.000003, 0.000906
2.394000, 0.000004, 0.000839
2.395000, 0.000004, 0.000776
2.396000, 0.000005, 0.000716
2.397000, 0.000006, 0.000660
2.398000, 0.000006, 0.000606
2.399000, 0.000007, 0.000556
2.400000, 0.000007, 0.000509
2.401000, 0.000008, 0.000465
2.402000, 0.000008, 0.000423
2.403000, 0.000008, 0.000383
2.404000, 0.000009, 0.000346
2.405000, 0.000009, 0.000312
2.406000, 0.000009, 0.000279
2.407000, 0.000010, 0.000248
2.408000, 0.000010, 0.000219
2.409000, 0.000010, 0.000192
2.410000, 0.000010, 0.000167
2.411000, 0.000010, 0.000143
2.412000, 0.000010, 0.000121
2.413000, 0.000010, 0.000100
2.414000, 0.000010, 0.000081
2.415000, 0.000011, 0.000062
2.416000, 0.000011, 0.000046
2.417000, 0.000011, 0.000030
2.418000, 0.000011, 0.000015
2.419000, 0.000011, 0.000001
2.420000, 0.000011, -0.000012
2.421000, 0.000011, -0.000023
2.422000, 0.000011, -0.000034
2.423000, 0.000010, -0.000044
2.424000, 0.000010, -0.000054
2.425000, 0.000010, -0.000063
2.426000, 0.000010, -0.000071
2.427000, 0.000010, -0.000078
2.428000, 0.000010, -0.000085
2.429000, 0.000010, -0.000091
2.430000, 0.000010, -0.000097
2.431000, 0.000010, -0.000102
2.432000, 0.000010, -0.000106
2.433000, 0.000010, -0.000111
2.434000, 0.000009, -0.000114
2.435000, 0.000009, -0.000118
2.436000, 0.000009, -0.000121
2.437000, 0.000009, -0.000124
2.438000, 0.000009, -0.000126
2.439000, 0.000009, -0.000128
2.440000, 0.000009, -0.000130
2.441000, 0.000009, -0.000131
2.442000, 0.000008, -0.000133
2.443000, 0.000008, -0.000134
2.444000, 0.000008, -0.000134
2.445000, 0.000008, -0.000135
2.446000, 0.000008, -0.000135
2.447000, 0.000008, -0.000136
2.448000, 0.000008, -0.000136
2.449000, 0.000007, -0.000136
2.450000, 0.000007, -0.000135
2.451000, 0.000007, -0.000135
2.452000, 0.000007, -0.000134
2.453000, 0.000007, -0.000134
2.454000, 0.000007, -0.000133
2.455000, 0.000007, -0.000132
2.456000, 0.000007, -0.000131
2.457000, 0.000006, -0.000130
2.458000, 0.000006, -0.000129
2.459000, 0.000006, -0.000128
2.460000, 0.000006, -0.000127
2.461000, 0.000006, -0.000126
2.462000, 0.000006, -0.000124
2.463000, 0.000006, -0.000123
2.464000, 0.000006, -0.000122
2.465000, 0.000005, -0.000120
2.466000, 0.000005, -0.000119
2.467000, 0.000005, -0.000117
2.468000, 0.000005, -0.000116
2.469000, 0.000005, -0.000114
2.470000, 0.000005, -0.000113
2.471000, 0.000005, -0.000111
2.472000, 0.000005, -0.000109
2.473000, 0.000005, -0.000108
2.474000, 0.000004, -0.000106
2.475000, 0.000004, -0.000104
2.476000, 0.000004, -0.000103
2.477000, 0.000004, -0.000101
2.478000, 0.000004, -0.000099
2.479000, 0.000004, -0.000098
2.480000, 0.000004, -0.000096
2.481000, 0.000004, -0.000094
2.482000, 0.000004, -0.000093
2.483000, 0.000004, -0.000091
2.484000, 0.000003, -0.000090
2.485000, 0.000003, -0.000088
2.486000, 0.000003, -0.000086
2.487000, 0.000003, -0.000085
2.488000, 0.000003, -0.000083
2.489000, 0.000003, -0.000081
2.490000, 0.000003, -0.000080
2.491000, 0.000003, -0.000078
2.492000, 0.000003, -0.000077
2.493000, 0.000003, -0.000075
2.494000, 0.000003, -0.000074
2.495000, 0.000003, -0.000072
2.496000, 0.000003, -0.000071
2.497000, 0.000002, -0.000069
2.498000, 0.000002, -0.000068
2.499000, 0.000002, -0.000066
2.500000, 0.000002, -0.000065
2.501000, 0.000002, -0.000064
2.502000, 0.000002, -0.000062
2.503000, 0.000002, -0.000061
2.504000, 0.000002, -0.000060
2.505000, 0.000002, -0.000058
2.506000, 0.000002, -0.000057
2.507000, 0.000002, -0.000056
2.508000, 0.000002, -0.000054
2.509000, 0.000002, -0.000053
2.510000, 0.000002, -0.000052
2.511000, 0.000002, -0.000051
2.512000, 0.000002, -0.000049
2.513000, 0.000002, -0.000048
2.514000, 0.000001, -0.000047
2.515000, 0.000001, -0.000046
2.516000, 0.000001, -0.000045
2.517000, 0.000001, -0.000044
2.518000, 0.000001, -0.000043
2.519000, 0.000001, -0.000042
2.520000, 0.000001, -0.000041
2.521000, 0.000001, -0.000039
2.522000, 0.000001, -0.000038
2.523000, 0.000001, -0.000037
2.524000, 0.000001, -0.000036
2.525000, 0.000001, -0.000036
2.526000, 0.000001, -0.000035
2.527000, 0.000001, -0.000034
2.528000, 0.000001, -0.000033
2.529000, 0.000001, -0.000032
2.530000, 0.000001, -0.000031
2.531000, 0.000001, -0.000030
2.532000, 0.000001, -0.000029
2.533000, 0.000001, -0.000028
2.534000, 0.000001, -0.000027
2.535000, 0.000001, -0.000027
2.536000, 0.000001, -0.000026
2.537000, 0.000001, -0.000025
2.538000, 0.000001, -0.000024
2.539000, 0.000001, -0.000024
2.540000, 0.000001, -0.000023
2.541000, 0.000001, -0.000022
2.542000, 0.000001, -0.000021
2.543000, 0.000001, -0.000021
2.544000, 0.000001, -0.000020
2.545000, 0.000001, -0.000019
2.546000, 0.000001, -0.000019
2.547000, 0.000000, -0.000018
2.548000, 0.000000, -0.000017
2.549000, 0.000000, -0.000017
2.550000, 0.000000, -0.000016
2.551000, 0.000000, -0.000015
2.552000, 0.000000, -0.000015
2.553000, 0.000000, -0.000014
2.554000, 0.000000, -0.000014
2.555000, 0.000000, -0.000013
2.556000, 0.000000, -0.000013
2.557000, 0.000000, -0.000012
2.558000, 0.000000, -0.000011
2.559000, 0.000000, -0.000011
2.560000, 0.000000, -0.000010
2.561000, 0.000000, -0.000010
2.562000, 0.000000, -0.000009
2.563000, 0.000000, -0.000009
2.564000, 0.000000, -0.000008
2.565000, 0.000000, -0.000008
2.566000, 0.000000, -0.000008
2.567000, 0.000000, -0.000007
2.568000, 0.000000, -0.000007
2.569000, 0.000000, -0.000006
2.570000, 0.000000, -0.000006
2.571000, 0.000000, -0.000005
2.572000, 0.000000, -0.000005
2.573000, 0.000000, -0.000005
2.574000, 0.000000, -0.000004
2.575000, 0.000000, -0.000004
2.576000, 0.000000, -0.000003
2.577000, 0.000000, -0.000003
2.578000, 0.000000, -0.000003
2.579000, 0.000000, -0.000002
2.580000, 0.000000, -0.000002
2.581000, 0.000000, -0.000002
2.582000, 0.000000, -0.000001
2.583000, 0.000000, -0.000001
2.584000, 0.000000, -0.000001
2.585000, 0.000000, -0.000000
2.586000, 0.000000, -0.000000
2.587000, 0.000000, 0.000000
2.588000, 0.000000, 0.000001
2.589000, 0.000000, 0.000001
2.590000, 0.000000, 0.000001
2.591000, 0.000000, 0.000001
2.592000, 0.000000, 0.000002
2.593000, 0.000000, 0.000002
2.594000, 0.000000, 0.000002
2.595000, 0.000000, 0.000002
2.596000, 0.000000, 0.000003
2.597000, 0.000000, 0.000003
2.598000, 0.000000, 0.000003
2.599000, 0.000000, 0.000003
2.600000, 0.000000, 0.000004
2.601000, 0.000000, 0.000004
2.602000, 0.000000, 0.000004
2.603000, 0.000000, 0.000004
2.604000, 0.000000, 0.000005
2.605000, 0.000000, 0.000005
2.606000, 0.000000, 0.000005
2.607000, 0.000000, 0.000005
2.608000, 0.000000, 0.000005
2.609000, 0.000000, 0.000006
2.610000, 0.000000, 0.000006
2.611000, 0.000000, 0.000006
2.612000, 0.000000, 0.000006
2.613000, 0.000000, 0.000006
2.614000, 0.000000, 0.000006
2.615000, 0.000000, 0.000007
2.616000, 0.000000, 0.000007
2.617000, 0.000000, 0.000007
2.618000, 0.000000, 0.000007
2.619000, 0.000000, 0.000007
2.620000, 0.000000, 0.000007
2.621000, 0.000000, 0.000008
2.622000, 0.000000, 0.000008
2.623000, 0.000000, 0.000008
2.624000, 0.000000, 0.000008
2.625000, 0.000000, 0.000008
2.626000, 0.000000, 0.000008
2.627000, 0.000000, 0.000008
2.628000, 0.000000, 0.000009
2.629000, 0.000000, 0.000009
2.630000, 0.000000, 0.000009
2.631000, 0.000000, 0.000009
2.632000, 0.000000, 0.000009
2.633000, 0.000000, 0.000009
2.634000, 0.000000, 0.000009
2.635000, 0.000000, 0.000009
2.636000, 0.000000, 0.000010
2.637000, 0.000001, 0.000010
2.638000, 0.000001, 0.000010
2.639000, 0.000001, 0.000010
2.640000, 0.000001, 0.000010
2.641000, 0.000001, 0.000010
2.642000, 0.000001, 0.000010
2.643000, 0.000001, 0.000010
2.644000, 0.000001, 0.000010
2.645000, 0.000001, 0.000010
2.646000, 0.000001, 0.000010
2.647000, 0.000001, 0.000011
2.648000, 0.000001, 0.000011
2.649000, 0.000001, 0.000011
2.650000, 0.000001, 0.000011
2.651000, 0.000001, 0.000011
2.652000, 0.000001, 0.000011
2.653000, 0.000001, 0.000011
2.654000, 0.000001, 0.000011
2.655000, 0.000001, 0.000011
2.656000, 0.000001, 0.000011
2.657000, 0.000001, 0.000011
2.658000, 0.000001, 0.000011
2.659000, 0.000001, 0.000011
2.660000, 0.000001, 0.000012
2.661000, 0.000001, 0.000012
2.662000, 0.000001, 0.000012
2.663000, 0.000001, 0.000012
2.664000, 0.000001, 0.000012
2.665000, 0.000001, 0.000012
2.666000, 0.000001, 0.000012
2.667000, 0.000001, 0.000012
2.668000, 0.000001, 0.000012
2.669000, 0.000001, 0.000012
2.670000, 0.000001, 0.000012
2.671000, 0.000001, 0.000012
2.672000, 0.000001, 0.000012
2.673000, 0.000001, 0.000012
2.674000, 0.000001, 0.000012
2.675000, 0.000001, 0.000012
2.676000, 0.000001, 0.000012
2.677000, 0.000001, 0.000012
2.678000, 0.000001, 0.000012
2.679000, 0.000001, 0.000013
2.680000, 0.000001, 0.000013
2.681000, 0.000001, 0.000013
2.682000, 0.000001, 0.000013
2.683000, 0.000001, 0.000013
2.684000, 0.000001, 0.000013
2.685000, 0.000001, 0.000013
2.686000, 0.000001, 0.000013
2.687000, 0.000001, 0.000013
2.688000, 0.000001, 0.000013
2.689000, 0.000001, 0.000013
2.690000, 0.000001, 0.000013
2.691000, 0.000001, 0.000013
2.692000, 0.000001, 0.000013
2.693000, 0.000001, 0.000013
2.694000, 0.000001, 0.000013
2.695000, 0.000001, 0.000013
2.696000, 0.000001, 0.000013
2.697000, 0.000001, 0.000013
2.698000, 0.000001, 0.000013
2.699000, 0.000001, 0.000013
2.700000, 0.000001, 0.000013
2.701000, 0.000001, 0.000013
2.702000, 0.000001, 0.000013
2.703000, 0.000001, 0.000013
2.704000, 0.000001, 0.000013
2.705000, 0.000001, 0.000013
2.706000, 0.000001, 0.000013
2.707000, 0.000001, 0.000013
2.708000, 0.000001, 0.000013
2.709000, 0.000001, 0.000013
2.710000, 0.000001, 0.000013
2.711000, 0.000001, 0.000013
2.712000, 0.000001, 0.000013
2.713000, 0.000001, 0.000013
2.714000, 0.000001, 0.000013
2.715000, 0.000001, 0.000013
2.716000, 0.000001, 0.000013
2.717000, 0.000001, 0.000013
2.718000, 0.000001, 0.000014
2.719000, 0.000002, 0.000014
2.720000, 0.000002, 0.000014
2.721000, 0.000002, 0.000014
2.722000, 0.000002, 0.000014
2.723000, 0.000002, 0.000014
2.724000, 0.000002, 0.000014
2.725000, 0.000002, 0.000014
2.726000, 0.000002, 0.000014
2.727000, 0.000002, 0.000014
2.728000, 0.000002, 0.000014
2.729000, 0.000002, 0.000014
2.730000, 0.000002, 0.000014
2.731000, 0.000002, 0.000014
2.732000, 0.000002, 0.000014
2.733000, 0.000002, 0.000014
2.734000, 0.000002, 0.000014
2.735000, 0.000002, 0.000014
2.736000, 0.000002, 0.000014
2.737000, 0.000002, 0.000014
2.738000, 0.000002, 0.000014
2.739000, 0.000002, 0.000014
2.740000, 0.000002, 0.000014
2.741000, 0.000002, 0.000014
2.742000, 0.000002, 0.000014
2.743000, 0.000002, 0.000014
2.744000, 0.000002, 0.000014
2.745000, 0.000002, 0.000014
2.746000, 0.000002, 0.000014
2.747000, 0.000002, 0.000014
2.748000, 0.000002, 0.000014
2.749000, 0.000002, 0.000014
2.750000, 0.000002, 0.000014
2.751000, 0.000002, 0.000014
2.752000, 0.000002, 0.000014
2.753000, 0.000002, 0.000014
2.754000, 0.000002, 0.000014
2.755000, 0.000002, 0.000014
2.756000, 0.000002, 0.000014
2.757000, 0.000002, 0.000014
2.758000, 0.000002, 0.000014
2.759000, 0.000002, 0.000014
2.760000, 0.000002, 0.000014
2.761000, 0.000002, 0.000014
2.762000, 0.000002, 0.000014
2.763000, 0.000002, 0.000014
2.764000, 0.000002, 0.000014
2.765000, 0.000002, 0.000014
2.766000, 0.000002, 0.000014
2.767000, 0.000002, 0.000014
2.768000, 0.000002, 0.000014
2.769000, 0.000002, 0.000014
2.770000, 0.000002, 0.000014
2.771000, 0.000002, 0.000014
2.772000, 0.000002, 0.000014
2.773000, 0.000002, 0.000014
2.774000, 0.000002, 0.000014
2.775000, 0.000002, 0.000014
2.776000, 0.000002, 0.000014
2.777000, 0.000002, 0.000014
2.778000, 0.000002, 0.000014
2.779000, 0.000002, 0.000014
2.780000, 0.000002, 0.000014
2.781000, 0.000002, 0.000014
2.782000, 0.000002, 0.000014
2.783000, 0.000002, 0.000014
2.784000, 0.000002, 0.000014
2.785000, 0.000002, 0.000014
2.786000, 0.000002, 0.000014
2.787000, 0.000002, 0.000014
2.788000, 0.000002, 0.000014
2.789000, 0.000002, 0.000014
2.790000, 0.000002, 0.000014
2.791000, 0.000002, 0.000014
2.792000, 0.000003, 0.000014
2.793000, 0.000003, 0.000014
2.794000, 0.000003, 0.000014
2.795000, 0.000003, 0.000014
2.796000, 0.000003, 0.000014
2.797000, 0.000003, 0.000014
2.798000, 0.000003, 0.000014
2.799000, 0.000003, 0.000014
2.800000, 0.000003, 0.000014
2.801000, 0.000003, 0.000014
2.802000, 0.000003, 0.000014
2.803000, 0.000003, 0.000014
2.804000, 0.000003, 0.000014
2.805000, 0.000003, 0.000014
2.806000, 0.000003, 0.000014
2.807000, 0.000003, 0.000014
2.808000, 0.000003, 0.000014
2.809000, 0.000003, 0.000014
2.810000, 0.000003, 0.000014
2.811000, 0.000003, 0.000014
2.812000, 0.000003, 0.000013
2.813000, 0.000003, 0.000013
2.814000, 0.000003, 0.000013
2.815000, 0.000003, 0.000013
2.816000, 0.000003, 0.000013
2.817000, 0.000003, 0.000013
2.818000, 0.000003, 0.000013
2.819000, 0.000003, 0.000013
2.820000, 0.000003, 0.000013
2.821000, 0.000003, 0.000013
2.822000, 0.000003, 0.000013
2.823000, 0.000003, 0.000013
2.824000, 0.000003, 0.000013
2.825000, 0.000003, 0.000013
2.826000, 0.000003, 0.000013
2.827000, 0.000003, 0.000013
2.828000, 0.000003, 0.000013
2.829000, 0.000003, 0.000013
2.830000, 0.000003, 0.000013
2.831000, 0.000003, 0.000013
2.832000, 0.000003, 0.000013
2.833000, 0.000003, 0.000013
2.834000, 0.000003, 0.000013
2.835000, 0.000003, 0.000013
2.836000, 0.000003, 0.000013
2.837000, 0.000003, 0.000013
2.838000, 0.000003, 0.000013
2.839000, 0.000003, 0.000013
2.840000, 0.000003, 0.000013
2.841000, 0.000003, 0.000013
2.842000, 0.000003, 0.000013
2.843000, 0.000003, 0.000013
2.844000, 0.000003, 0.000013
2.845000, 0.000003, 0.000013
2.846000, 0.000003, 0.000013
2.847000, 0.000003, 0.000013
2.848000, 0.000003, 0.000013
2.849000, 0.000003, 0.000013
2.850000, 0.000003, 0.000013
2.851000, 0.000003, 0.000013
2.852000, 0.000003, 0.000013
2.853000, 0.000003, 0.000013
2.854000, 0.000003, 0.000013
2.855000, 0.000003, 0.000013
2.856000, 0.000003, 0.000013
2.857000, 0.000003, 0.000013
2.858000, 0.000003, 0.000013
2.859000, 0.000003, 0.000013
2.860000, 0.000003, 0.000013
2.861000, 0.000003, 0.000013
2.862000, 0.000003, 0.000013
2.863000, 0.000003, 0.000013
2.864000, 0.000003, 0.000013
2.865000, 0.000003, 0.000013
2.866000, 0.000003, 0.000013
2.867000, 0.000004, 0.000013
2.868000, 0.000004, 0.000013
2.869000, 0.000004, 0.000013
2.870000, 0.000004, 0.000013
2.871000, 0.000004, 0.000013
2.872000, 0.000004, 0.000013
2.873000, 0.000004, 0.000013
2.874000, 0.000004, 0.000013
2.875000, 0.000004, 0.000013
2.876000, 0.000004, 0.000013
2.877000, 0.000004, 0.000013
2.878000, 0.000004, 0.000013
2.879000, 0.000004, 0.000013
2.880000, 0.000004, 0.000013
2.881000, 0.000004, 0.000013
2.882000, 0.000004, 0.000013
2.883000, 0.000004, 0.000013
2.884000, 0.000004, 0.000013
2.885000, 0.000004, 0.000013
2.886000, 0.000004, 0.000013
2.887000, 0.000004, 0.000013
2.888000, 0.000004, 0.000013
2.889000, 0.000004, 0.000013
2.890000, 0.000004, 0.000013
2.891000, 0.000004, 0.000013
2.892000, 0.000004, 0.000013
2.893000, 0.000004, 0.000013
2.894000, 0.0000