time, theta__error, theta_dot_error
0.000000, -1.500001, -0.000390
0.001000, -1.485894, 9.404168
0.002000, -1.464103, 17.661865
0.003000, -1.435654, 24.853403
0.004000, -1.401495, 31.057386
0.005000, -1.362499, 36.349889
0.006000, -1.319468, 40.804066
0.007000, -1.273135, 44.489856
0.008000, -1.224169, 47.473772
0.009000, -1.173178, 49.818781
0.010000, -1.120711, 51.584270
0.011000, -1.067264, 52.826074
0.012000, -1.013282, 53.596567
0.013000, -0.959163, 53.944783
0.014000, -0.905261, 53.916566
0.015000, -0.851887, 53.554727
0.016000, -0.799315, 52.899194
0.017000, -0.747784, 51.987164
0.018000, -0.697498, 50.853234
0.019000, -0.648630, 49.529519
0.020000, -0.601326, 48.045758
0.021000, -0.555705, 46.429410
0.022000, -0.511861, 44.705737
0.023000, -0.469867, 42.897890
0.024000, -0.429776, 41.026984
0.025000, -0.391621, 39.112182
0.026000, -0.355421, 37.170775
0.027000, -0.321179, 35.218271
0.028000, -0.288885, 33.268482
0.029000, -0.258519, 31.333620
0.030000, -0.230049, 29.424389
0.031000, -0.203436, 27.550083
0.032000, -0.178633, 25.718685
0.033000, -0.155587, 23.936962
0.034000, -0.134240, 22.210564
0.035000, -0.114529, 20.544113
0.036000, -0.096389, 18.941292
0.037000, -0.079752, 17.404939
0.038000, -0.064549, 15.937122
0.039000, -0.050709, 14.539218
0.040000, -0.038161, 13.211990
0.041000, -0.026833, 11.955653
0.042000, -0.016656, 10.769936
0.043000, -0.007560, 9.654147
0.044000, 0.000524, 8.607226
0.045000, 0.007662, 7.627791
0.046000, 0.013919, 6.714194
0.047000, 0.019359, 5.864556
0.048000, 0.024042, 5.076809
0.049000, 0.028027, 4.348735
0.050000, 0.031369, 3.677992
0.051000, 0.034124, 3.062148
0.052000, 0.036341, 2.498706
0.053000, 0.038069, 1.985127
0.054000, 0.039355, 1.518852
0.055000, 0.040241, 1.097320
0.056000, 0.040770, 0.717986
0.057000, 0.040978, 0.378332
0.058000, 0.040903, 0.075885
0.059000, 0.040577, -0.191778
0.060000, 0.040032, -0.427016
0.061000, 0.039298, -0.632120
0.062000, 0.038400, -0.809304
0.063000, 0.037363, -0.960701
0.064000, 0.036211, -1.088358
0.065000, 0.034964, -1.194235
0.066000, 0.033641, -1.280200
0.067000, 0.032259, -1.348031
0.068000, 0.030834, -1.399413
0.069000, 0.029380, -1.435937
0.070000, 0.027909, -1.459106
0.071000, 0.026433, -1.470328
0.072000, 0.024962, -1.470928
0.073000, 0.023504, -1.462138
0.074000, 0.022067, -1.445110
0.075000, 0.020659, -1.420913
0.076000, 0.019283, -1.390535
0.077000, 0.017946, -1.354889
0.078000, 0.016651, -1.314817
0.079000, 0.015402, -1.271087
0.080000, 0.014201, -1.224404
0.081000, 0.013050, -1.175408
0.082000, 0.011951, -1.124678
0.083000, 0.010904, -1.072738
0.084000, 0.009910, -1.020058
0.085000, 0.008970, -0.967059
0.086000, 0.008082, -0.914114
0.087000, 0.007247, -0.861551
0.088000, 0.006463, -0.809659
0.089000, 0.005730, -0.758688
0.090000, 0.005046, -0.708855
0.091000, 0.004410, -0.660341
0.092000, 0.003820, -0.613301
0.093000, 0.003275, -0.567861
0.094000, 0.002773, -0.524122
0.095000, 0.002312, -0.482163
0.096000, 0.001890, -0.442042
0.097000, 0.001505, -0.403799
0.098000, 0.001156, -0.367457
0.099000, 0.000840, -0.333025
0.100000, 0.000556, -0.300498
0.101000, 0.000301, -0.269861
0.102000, 0.000075, -0.241087
0.103000, -0.000126, -0.214140
0.104000, -0.000303, -0.188980
0.105000, -0.000456, -0.165556
0.106000, -0.000589, -0.143815
0.107000, -0.000703, -0.123698
0.108000, -0.000799, -0.105144
0.109000, -0.000878, -0.088087
0.110000, -0.000943, -0.072462
0.111000, -0.000994, -0.058200
0.112000, -0.001033, -0.045232
0.113000, -0.001061, -0.033490
0.114000, -0.001078, -0.022906
0.115000, -0.001087, -0.013411
0.116000, -0.001087, -0.004939
0.117000, -0.001081, 0.002577
0.118000, -0.001069, 0.009199
0.119000, -0.001051, 0.014991
0.120000, -0.001028, 0.020011
0.121000, -0.001002, 0.024319
0.122000, -0.000972, 0.027971
0.123000, -0.000939, 0.031019
0.124000, -0.000905, 0.033514
0.125000, -0.000868, 0.035506
0.126000, -0.000830, 0.037041
0.127000, -0.000792, 0.038161
0.128000, -0.000752, 0.038909
0.129000, -0.000713, 0.039322
0.130000, -0.000673, 0.039438
0.131000, -0.000634, 0.039290
0.132000, -0.000595, 0.038910
0.133000, -0.000557, 0.038327
0.134000, -0.000520, 0.037569
0.135000, -0.000484, 0.036661
0.136000, -0.000449, 0.035626
0.137000, -0.000415, 0.034486
0.138000, -0.000382, 0.033260
0.139000, -0.000351, 0.031966
0.140000, -0.000321, 0.030620
0.141000, -0.000292, 0.029236
0.142000, -0.000265, 0.027828
0.143000, -0.000240, 0.026408
0.144000, -0.000215, 0.024985
0.145000, -0.000193, 0.023570
0.146000, -0.000171, 0.022170
0.147000, -0.000151, 0.020793
0.148000, -0.000132, 0.019444
0.149000, -0.000115, 0.018129
0.150000, -0.000098, 0.016852
0.151000, -0.000083, 0.015617
0.152000, -0.000070, 0.014426
0.153000, -0.000057, 0.013283
0.154000, -0.000045, 0.012189
0.155000, -0.000035, 0.011144
0.156000, -0.000025, 0.010151
0.157000, -0.000016, 0.009208
0.158000, -0.000008, 0.008317
0.159000, -0.000001, 0.007477
0.160000, 0.000005, 0.006687
0.161000, 0.000011, 0.005947
0.162000, 0.000015, 0.005255
0.163000, 0.000020, 0.004610
0.164000, 0.000023, 0.004011
0.165000, 0.000027, 0.003456
0.166000, 0.000029, 0.002943
0.167000, 0.000032, 0.002471
0.168000, 0.000033, 0.002039
0.169000, 0.000035, 0.001643
0.170000, 0.000036, 0.001284
0.171000, 0.000037, 0.000957
0.172000, 0.000037, 0.000663
0.173000, 0.000037, 0.000398
0.174000, 0.000038, 0.000161
0.175000, 0.000037, -0.000049
0.176000, 0.000037, -0.000235
0.177000, 0.000037, -0.000398
0.178000, 0.000036, -0.000539
0.179000, 0.000035, -0.000661
0.180000, 0.000034, -0.000765
0.181000, 0.000034, -0.000852
0.182000, 0.000033, -0.000923
0.183000, 0.000032, -0.000981
0.184000, 0.000030, -0.001026
0.185000, 0.000029, -0.001060
0.186000, 0.000028, -0.001083
0.187000, 0.000027, -0.001097
0.188000, 0.000026, -0.001102
0.189000, 0.000025, -0.001100
0.190000, 0.000024, -0.001091
0.191000, 0.000023, -0.001077
0.192000, 0.000022, -0.001058
0.193000, 0.000021, -0.001035
0.194000, 0.000020, -0.001008
0.195000, 0.000019, -0.000978
0.196000, 0.000018, -0.000945
0.197000, 0.000017, -0.000910
0.198000, 0.000016, -0.000874
0.199000, 0.000015, -0.000837
0.200000, 0.000015, -0.000799
0.201000, 0.000014, -0.000761
0.202000, 0.000013, -0.000722
0.203000, 0.000012, -0.000684
0.204000, 0.000012, -0.000646
0.205000, 0.000011, -0.000608
0.206000, 0.000011, -0.000571
0.207000, 0.000010, -0.000535
0.208000, 0.000010, -0.000500
0.209000, 0.000009, -0.000466
0.210000, 0.000009, -0.000433
0.211000, 0.000008, -0.000402
0.212000, 0.000008, -0.000372
0.213000, 0.000008, -0.000343
0.214000, 0.000007, -0.000315
0.215000, 0.000007, -0.000289
0.216000, 0.000007, -0.000265
0.217000, 0.000007, -0.000241
0.218000, 0.000006, -0.000219
0.219000, 0.000006, -0.000199
0.220000, 0.000006, -0.000179
0.221000, 0.000006, -0.000161
0.222000, 0.000006, -0.000144
0.223000, 0.000006, -0.000129
0.224000, 0.000006, -0.000114
0.225000, 0.000005, -0.000101
0.226000, 0.000005, -0.000089
0.227000, 0.000005, -0.000077
0.228000, 0.000005, -0.000067
0.229000, 0.000005, -0.000058
0.230000, 0.000005, -0.000049
0.231000, 0.000005, -0.000042
0.232000, 0.000005, -0.000035
0.233000, 0.000005, -0.000029
0.234000, 0.000005, -0.000023
0.235000, 0.000005, -0.000018
0.236000, 0.000005, -0.000014
0.237000, 0.000005, -0.000010
0.238000, 0.000005, -0.000007
0.239000, 0.000005, -0.000005
0.240000, 0.000005, -0.000002
0.241000, 0.000005, -0.000000
0.242000, 0.000005, 0.000001
0.243000, 0.000005, 0.000002
0.244000, 0.000005, 0.000003
0.245000, 0.000005, 0.000004
0.246000, 0.000005, 0.000005
0.247000, 0.000005, 0.000005
0.248000, 0.000005, 0.000005
0.249000, 0.000005, 0.000005
0.250000, 0.000005, 0.000004
0.251000, 0.000005, 0.000004
0.252000, 0.000005, 0.000004
0.253000, 0.000005, 0.000003
0.254000, 0.000005, 0.000002
0.255000, 0.000005, 0.000002
0.256000, 0.000005, 0.000001
0.257000, 0.000005, 0.000000
0.258000, 0.000005, -0.000001
0.259000, 0.000005, -0.000002
0.260000, 0.000005, -0.000002
0.261000, 0.000005, -0.000003
0.262000, 0.000005, -0.000004
0.263000, 0.000005, -0.000005
0.264000, 0.000005, -0.000006
0.265000, 0.000005, -0.000007
0.266000, 0.000005, -0.000007
0.267000, 0.000005, -0.000008
0.268000, 0.000005, -0.000009
0.269000, 0.000005, -0.000010
0.270000, 0.000005, -0.000010
0.271000, 0.000005, -0.000011
0.272000, 0.000005, -0.000011
0.273000, 0.000005, -0.000012
0.274000, 0.000005, -0.000013
0.275000, 0.000005, -0.000013
0.276000, 0.000005, -0.000013
0.277000, 0.000005, -0.000014
0.278000, 0.000005, -0.000014
0.279000, 0.000005, -0.000015
0.280000, 0.000005, -0.000015
0.281000, 0.000005, -0.000015
0.282000, 0.000005, -0.000015
0.283000, 0.000005, -0.000016
0.284000, 0.000005, -0.000016
0.285000, 0.000005, -0.000016
0.286000, 0.000005, -0.000016
0.287000, 0.000005, -0.000016
0.288000, 0.000005, -0.000016
0.289000, 0.000005, -0.000017
0.290000, 0.000005, -0.000017
0.291000, 0.000005, -0.000017
0.292000, 0.000005, -0.000017
0.293000, 0.000005, -0.000017
0.294000, 0.000005, -0.000017
0.295000, 0.000005, -0.000017
0.296000, 0.000005, -0.000017
0.297000, 0.000005, -0.000017
0.298000, 0.000005, -0.000016
0.299000, 0.000005, -0.000016
0.300000, 0.000005, -0.000016
0.301000, 0.000005, -0.000016
0.302000, 0.000004, -0.000016
0.303000, 0.000004, -0.000016
0.304000, 0.000004, -0.000016
0.305000, 0.000004, -0.000016
0.306000, 0.000004, -0.000016
0.307000, 0.000004, -0.000016
0.308000, 0.000004, -0.000016
0.309000, 0.000004, -0.000015
0.310000, 0.000004, -0.000015
0.311000, 0.000004, -0.000015
0.312000, 0.000004, -0.000015
0.313000, 0.000004, -0.000015
0.314000, 0.000004, -0.000015
0.315000, 0.000004, -0.000015
0.316000, 0.000004, -0.000015
0.317000, 0.000004, -0.000014
0.318000, 0.000004, -0.000014
0.319000, 0.000004, -0.000014
0.320000, 0.000004, -0.000014
0.321000, 0.000004, -0.000014
0.322000, 0.000004, -0.000014
0.323000, 0.000004, -0.000014
0.324000, 0.000004, -0.000014
0.325000, 0.000004, -0.000014
0.326000, 0.000004, -0.000013
0.327000, 0.000004, -0.000013
0.328000, 0.000004, -0.000013
0.329000, 0.000004, -0.000013
0.330000, 0.000004, -0.000013
0.331000, 0.000004, -0.000013
0.332000, 0.000004, -0.000013
0.333000, 0.000004, -0.000013
0.334000, 0.000004, -0.000013
0.335000, 0.000004, -0.000013
0.336000, 0.000004, -0.000012
0.337000, 0.000004, -0.000012
0.338000, 0.000004, -0.000012
0.339000, 0.000004, -0.000012
0.340000, 0.000004, -0.000012
0.341000, 0.000004, -0.000012
0.342000, 0.000004, -0.000012
0.343000, 0.000004, -0.000012
0.344000, 0.000004, -0.000012
0.345000, 0.000004, -0.000012
0.346000, 0.000004, -0.000012
0.347000, 0.000004, -0.000011
0.348000, 0.000004, -0.000011
0.349000, 0.000004, -0.000011
0.350000, 0.000004, -0.000011
0.351000, 0.000004, -0.000011
0.352000, 0.000004, -0.000011
0.353000, 0.000004, -0.000011
0.354000, 0.000004, -0.000011
0.355000, 0.000004, -0.000011
0.356000, 0.000004, -0.000011
0.357000, 0.000004, -0.000011
0.358000, 0.000004, -0.000011
0.359000, 0.000004, -0.000011
0.360000, 0.000004, -0.000011
0.361000, 0.000004, -0.000011
0.362000, 0.000004, -0.000010
0.363000, 0.000004, -0.000010
0.364000, 0.000004, -0.000010
0.365000, 0.000004, -0.000010
0.366000, 0.000004, -0.000010
0.367000, 0.000004, -0.000010
0.368000, 0.000004, -0.000010
0.369000, 0.000004, -0.000010
0.370000, 0.000004, -0.000010
0.371000, 0.000004, -0.000010
0.372000, 0.000004, -0.000010
0.373000, 0.000004, -0.000010
0.374000, 0.000004, -0.000010
0.375000, 0.000004, -0.000010
0.376000, 0.000004, -0.000010
0.377000, 0.000004, -0.000010
0.378000, 0.000004, -0.000010
0.379000, 0.000004, -0.000010
0.380000, 0.000004, -0.000009
0.381000, 0.000004, -0.000009
0.382000, 0.000004, -0.000009
0.383000, 0.000004, -0.000009
0.384000, 0.000004, -0.000009
0.385000, 0.000003, -0.000009
0.386000, 0.000003, -0.000009
0.387000, 0.000003, -0.000009
0.388000, 0.000003, -0.000009
0.389000, 0.000003, -0.000009
0.390000, 0.000003, -0.000009
0.391000, 0.000003, -0.000009
0.392000, 0.000003, -0.000009
0.393000, 0.000003, -0.000009
0.394000, 0.000003, -0.000009
0.395000, 0.000003, -0.000009
0.396000, 0.000003, -0.000009
0.397000, 0.000003, -0.000009
0.398000, 0.000003, -0.000009
0.399000, 0.000003, -0.000009
0.400000, 0.000003, -0.000009
0.401000, 0.000003, -0.000008
0.402000, 0.000003, -0.000008
0.403000, 0.000003, -0.000008
0.404000, 0.000003, -0.000008
0.405000, 0.000003, -0.000008
0.406000, 0.000003, -0.000008
0.407000, 0.000003, -0.000008
0.408000, 0.000003, -0.000008
0.409000, 0.000003, -0.000008
0.410000, 0.000003, -0.000008
0.411000, 0.000003, -0.000008
0.412000, 0.000003, -0.000008
0.413000, 0.000003, -0.000008
0.414000, 0.000003, -0.000008
0.415000, 0.000003, -0.000008
0.416000, 0.000003, -0.000008
0.417000, 0.000003, -0.000008
0.418000, 0.000003, -0.000008
0.419000, 0.000003, -0.000008
0.420000, 0.000003, -0.000008
0.421000, 0.000003, -0.000008
0.422000, 0.000003, -0.000008
0.423000, 0.000003, -0.000008
0.424000, 0.000003, -0.000008
0.425000, 0.000003, -0.000008
0.426000, 0.000003, -0.000007
0.427000, 0.000003, -0.000007
0.428000, 0.000003, -0.000007
0.429000, 0.000003, -0.000007
0.430000, 0.000003, -0.000007
0.431000, 0.000003, -0.000007
0.432000, 0.000003, -0.000007
0.433000, 0.000003, -0.000007
0.434000, 0.000003, -0.000007
0.435000, 0.000003, -0.000007
0.436000, 0.000003, -0.000007
0.437000, 0.000003, -0.000007
0.438000, 0.000003, -0.000007
0.439000, 0.000003, -0.000007
0.440000, 0.000003, -0.000007
0.441000, 0.000003, -0.000007
0.442000, 0.000003, -0.000007
0.443000, 0.000003, -0.000007
0.444000, 0.000003, -0.000007
0.445000, 0.000003, -0.000007
0.446000, 0.000003, -0.000007
0.447000, 0.000003, -0.000007
0.448000, 0.000003, -0.000007
0.449000, 0.000003, -0.000007
0.450000, 0.000003, -0.000007
0.451000, 0.000003, -0.000007
0.452000, 0.000003, -0.000007
0.453000, 0.000003, -0.000007
0.454000, 0.000003, -0.000007
0.455000, 0.000003, -0.000007
0.456000, 0.000003, -0.000007
0.457000, 0.000003, -0.000006
0.458000, 0.000003, -0.000006
0.459000, 0.000003, -0.000006
0.460000, 0.000003, -0.000006
0.461000, 0.000003, -0.000006
0.462000, 0.000003, -0.000006
0.463000, 0.000003, -0.000006
0.464000, 0.000003, -0.000006
0.465000, 0.000003, -0.000006
0.466000, 0.000003, -0.000006
0.467000, 0.000003, -0.000006
0.468000, 0.000003, -0.000006
0.469000, 0.000003, -0.000006
0.470000, 0.000003, -0.000006
0.471000, 0.000003, -0.000006
0.472000, 0.000003, -0.000006
0.473000, 0.000003, -0.000006
0.474000, 0.000003, -0.000006
0.475000, 0.000003, -0.000006
0.476000, 0.000003, -0.000006
0.477000, 0.000003, -0.000006
0.478000, 0.000003, -0.000006
0.479000, 0.000003, -0.000006
0.480000, 0.000003, -0.000006
0.481000, 0.000003, -0.000006
0.482000, 0.000003, -0.000006
0.483000, 0.000003, -0.000006
0.484000, 0.000003, -0.000006
0.485000, 0.000003, -0.000006
0.486000, 0.000003, -0.000006
0.487000, 0.000003, -0.000006
0.488000, 0.000003, -0.000006
0.489000, 0.000003, -0.000006
0.490000, 0.000003, -0.000006
0.491000, 0.000003, -0.000006
0.492000, 0.000003, -0.000006
0.493000, 0.000003, -0.000006
0.494000, 0.000003, -0.000006
0.495000, 0.000003, -0.000006
0.496000, 0.000003, -0.000005
0.497000, 0.000003, -0.000005
0.498000, 0.000003, -0.000005
0.499000, 0.000003, -0.000005
0.500000, 0.000003, -0.000005
0.501000, 0.000003, -0.000005
0.502000, 0.000003, -0.000005
0.503000, 0.000003, -0.000005
0.504000, 0.000003, -0.000005
0.505000, 0.000003, -0.000005
0.506000, 0.000003, -0.000005
0.507000, 0.000003, -0.000005
0.508000, 0.000003, -0.000005
0.509000, 0.000003, -0.000005
0.510000, 0.000003, -0.000005
0.511000, 0.000003, -0.000005
0.512000, 0.000003, -0.000005
0.513000, 0.000003, -0.000005
0.514000, 0.000003, -0.000005
0.515000, 0.000003, -0.000005
0.516000, 0.000003, -0.000005
0.517000, 0.000003, -0.000005
0.518000, 0.000003, -0.000005
0.519000, 0.000003, -0.000005
0.520000, 0.000003, -0.000005
0.521000, 0.000003, -0.000005
0.522000, 0.000003, -0.000005
0.523000, 0.000003, -0.000005
0.524000, 0.000003, -0.000005
0.525000, 0.000003, -0.000005
0.526000, 0.000003, -0.000005
0.527000, 0.000003, -0.000005
0.528000, 0.000003, -0.000005
0.529000, 0.000003, -0.000005
0.530000, 0.000003, -0.000005
0.531000, 0.000003, -0.000005
0.532000, 0.000003, -0.000005
0.533000, 0.000003, -0.000005
0.534000, 0.000003, -0.000005
0.535000, 0.000003, -0.000005
0.536000, 0.000003, -0.000005
0.537000, 0.000003, -0.000005
0.538000, 0.000002, -0.000005
0.539000, 0.000002, -0.000005
0.540000, 0.000002, -0.000005
0.541000, 0.000002, -0.000005
0.542000, 0.000002, -0.000005
0.543000, 0.000002, -0.000005
0.544000, 0.000002, -0.000005
0.545000, 0.000002, -0.000005
0.546000, 0.000002, -0.000005
0.547000, 0.000002, -0.000005
0.548000, 0.000002, -0.000005
0.549000, 0.000002, -0.000004
0.550000, 0.000002, -0.000004
0.551000, 0.000002, -0.000004
0.552000, 0.000002, -0.000004
0.553000, 0.000002, -0.000004
0.554000, 0.000002, -0.000004
0.555000, 0.000002, -0.000004
0.556000, 0.000002, -0.000004
0.557000, 0.000002, -0.000004
0.558000, 0.000002, -0.000004
0.559000, 0.000002, -0.000004
0.560000, 0.000002, -0.000004
0.561000, 0.000002, -0.000004
0.562000, 0.000002, -0.000004
0.563000, 0.000002, -0.000004
0.564000, 0.000002, -0.000004
0.565000, 0.000002, -0.000004
0.566000, 0.000002, -0.000004
0.567000, 0.000002, -0.000004
0.568000, 0.000002, -0.000004
0.569000, 0.000002, -0.000004
0.570000, 0.000002, -0.000004
0.571000, 0.000002, -0.000004
0.572000, 0.000002, -0.000004
0.573000, 0.000002, -0.000004
0.574000, 0.000002, -0.000004
0.575000, 0.000002, -0.000004
0.576000, 0.000002, -0.000004
0.577000, 0.000002, -0.000004
0.578000, 0.000002, -0.000004
0.579000, 0.000002, -0.000004
0.580000, 0.000002, -0.000004
0.581000, 0.000002, -0.000004
0.582000, 0.000002, -0.000004
0.583000, 0.000002, -0.000004
0.584000, 0.000002, -0.000004
0.585000, 0.000002, -0.000004
0.586000, 0.000002, -0.000004
0.587000, 0.000002, -0.000004
0.588000, 0.000002, -0.000004
0.589000, 0.000002, -0.000004
0.590000, 0.000002, -0.000004
0.591000, 0.000002, -0.000004
0.592000, 0.000002, -0.000004
0.593000, 0.000002, -0.000004
0.594000, 0.000002, -0.000004
0.595000, 0.000002, -0.000004
0.596000, 0.000002, -0.000004
0.597000, 0.000002, -0.000004
0.598000, 0.000002, -0.000004
0.599000, 0.000002, -0.000004
0.600000, 0.000002, -0.000004
0.601000, 0.000002, -0.000004
0.602000, 0.000002, -0.000004
0.603000, 0.000002, -0.000004
0.604000, 0.000002, -0.000004
0.605000, 0.000002, -0.000004
0.606000, 0.000002, -0.000004
0.607000, 0.000002, -0.000004
0.608000, 0.000002, -0.000004
0.609000, 0.000002, -0.000004
0.610000, 0.000002, -0.000004
0.611000, 0.000002, -0.000004
0.612000, 0.000002, -0.000004
0.613000, 0.000002, -0.000004
0.614000, 0.000002, -0.000004
0.615000, 0.000002, -0.000004
0.616000, 0.000002, -0.000004
0.617000, 0.000002, -0.000004
0.618000, 0.000002, -0.000004
0.619000, 0.000002, -0.000004
0.620000, 0.000002, -0.000004
0.621000, 0.000002, -0.000004
0.622000, 0.000002, -0.000004
0.623000, 0.000002, -0.000004
0.624000, 0.000002, -0.000004
0.625000, 0.000002, -0.000003
0.626000, 0.000002, -0.000003
0.627000, 0.000002, -0.000003
0.628000, 0.000002, -0.000003
0.629000, 0.000002, -0.000003
0.630000, 0.000002, -0.000003
0.631000, 0.000002, -0.000003
0.632000, 0.000002, -0.000003
0.633000, 0.000002, -0.000003
0.634000, 0.000002, -0.000003
0.635000, 0.000002, -0.000003
0.636000, 0.000002, -0.000003
0.637000, 0.000002, -0.000003
0.638000, 0.000002, -0.000003
0.639000, 0.000002, -0.000003
0.640000, 0.000002, -0.000003
0.641000, 0.000002, -0.000003
0.642000, 0.000002, -0.000003
0.643000, 0.000002, -0.000003
0.644000, 0.000002, -0.000003
0.645000, 0.000002, -0.000003
0.646000, 0.000002, -0.000003
0.647000, 0.000002, -0.000003
0.648000, 0.000002, -0.000003
0.649000, 0.000002, -0.000003
0.650000, 0.000002, -0.000003
0.651000, 0.000002, -0.000003
0.652000, 0.000002, -0.000003
0.653000, 0.000002, -0.000003
0.654000, 0.000002, -0.000003
0.655000, 0.000002, -0.000003
0.656000, 0.000002, -0.000003
0.657000, 0.000002, -0.000003
0.658000, 0.000002, -0.000003
0.659000, 0.000002, -0.000003
0.660000, 0.000002, -0.000003
0.661000, 0.000002, -0.000003
0.662000, 0.000002, -0.000003
0.663000, 0.000002, -0.000003
0.664000, 0.000002, -0.000003
0.665000, 0.000002, -0.000003
0.666000, 0.000002, -0.000003
0.667000, 0.000002, -0.000003
0.668000, 0.000002, -0.000003
0.669000, 0.000002, -0.000003
0.670000, 0.000002, -0.000003
0.671000, 0.000002, -0.000003
0.672000, 0.000002, -0.000003
0.673000, 0.000002, -0.000003
0.674000, 0.000002, -0.000003
0.675000, 0.000002, -0.000003
0.676000, 0.000002, -0.000003
0.677000, 0.000002, -0.000003
0.678000, 0.000002, -0.000003
0.679000, 0.000002, -0.000003
0.680000, 0.000002, -0.000003
0.681000, 0.000002, -0.000003
0.682000, 0.000002, -0.000003
0.683000, 0.000002, -0.000003
0.684000, 0.000002, -0.000003
0.685000, 0.000002, -0.000003
0.686000, 0.000002, -0.000003
0.687000, 0.000002, -0.000003
0.688000, 0.000002, -0.000003
0.689000, 0.000002, -0.000003
0.690000, 0.000002, -0.000003
0.691000, 0.000002, -0.000003
0.692000, 0.000002, -0.000003
0.693000, 0.000002, -0.000003
0.694000, 0.000002, -0.000003
0.695000, 0.000002, -0.000003
0.696000, 0.000002, -0.000003
0.697000, 0.000002, -0.000003
0.698000, 0.000002, -0.000003
0.699000, 0.000002, -0.000003
0.700000, 0.000002, -0.000003
0.701000, 0.000002, -0.000003
0.702000, 0.000002, -0.000003
0.703000, 0.000002, -0.000003
0.704000, 0.000002, -0.000003
0.705000, 0.000002, -0.000003
0.706000, 0.000002, -0.000003
0.707000, 0.000002, -0.000003
0.708000, 0.000002, -0.000003
0.709000, 0.000002, -0.000003
0.710000, 0.000002, -0.000003
0.711000, 0.000002, -0.000003
0.712000, 0.000002, -0.000003
0.713000, 0.000002, -0.000003
0.714000, 0.000002, -0.000003
0.715000, 0.000002, -0.000003
0.716000, 0.000002, -0.000003
0.717000, 0.000002, -0.000003
0.718000, 0.000002, -0.000003
0.719000, 0.000002, -0.000003
0.720000, 0.000002, -0.000003
0.721000, 0.000002, -0.000003
0.722000, 0.000002, -0.000003
0.723000, 0.000002, -0.000003
0.724000, 0.000002, -0.000003
0.725000, 0.000002, -0.000003
0.726000, 0.000002, -0.000003
0.727000, 0.000002, -0.000003
0.728000, 0.000002, -0.000003
0.729000, 0.000002, -0.000003
0.730000, 0.000002, -0.000003
0.731000, 0.000002, -0.000003
0.732000, 0.000002, -0.000003
0.733000, 0.000002, -0.000003
0.734000, 0.000002, -0.000003
0.735000, 0.000002, -0.000003
0.736000, 0.000002, -0.000003
0.737000, 0.000002, -0.000003
0.738000, 0.000002, -0.000003
0.739000, 0.000002, -0.000003
0.740000, 0.000002, -0.000003
0.741000, 0.000002, -0.000003
0.742000, 0.000002, -0.000003
0.743000, 0.000002, -0.000003
0.744000, 0.000002, -0.000003
0.745000, 0.000002, -0.000003
0.746000, 0.000002, -0.000003
0.747000, 0.000002, -0.000003
0.748000, 0.000002, -0.000002
0.749000, 0.000002, -0.000002
0.750000, 0.000002, -0.000002
0.751000, 0.000002, -0.000002
0.752000, 0.000002, -0.000002
0.753000, 0.000002, -0.000002
0.754000, 0.000002, -0.000002
0.755000, 0.000002, -0.000002
0.756000, 0.000002, -0.000002
0.757000, 0.000002, -0.000002
0.758000, 0.000002, -0.000002
0.759000, 0.000002, -0.000002
0.760000, 0.000002, -0.000002
0.761000, 0.000002, -0.000002
0.762000, 0.000002, -0.000002
0.763000, 0.000002, -0.000002
0.764000, 0.000002, -0.000002
0.765000, 0.000002, -0.000002
0.766000, 0.000002, -0.000002
0.767000, 0.000002, -0.000002
0.768000, 0.000002, -0.000002
0.769000, 0.000002, -0.000002
0.770000, 0.000002, -0.000002
0.771000, 0.000002, -0.000002
0.772000, 0.000002, -0.000002
0.773000, 0.000002, -0.000002
0.774000, 0.000002, -0.000002
0.775000, 0.000002, -0.000002
0.776000, 0.000002, -0.000002
0.777000, 0.000002, -0.000002
0.778000, 0.000002, -0.000002
0.779000, 0.000002, -0.000002
0.780000, 0.000002, -0.000002
0.781000, 0.000002, -0.000002
0.782000, 0.000002, -0.000002
0.783000, 0.000002, -0.000002
0.784000, 0.000002, -0.000002
0.785000, 0.000002, -0.000002
0.786000, 0.000002, -0.000002
0.787000, 0.000002, -0.000002
0.788000, 0.000002, -0.000002
0.789000, 0.000002, -0.000002
0.790000, 0.000002, -0.000002
0.791000, 0.000002, -0.000002
0.792000, 0.000002, -0.000002
0.793000, 0.000002, -0.000002
0.794000, 0.000002, -0.000002
0.795000, 0.000002, -0.000002
0.796000, 0.000002, -0.000002
0.797000, 0.000002, -0.000002
0.798000, 0.000002, -0.000002
0.799000, 0.000002, -0.000002
0.800000, 0.000002, -0.000002
0.801000, 0.000002, -0.000002
0.802000, 0.000002, -0.000002
0.803000, 0.000002, -0.000002
0.804000, 0.000002, -0.000002
0.805000, 0.000002, -0.000002
0.806000, 0.000002, -0.000002
0.807000, 0.000002, -0.000002
0.808000, 0.000002, -0.000002
0.809000, 0.000002, -0.000002
0.810000, 0.000002, -0.000002
0.811000, 0.000002, -0.000002
0.812000, 0.000002, -0.000002
0.813000, 0.000002, -0.000002
0.814000, 0.000002, -0.000002
0.815000, 0.000002, -0.000002
0.816000, 0.000002, -0.000002
0.817000, 0.000002, -0.000002
0.818000, 0.000002, -0.000002
0.819000, 0.000002, -0.000002
0.820000, 0.000002, -0.000002
0.821000, 0.000002, -0.000002
0.822000, 0.000002, -0.000002
0.823000, 0.000002, -0.000002
0.824000, 0.000002, -0.000002
0.825000, 0.000002, -0.000002
0.826000, 0.000002, -0.000002
0.827000, 0.000002, -0.000002
0.828000, 0.000002, -0.000002
0.829000, 0.000002, -0.000002
0.830000, 0.000002, -0.000002
0.831000, 0.000002, -0.000002
0.832000, 0.000002, -0.000002
0.833000, 0.000002, -0.000002
0.834000, 0.000002, -0.000002
0.835000, 0.000002, -0.000002
0.836000, 0.000002, -0.000002
0.837000, 0.000002, -0.000002
0.838000, 0.000002, -0.000002
0.839000, 0.000002, -0.000002
0.840000, 0.000002, -0.000002
0.841000, 0.000002, -0.000002
0.842000, 0.000002, -0.000002
0.843000, 0.000002, -0.000002
0.844000, 0.000002, -0.000002
0.845000, 0.000002, -0.000002
0.846000, 0.000002, -0.000002
0.847000, 0.000002, -0.000002
0.848000, 0.000002, -0.000002
0.849000, 0.000002, -0.000002
0.850000, 0.000002, -0.000002
0.851000, 0.000002, -0.000002
0.852000, 0.000002, -0.000002
0.853000, 0.000002, -0.000002
0.854000, 0.000002, -0.000002
0.855000, 0.000002, -0.000002
0.856000, 0.000002, -0.000002
0.857000, 0.000002, -0.000002
0.858000, 0.000002, -0.000002
0.859000, 0.000002, -0.000002
0.860000, 0.000002, -0.000002
0.861000, 0.000002, -0.000002
0.862000, 0.000002, -0.000002
0.863000, 0.000002, -0.000002
0.864000, 0.000002, -0.000002
0.865000, 0.000002, -0.000002
0.866000, 0.000002, -0.000002
0.867000, 0.000002, -0.000002
0.868000, 0.000002, -0.000002
0.869000, 0.000002, -0.000002
0.870000, 0.000002, -0.000002
0.871000, 0.000002, -0.000002
0.872000, 0.000002, -0.000002
0.873000, 0.000002, -0.000002
0.874000, 0.000002, -0.000002
0.875000, 0.000002, -0.000002
0.876000, 0.000002, -0.000002
0.877000, 0.000002, -0.000002
0.878000, 0.000002, -0.000002
0.879000, 0.000002, -0.000002
0.880000, 0.000002, -0.000002
0.881000, 0.000002, -0.000002
0.882000, 0.000001, -0.000002
0.883000, 0.000001, -0.000002
0.884000, 0.000001, -0.000002
0.885000, 0.000001, -0.000002
0.886000, 0.000001, -0.000002
0.887000, 0.000001, -0.000002
0.888000, 0.000001, -0.000002
0.889000, 0.000001, -0.000002
0.890000, 0.000001, -0.000002
0.891000, 0.000001, -0.000002
0.892000, 0.000001, -0.000002
0.893000, 0.000001, -0.000002
0.894000, 0.000001, -0.000002
0.895000, 0.000001, -0.000002
0.896000, 0.000001, -0.000002
0.897000, 0.000001, -0.000002
0.898000, 0.000001, -0.000002
0.899000, 0.000001, -0.000002
0.900000, 0.000001, -0.000002
0.901000, 0.000001, -0.000002
0.902000, 0.000001, -0.000002
0.903000, 0.000001, -0.000002
0.904000, 0.000001, -0.000002
0.905000, 0.000001, -0.000002
0.906000, 0.000001, -0.000002
0.907000, 0.000001, -0.000002
0.908000, 0.000001, -0.000002
0.909000, 0.000001, -0.000002
0.910000, 0.000001, -0.000002
0.911000, 0.000001, -0.000002
0.912000, 0.000001, -0.000002
0.913000, 0.000001, -0.000002
0.914000, 0.000001, -0.000002
0.915000, 0.000001, -0.000002
0.916000, 0.000001, -0.000002
0.917000, 0.000001, -0.000002
0.918000, 0.000001, -0.000002
0.919000, 0.000001, -0.000002
0.920000, 0.000001, -0.000002
0.921000, 0.000001, -0.000002
0.922000, 0.000001, -0.000002
0.923000, 0.000001, -0.000002
0.924000, 0.000001, -0.000002
0.925000, 0.000001, -0.000002
0.926000, 0.000001, -0.000002
0.927000, 0.000001, -0.000002
0.928000, 0.000001, -0.000002
0.929000, 0.000001, -0.000002
0.930000, 0.000001, -0.000002
0.931000, 0.000001, -0.000002
0.932000, 0.000001, -0.000002
0.933000, 0.000001, -0.000002
0.934000, 0.000001, -0.000002
0.935000, 0.000001, -0.000002
0.936000, 0.000001, -0.000002
0.937000, 0.000001, -0.000002
0.938000, 0.000001, -0.000002
0.939000, 0.000001, -0.000002
0.940000, 0.000001, -0.000002
0.941000, 0.000001, -0.000002
0.942000, 0.000001, -0.000002
0.943000, 0.000001, -0.000002
0.944000, 0.000001, -0.000002
0.945000, 0.000001, -0.000002
0.946000, 0.000001, -0.000002
0.947000, 0.000001, -0.000002
0.948000, 0.000001, -0.000002
0.949000, 0.000001, -0.000002
0.950000, 0.000001, -0.000002
0.951000, 0.000001, -0.000002
0.952000, 0.000001, -0.000002
0.953000, 0.000001, -0.000002
0.954000, 0.000001, -0.000002
0.955000, 0.000001, -0.000002
0.956000, 0.000001, -0.000002
0.957000, 0.000001, -0.000002
0.958000, 0.000001, -0.000002
0.959000, 0.000001, -0.000002
0.960000, 0.000001, -0.000002
0.961000, 0.000001, -0.000002
0.962000, 0.000001, -0.000002
0.963000, 0.000001, -0.000002
0.964000, 0.000001, -0.000002
0.965000, 0.000001, -0.000002
0.966000, 0.000001, -0.000002
0.967000, 0.000001, -0.000002
0.968000, 0.000001, -0.000002
0.969000, 0.000001, -0.000002
0.970000, 0.000001, -0.000002
0.971000, 0.000001, -0.000002
0.972000, 0.000001, -0.000002
0.973000, 0.000001, -0.000002
0.974000, 0.000001, -0.000002
0.975000, 0.000001, -0.000002
0.976000, 0.000001, -0.000002
0.977000, 0.000001, -0.000002
0.978000, 0.000001, -0.000002
0.979000, 0.000001, -0.000002
0.980000, 0.000001, -0.000002
0.981000, 0.000001, -0.000002
0.982000, 0.000001, -0.000002
0.983000, 0.000001, -0.000002
0.984000, 0.000001, -0.000002
0.985000, 0.000001, -0.000002
0.986000, 0.000001, -0.000002
0.987000, 0.000001, -0.000002
0.988000, 0.000001, -0.000002
0.989000, 0.000001, -0.000002
0.990000, 0.000001, -0.000002
0.991000, 0.000001, -0.000002
0.992000, 0.000001, -0.000002
0.993000, 0.000001, -0.000002
0.994000, 0.000001, -0.000002
0.995000, 0.000001, -0.000002
0.996000, 0.000001, -0.000002
0.997000, 0.000001, -0.000002
0.998000, 0.000001, -0.000002
0.999000, 0.000001, -0.000002
1.000000, 1.500001, -0.000002
1.001000, 1.485746, -9.503331
1.002000, 1.463741, -17.838068
1.003000, 1.435029, -25.087272
1.004000, 1.400576, -31.331130
1.005000, 1.361271, -36.646825
1.006000, 1.317932, -41.108470
1.007000, 1.271306, -44.787075
1.008000, 1.222073, -47.750515
1.009000, 1.170853, -50.063498
1.010000, 1.118204, -51.787532
1.011000, 1.064626, -52.980880
1.012000, 1.010569, -53.698525
1.013000, 0.956430, -53.992142
1.014000, 0.902561, -53.910096
1.015000, 0.849270, -53.497459
1.016000, 0.796824, -52.796060
1.017000, 0.745456, -51.844555
1.018000, 0.695360, -50.678538
1.019000, 0.646703, -49.330656
1.020000, 0.599623, -47.830757
1.021000, 0.554229, -46.206034
1.022000, 0.510610, -44.481188
1.023000, 0.468833, -42.678584
1.024000, 0.428945, -40.818407
1.025000, 0.390975, -38.918811
1.026000, 0.354941, -36.996064
1.027000, 0.320842, -35.064680
1.028000, 0.288668, -33.137550
1.029000, 0.258398, -31.226056
1.030000, 0.230000, -29.340185
1.031000, 0.203437, -27.488632
1.032000, 0.178663, -25.678894
1.033000, 0.155627, -23.917367
1.034000, 0.134271, -22.209429
1.035000, 0.114537, -20.559522
1.036000, 0.096360, -18.971231
1.037000, 0.079674, -17.447356
1.038000, 0.064413, -15.989985
1.039000, 0.050507, -14.600557
1.040000, 0.037887, -13.279928
1.041000, 0.026485, -12.028431
1.042000, 0.016230, -10.845930
1.043000, 0.007055, -9.731875
1.044000, -0.001107, -8.685353
1.045000, -0.008322, -7.705132
1.046000, -0.014654, -6.789708
1.047000, -0.020165, -5.937343
1.048000, -0.024915, -5.146105
1.049000, -0.028963, -4.413900
1.050000, -0.032364, -3.738503
1.051000, -0.035171, -3.117593
1.052000, -0.037436, -2.548771
1.053000, -0.039206, -2.029589
1.054000, -0.040527, -1.557569
1.055000, -0.041444, -1.130226
1.056000, -0.041996, -0.745077
1.057000, -0.042223, -0.399665
1.058000, -0.042161, -0.091566
1.059000, -0.041842, 0.181598
1.060000, -0.041300, 0.422149
1.061000, -0.040563, 0.632347
1.062000, -0.039657, 0.814377
1.063000, -0.038609, 0.970351
1.064000, -0.037441, 1.102301
1.065000, -0.036173, 1.212172
1.066000, -0.034827, 1.301823
1.067000, -0.033418, 1.373027
1.068000, -0.031964, 1.427466
1.069000, -0.030477, 1.466732
1.070000, -0.028972, 1.492329
1.071000, -0.027460, 1.505673
1.072000, -0.025950, 1.508093
1.073000, -0.024453, 1.500833
1.074000, -0.022976, 1.485053
1.075000, -0.021526, 1.461834
1.076000, -0.020108, 1.432177
1.077000, -0.018729, 1.397009
1.078000, -0.017392, 1.357185
1.079000, -0.016100, 1.313488
1.080000, -0.014857, 1.266637
1.081000, -0.013664, 1.217289
1.082000, -0.012524, 1.166037
1.083000, -0.011437, 1.113421
1.084000, -0.010404, 1.059926
1.085000, -0.009425, 1.005986
1.086000, -0.008500, 0.951990
1.087000, -0.007628, 0.898279
1.088000, -0.006810, 0.845156
1.089000, -0.006043, 0.792884
1.090000, -0.005327, 0.741691
1.091000, -0.004660, 0.691771
1.092000, -0.004041, 0.643290
1.093000, -0.003468, 0.596383
1.094000, -0.002939, 0.551162
1.095000, -0.002453, 0.507714
1.096000, -0.002008, 0.466106
1.097000, -0.001602, 0.426385
1.098000, -0.001232, 0.388582
1.099000, -0.000897, 0.352711
1.100000, -0.000595, 0.318773
1.101000, -0.000325, 0.286757
1.102000, -0.000083, 0.256642
1.103000, 0.000131, 0.228395
1.104000, 0.000320, 0.201979
1.105000, 0.000485, 0.177346
1.106000, 0.000628, 0.154445
1.107000, 0.000751, 0.133219
1.108000, 0.000855, 0.113608
1.109000, 0.000941, 0.095548
1.110000, 0.001012, 0.078972
1.111000, 0.001068, 0.063814
1.112000, 0.001111, 0.050003
1.113000, 0.001142, 0.037472
1.114000, 0.001163, 0.026151
1.115000, 0.001174, 0.015971
1.116000, 0.001176, 0.006864
1.117000, 0.001171, -0.001237
1.118000, 0.001159, -0.008397
1.119000, 0.001141, -0.014680
1.120000, 0.001118, -0.020147
1.121000, 0.001091, -0.024859
1.122000, 0.001060, -0.028874
1.123000, 0.001026, -0.032245
1.124000, 0.000990, -0.035028
1.125000, 0.000951, -0.037271
1.126000, 0.000911, -0.039024
1.127000, 0.000870, -0.040331
1.128000, 0.000829, -0.041236
1.129000, 0.000786, -0.041780
1.130000, 0.000744, -0.042001
1.131000, 0.000702, -0.041935
1.132000, 0.000661, -0.041614
1.133000, 0.000620, -0.041071
1.134000, 0.000580, -0.040335
1.135000, 0.000541, -0.039432
1.136000, 0.000503, -0.038387
1.137000, 0.000467, -0.037223
1.138000, 0.000431, -0.035961
1.139000, 0.000397, -0.034620
1.140000, 0.000365, -0.033218
1.141000, 0.000334, -0.031770
1.142000, 0.000304, -0.030291
1.143000, 0.000276, -0.028794
1.144000, 0.000250, -0.027289
1.145000, 0.000225, -0.025788
1.146000, 0.000201, -0.024299
1.147000, 0.000179, -0.022829
1.148000, 0.000158, -0.021387
1.149000, 0.000139, -0.019978
1.150000, 0.000121, -0.018606
1.151000, 0.000105, -0.017276
1.152000, 0.000089, -0.015992
1.153000, 0.000075, -0.014756
1.154000, 0.000062, -0.013571
1.155000, 0.000050, -0.012437
1.156000, 0.000039, -0.011356
1.157000, 0.000030, -0.010329
1.158000, 0.000021, -0.009356
1.159000, 0.000013, -0.008437
1.160000, 0.000006, -0.007571
1.161000, -0.000001, -0.006758
1.162000, -0.000006, -0.005996
1.163000, -0.000011, -0.005284
1.164000, -0.000015, -0.004622
1.165000, -0.000019, -0.004007
1.166000, -0.000022, -0.003438
1.167000, -0.000025, -0.002913
1.168000, -0.000027, -0.002430
1.169000, -0.000029, -0.001988
1.170000, -0.000030, -0.001584
1.171000, -0.000031, -0.001217
1.172000, -0.000032, -0.000885
1.173000, -0.000033, -0.000585
1.174000, -0.000033, -0.000316
1.175000, -0.000033, -0.000076
1.176000, -0.000032, 0.000136
1.177000, -0.000032, 0.000323
1.178000, -0.000031, 0.000487
1.179000, -0.000031, 0.000629
1.180000, -0.000030, 0.000750
1.181000, -0.000029, 0.000853
1.182000, -0.000028, 0.000939
1.183000, -0.000027, 0.001009
1.184000, -0.000026, 0.001065
1.185000, -0.000025, 0.001107
1.186000, -0.000024, 0.001138
1.187000, -0.000022, 0.001158
1.188000, -0.000021, 0.001169
1.189000, -0.000020, 0.001171
1.190000, -0.000019, 0.001166
1.191000, -0.000018, 0.001153
1.192000, -0.000017, 0.001136
1.193000, -0.000016, 0.001113
1.194000, -0.000014, 0.001086
1.195000, -0.000013, 0.001055
1.196000, -0.000012, 0.001021
1.197000, -0.000011, 0.000985
1.198000, -0.000011, 0.000946
1.199000, -0.000010, 0.000907
1.200000, -0.000009, 0.000866
1.201000, -0.000008, 0.000824
1.202000, -0.000007, 0.000782
1.203000, -0.000007, 0.000741
1.204000, -0.000006, 0.000699
1.205000, -0.000005, 0.000658
1.206000, -0.000005, 0.000617
1.207000, -0.000004, 0.000577
1.208000, -0.000004, 0.000539
1.209000, -0.000003, 0.000501
1.210000, -0.000003, 0.000464
1.211000, -0.000002, 0.000429
1.212000, -0.000002, 0.000396
1.213000, -0.000001, 0.000363
1.214000, -0.000001, 0.000332
1.215000, -0.000001, 0.000303
1.216000, -0.000001, 0.000275
1.217000, -0.000000, 0.000249
1.218000, -0.000000, 0.000224
1.219000, 0.000000, 0.000200
1.220000, 0.000000, 0.000178
1.221000, 0.000000, 0.000158
1.222000, 0.000000, 0.000139
1.223000, 0.000001, 0.000121
1.224000, 0.000001, 0.000104
1.225000, 0.000001, 0.000089
1.226000, 0.000001, 0.000075
1.227000, 0.000001, 0.000062
1.228000, 0.000001, 0.000050
1.229000, 0.000001, 0.000040
1.230000, 0.000001, 0.000030
1.231000, 0.000001, 0.000021
1.232000, 0.000001, 0.000013
1.233000, 0.000001, 0.000006
1.234000, 0.000001, -0.000000
1.235000, 0.000001, -0.000006
1.236000, 0.000001, -0.000011
1.237000, 0.000001, -0.000015
1.238000, 0.000001, -0.000019
1.239000, 0.000001, -0.000022
1.240000, 0.000001, -0.000024
1.241000, 0.000001, -0.000027
1.242000, 0.000001, -0.000028
1.243000, 0.000001, -0.000030
1.244000, 0.000001, -0.000031
1.245000, 0.000001, -0.000031
1.246000, 0.000001, -0.000032
1.247000, 0.000001, -0.000032
1.248000, 0.000001, -0.000032
1.249000, 0.000001, -0.000032
1.250000, 0.000001, -0.000031
1.251000, 0.000001, -0.000031
1.252000, 0.000001, -0.000030
1.253000, 0.000001, -0.000029
1.254000, 0.000000, -0.000028
1.255000, 0.000000, -0.000027
1.256000, 0.000000, -0.000026
1.257000, 0.000000, -0.000025
1.258000, 0.000000, -0.000024
1.259000, 0.000000, -0.000023
1.260000, 0.000000, -0.000022
1.261000, 0.000000, -0.000021
1.262000, 0.000000, -0.000020
1.263000, 0.000000, -0.000018
1.264000, 0.000000, -0.000017
1.265000, 0.000000, -0.000016
1.266000, 0.000000, -0.000015
1.267000, 0.000000, -0.000014
1.268000, 0.000000, -0.000013
1.269000, 0.000000, -0.000012
1.270000, 0.000000, -0.000011
1.271000, 0.000000, -0.000010
1.272000, 0.000000, -0.000009
1.273000, 0.000000, -0.000008
1.274000, 0.000000, -0.000008
1.275000, 0.000000, -0.000007
1.276000, 0.000000, -0.000006
1.277000, 0.000000, -0.000006
1.278000, 0.000000, -0.000005
1.279000, 0.000000, -0.000004
1.280000, 0.000000, -0.000004
1.281000, 0.000000, -0.000003
1.282000, 0.000000, -0.000003
1.283000, 0.000000, -0.000002
1.284000, 0.000000, -0.000002
1.285000, 0.000000, -0.000002
1.286000, 0.000000, -0.000001
1.287000, 0.000000, -0.000001
1.288000, 0.000000, -0.000001
1.289000, 0.000000, -0.000000
1.290000, 0.000000, -0.000000
1.291000, 0.000000, -0.000000
1.292000, 0.000000, 0.000000
1.293000, 0.000000, 0.000000
1.294000, 0.000000, 0.000000
1.295000, 0.000000, 0.000001
1.296000, 0.000000, 0.000001
1.297000, 0.000000, 0.000001
1.298000, 0.000000, 0.000001
1.299000, 0.000000, 0.000001
1.300000, 0.000000, 0.000001
1.301000, 0.000000, 0.000001
1.302000, 0.000000, 0.000001
1.303000, 0.000000, 0.000001
1.304000, 0.000000, 0.000001
1.305000, 0.000000, 0.000001
1.306000, 0.000000, 0.000001
1.307000, 0.000000, 0.000001
1.308000, 0.000000, 0.000001
1.309000, 0.000000, 0.000001
1.310000, 0.000000, 0.000001
1.311000, 0.000000, 0.000001
1.312000, 0.000000, 0.000001
1.313000, 0.000000, 0.000001
1.314000, 0.000000, 0.000001
1.315000, 0.000000, 0.000001
1.316000, 0.000000, 0.000001
1.317000, 0.000000, 0.000001
1.318000, 0.000000, 0.000001
1.319000, 0.000000, 0.000001
1.320000, 0.000000, 0.000001
1.321000, 0.000000, 0.000001
1.322000, 0.000000, 0.000001
1.323000, 0.000000, 0.000001
1.324000, 0.000000, 0.000001
1.325000, 0.000000, 0.000000
1.326000, 0.000000, 0.000000
1.327000, 0.000000, 0.000000
1.328000, 0.000000, 0.000000
1.329000, 0.000000, 0.000000
1.330000, 0.000000, 0.000000
1.331000, 0.000000, 0.000000
1.332000, 0.000000, 0.000000
1.333000, 0.000000, 0.000000
1.334000, 0.000000, 0.000000
1.335000, 0.000000, 0.000000
1.336000, 0.000000, 0.000000
1.337000, 0.000000, 0.000000
1.338000, 0.000000, 0.000000
1.339000, 0.000000, 0.000000
1.340000, 0.000000, 0.000000
1.341000, 0.000000, 0.000000
1.342000, 0.000000, 0.000000
1.343000, 0.000000, 0.000000
1.344000, 0.000000, 0.000000
1.345000, 0.000000, 0.000000
1.346000, 0.000000, 0.000000
1.347000, 0.000000, 0.000000
1.348000, 0.000000, 0.000000
1.349000, 0.000000, -0.000000
1.350000, 0.000000, -0.000000
1.351000, 0.000000, -0.000000
1.352000, 0.000000, -0.000000
1.353000, 0.000000, -0.000000
1.354000, 0.000000, -0.000000
1.355000, 0.000000, -0.000000
1.356000, 0.000000, -0.000000
1.357000, 0.000000, -0.000000
1.358000, 0.000000, -0.000000
1.359000, 0.000000, -0.000000
1.360000, 0.000000, -0.000000
1.361000, 0.000000, -0.000000
1.362000, 0.000000, -0.000000
1.363000, 0.000000, -0.000000
1.364000, 0.000000, -0.000000
1.365000, 0.000000, -0.000000
1.366000, 0.000000, -0.000000
1.367000, 0.000000, -0.000000
1.368000, 0.000000, -0.000000
1.369000, 0.000000, -0.000000
1.370000, 0.000000, -0.000000
1.371000, 0.000000, -0.000000
1.372000, 0.000000, -0.000000
1.373000, 0.000000, -0.000000
1.374000, 0.000000, -0.000000
1.375000, 0.000000, -0.000000
1.376000, 0.000000, -0.000000
1.377000, 0.000000, -0.000000
1.378000, 0.000000, -0.000000
1.379000, 0.000000, -0.000000
1.380000, 0.000000, -0.000000
1.381000, 0.000000, -0.000000
1.382000, 0.000000, -0.000000
1.383000, 0.000000, -0.000000
1.384000, 0.000000, -0.000000
1.385000, 0.000000, -0.000000
1.386000, 0.000000, -0.000000
1.387000, 0.000000, -0.000000
1.388000, 0.000000, -0.000000
1.389000, 0.000000, -0.000000
1.390000, 0.000000, -0.000000
1.391000, 0.000000, -0.000000
1.392000, 0.000000, -0.000000
1.393000, 0.000000, -0.000000
1.394000, 0.000000, -0.000000
1.395000, 0.000000, -0.000000
1.396000, 0.000000, -0.000000
1.397000, 0.000000, -0.000000
1.398000, 0.000000, -0.000000
1.399000, 0.000000, -0.000000
1.400000, 0.000000, -0.000000
1.401000, 0.000000, -0.000000
1.402000, 0.000000, -0.000000
1.403000, 0.000000, -0.000000
1.404000, 0.000000, -0.000000
1.405000, 0.000000, -0.000000
1.406000, 0.000000, -0.000000
1.407000, 0.000000, -0.000000
1.408000, 0.000000, -0.000000
1.409000, 0.000000, -0.000000
1.410000, 0.000000, -0.000000
1.411000, 0.000000, -0.000000
1.412000, 0.000000, -0.000000
1.413000, 0.000000, -0.000000
1.414000, 0.000000, -0.000000
1.415000, 0.000000, -0.000000
1.416000, 0.000000, -0.000000
1.417000, 0.000000, -0.000000
1.418000, 0.000000, -0.000000
1.419000, 0.000000, -0.000000
1.420000, 0.000000, -0.000000
1.421000, 0.000000, -0.000000
1.422000, 0.000000, -0.000000
1.423000, 0.000000, -0.000000
1.424000, 0.000000, -0.000000
1.425000, 0.000000, -0.000000
1.426000, 0.000000, -0.000000
1.427000, 0.000000, -0.000000
1.428000, 0.000000, -0.000000
1.429000, 0.000000, -0.000000
1.430000, 0.000000, -0.000000
1.431000, 0.000000, -0.000000
1.432000, 0.000000, -0.000000
1.433000, 0.000000, -0.000000
1.434000, 0.000000, -0.000000
1.435000, 0.000000, -0.000000
1.436000, 0.000000, -0.000000
1.437000, 0.000000, -0.000000
1.438000, 0.000000, -0.000000
1.439000, 0.000000, -0.000000
1.440000, 0.000000, -0.000000
1.441000, 0.000000, -0.000000
1.442000, 0.000000, -0.000000
1.443000, 0.000000, -0.000000
1.444000, 0.000000, -0.000000
1.445000, 0.000000, -0.000000
1.446000, 0.000000, -0.000000
1.447000, 0.000000, -0.000000
1.448000, 0.000000, -0.000000
1.449000, 0.000000, -0.000000
1.450000, 0.000000, -0.000000
1.451000, 0.000000, -0.000000
1.452000, 0.000000, -0.000000
1.453000, 0.000000, -0.000000
1.454000, 0.000000, -0.000000
1.455000, 0.000000, -0.000000
1.456000, 0.000000, -0.000000
1.457000, 0.000000, -0.000000
1.458000, 0.000000, -0.000000
1.459000, 0.000000, -0.000000
1.460000, 0.000000, -0.000000
1.461000, 0.000000, -0.000000
1.462000, 0.000000, -0.000000
1.463000, 0.000000, -0.000000
1.464000, 0.000000, -0.000000
1.465000, 0.000000, -0.000000
1.466000, 0.000000, -0.000000
1.467000, 0.000000, -0.000000
1.468000, 0.000000, -0.000000
1.469000, 0.000000, -0.000000
1.470000, 0.000000, -0.000000
1.471000, 0.000000, -0.000000
1.472000, 0.000000, -0.000000
1.473000, 0.000000, -0.000000
1.474000, 0.000000, -0.000000
1.475000, 0.000000, -0.000000
1.476000, 0.000000, -0.000000
1.477000, 0.000000, -0.000000
1.478000, 0.000000, -0.000000
1.479000, 0.000000, -0.000000
1.480000, 0.000000, -0.000000
1.481000, 0.000000, -0.000000
1.482000, 0.000000, -0.000000
1.483000, 0.000000, -0.000000
1.484000, 0.000000, -0.000000
1.485000, 0.000000, -0.000000
1.486000, 0.000000, -0.000000
1.487000, 0.000000, -0.000000
1.488000, 0.000000, -0.000000
1.489000, 0.000000, -0.000000
1.490000, 0.000000, -0.000000
1.491000, 0.000000, -0.000000
1.492000, 0.000000, -0.000000
1.493000, 0.000000, -0.000000
1.494000, 0.000000, -0.000000
1.495000, 0.000000, -0.000000
1.496000, 0.000000, -0.000000
1.497000, 0.000000, -0.000000
1.498000, 0.000000, -0.000000
1.499000, 0.000000, -0.000000
1.500000, 0.000000, -0.000000
1.501000, 0.000000, -0.000000
1.502000, 0.000000, -0.000000
1.503000, 0.000000, -0.000000
1.504000, 0.000000, -0.000000
1.505000, 0.000000, -0.000000
1.506000, 0.000000, -0.000000
1.507000, 0.000000, -0.000000
1.508000, 0.000000, -0.000000
1.509000, 0.000000, -0.000000
1.510000, 0.000000, -0.000000
1.511000, 0.000000, -0.000000
1.512000, 0.000000, -0.000000
1.513000, 0.000000, -0.000000
1.514000, 0.000000, -0.000000
1.515000, 0.000000, -0.000000
1.516000, 0.000000, -0.000000
1.517000, 0.000000, -0.000000
1.518000, 0.000000, -0.000000
1.519000, 0.000000, -0.000000
1.520000, 0.000000, -0.000000
1.521000, 0.000000, -0.000000
1.522000, 0.000000, -0.000000
1.523000, 0.000000, -0.000000
1.524000, 0.000000, -0.000000
1.525000, 0.000000, -0.000000
1.526000, 0.000000, -0.000000
1.527000, 0.000000, -0.000000
1.528000, 0.000000, -0.000000
1.529000, 0.000000, -0.000000
1.530000, 0.000000, -0.000000
1.531000, 0.000000, -0.000000
1.532000, 0.000000, -0.000000
1.533000, 0.000000, -0.000000
1.534000, 0.000000, -0.000000
1.535000, 0.000000, -0.000000
1.536000, 0.000000, -0.000000
1.537000, 0.000000, -0.000000
1.538000, 0.000000, -0.000000
1.539000, 0.000000, -0.000000
1.540000, 0.000000, -0.000000
1.541000, 0.000000, -0.000000
1.542000, 0.000000, -0.000000
1.543000, 0.000000, -0.000000
1.544000, 0.000000, -0.000000
1.545000, 0.000000, -0.000000
1.546000, 0.000000, -0.000000
1.547000, 0.000000, -0.000000
1.548000, 0.000000, -0.000000
1.549000, 0.000000, -0.000000
1.550000, 0.000000, -0.000000
1.551000, 0.000000, -0.000000
1.552000, 0.000000, -0.000000
1.553000, 0.000000, -0.000000
1.554000, 0.000000, -0.000000
1.555000, 0.000000, -0.000000
1.556000, 0.000000, -0.000000
1.557000, 0.000000, -0.000000
1.558000, 0.000000, -0.000000
1.559000, 0.000000, -0.000000
1.560000, 0.000000, -0.000000
1.561000, 0.000000, -0.000000
1.562000, 0.000000, -0.000000
1.563000, 0.000000, -0.000000
1.564000, 0.000000, -0.000000
1.565000, 0.000000, -0.000000
1.566000, 0.000000, -0.000000
1.567000, 0.000000, -0.000000
1.568000, 0.000000, -0.000000
1.569000, 0.000000, -0.000000
1.570000, 0.000000, -0.000000
1.571000, 0.000000, -0.000000
1.572000, 0.000000, -0.000000
1.573000, 0.000000, -0.000000
1.574000, 0.000000, -0.000000
1.575000, 0.000000, -0.000000
1.576000, 0.000000, -0.000000
1.577000, 0.000000, -0.000000
1.578000, 0.000000, -0.000000
1.579000, 0.000000, -0.000000
1.580000, 0.000000, -0.000000
1.581000, 0.000000, -0.000000
1.582000, 0.000000, -0.000000
1.583000, 0.000000, -0.000000
1.584000, 0.000000, -0.000000
1.585000, 0.000000, -0.000000
1.586000, 0.000000, -0.000000
1.587000, 0.000000, -0.000000
1.588000, 0.000000, -0.000000
1.589000, 0.000000, -0.000000
1.590000, 0.000000, -0.000000
1.591000, 0.000000, -0.000000
1.592000, 0.000000, -0.000000
1.593000, 0.000000, -0.000000
1.594000, 0.000000, -0.000000
1.595000, 0.000000, -0.000000
1.596000, 0.000000, -0.000000
1.597000, 0.000000, -0.000000
1.598000, 0.000000, -0.000000
1.599000, 0.000000, -0.000000
1.600000, 0.000000, -0.000000
1.601000, 0.000000, -0.000000
1.602000, 0.000000, -0.000000
1.603000, 0.000000, -0.000000
1.604000, 0.000000, -0.000000
1.605000, 0.000000, -0.000000
1.606000, 0.000000, -0.000000
1.607000, 0.000000, -0.000000
1.608000, 0.000000, -0.000000
1.609000, 0.000000, -0.000000
1.610000, 0.000000, -0.000000
1.611000, 0.000000, -0.000000
1.612000, 0.000000, -0.000000
1.613000, 0.000000, -0.000000
1.614000, 0.000000, -0.000000
1.615000, 0.000000, -0.000000
1.616000, 0.000000, -0.000000
1.617000, 0.000000, -0.000000
1.618000, 0.000000, -0.000000
1.619000, 0.000000, -0.000000
1.620000, 0.000000, -0.000000
1.621000, 0.000000, -0.000000
1.622000, 0.000000, -0.000000
1.623000, 0.000000, -0.000000
1.624000, 0.000000, -0.000000
1.625000, 0.000000, -0.000000
1.626000, 0.000000, -0.000000
1.627000, 0.000000, -0.000000
1.628000, 0.000000, -0.000000
1.629000, 0.000000, -0.000000
1.630000, 0.000000, -0.000000
1.631000, 0.000000, -0.000000
1.632000, 0.000000, -0.000000
1.633000, 0.000000, -0.000000
1.634000, 0.000000, -0.000000
1.635000, 0.000000, -0.000000
1.636000, 0.000000, -0.000000
1.637000, 0.000000, -0.000000
1.638000, 0.000000, -0.000000
1.639000, 0.000000, -0.000000
1.640000, 0.000000, -0.000000
1.641000, 0.000000, -0.000000
1.642000, 0.000000, -0.000000
1.643000, 0.000000, -0.000000
1.644000, 0.000000, -0.000000
1.645000, 0.000000, -0.000000
1.646000, 0.000000, -0.000000
1.647000, 0.000000, -0.000000
1.648000, 0.000000, -0.000000
1.649000, 0.000000, -0.000000
1.650000, 0.000000, -0.000000
1.651000, 0.000000, -0.000000
1.652000, 0.000000, -0.000000
1.653000, 0.000000, -0.000000
1.654000, 0.000000, -0.000000
1.655000, 0.000000, -0.000000
1.656000, 0.000000, -0.000000
1.657000, 0.000000, -0.000000
1.658000, 0.000000, -0.000000
1.659000, 0.000000, -0.000000
1.660000, 0.000000, -0.000000
1.661000, 0.000000, -0.000000
1.662000, 0.000000, -0.000000
1.663000, 0.000000, -0.000000
1.664000, 0.000000, -0.000000
1.665000, 0.000000, -0.000000
1.666000, 0.000000, -0.000000
1.667000, 0.000000, -0.000000
1.668000, 0.000000, -0.000000
1.669000, 0.000000, -0.000000
1.670000, 0.000000, -0.000000
1.671000, 0.000000, -0.000000
1.672000, 0.000000, -0.000000
1.673000, 0.000000, -0.000000
1.674000, 0.000000, -0.000000
1.675000, 0.000000, -0.000000
1.676000, 0.000000, -0.000000
1.677000, 0.000000, -0.000000
1.678000, 0.000000, -0.000000
1.679000, 0.000000, -0.000000
1.680000, 0.000000, -0.000000
1.681000, 0.000000, -0.000000
1.682000, 0.000000, -0.000000
1.683000, 0.000000, -0.000000
1.684000, 0.000000, -0.000000
1.685000, 0.000000, -0.000000
1.686000, 0.000000, -0.000000
1.687000, 0.000000, -0.000000
1.688000, 0.000000, -0.000000
1.689000, 0.000000, -0.000000
1.690000, 0.000000, -0.000000
1.691000, 0.000000, -0.000000
1.692000, 0.000000, -0.000000
1.693000, 0.000000, -0.000000
1.694000, 0.000000, -0.000000
1.695000, 0.000000, -0.000000
1.696000, 0.000000, -0.000000
1.697000, 0.000000, -0.000000
1.698000, 0.000000, -0.000000
1.699000, 0.000000, -0.000000
1.700000, 0.000000, -0.000000
1.701000, 0.000000, -0.000000
1.702000, 0.000000, -0.000000
1.703000, 0.000000, -0.000000
1.704000, 0.000000, -0.000000
1.705000, 0.000000, -0.000000
1.706000, 0.000000, -0.000000
1.707000, 0.000000, -0.000000
1.708000, 0.000000, -0.000000
1.709000, 0.000000, -0.000000
1.710000, 0.000000, -0.000000
1.711000, 0.000000, -0.000000
1.712000, 0.000000, -0.000000
1.713000, 0.000000, -0.000000
1.714000, 0.000000, -0.000000
1.715000, 0.000000, -0.000000
1.716000, 0.000000, -0.000000
1.717000, 0.000000, -0.000000
1.718000, 0.000000, -0.000000
1.719000, 0.000000, -0.000000
1.720000, 0.000000, -0.000000
1.721000, 0.000000, -0.000000
1.722000, 0.000000, -0.000000
1.723000, 0.000000, -0.000000
1.724000, 0.000000, -0.000000
1.725000, 0.000000, -0.000000
1.726000, 0.000000, -0.000000
1.727000, 0.000000, -0.000000
1.728000, 0.000000, -0.000000
1.729000, 0.000000, -0.000000
1.730000, 0.000000, -0.000000
1.731000, 0.000000, -0.000000
1.732000, 0.000000, -0.000000
1.733000, 0.000000, -0.000000
1.734000, 0.000000, -0.000000
1.735000, 0.000000, -0.000000
1.736000, 0.000000, -0.000000
1.737000, 0.000000, -0.000000
1.738000, 0.000000, -0.000000
1.739000, 0.000000, -0.000000
1.740000, 0.000000, -0.000000
1.741000, 0.000000, -0.000000
1.742000, 0.000000, -0.000000
1.743000, 0.000000, -0.000000
1.744000, 0.000000, -0.000000
1.745000, 0.000000, -0.000000
1.746000, 0.000000, -0.000000
1.747000, 0.000000, -0.000000
1.748000, 0.000000, -0.000000
1.749000, 0.000000, -0.000000
1.750000, 0.000000, -0.000000
1.751000, 0.000000, -0.000000
1.752000, 0.000000, -0.000000
1.753000, 0.000000, -0.000000
1.754000, 0.000000, -0.000000
1.755000, 0.000000, -0.000000
1.756000, 0.000000, -0.000000
1.757000, 0.000000, -0.000000
1.758000, 0.000000, -0.000000
1.759000, 0.000000, -0.000000
1.760000, 0.000000, -0.000000
1.761000, 0.000000, -0.000000
1.762000, 0.000000, -0.000000
1.763000, 0.000000, -0.000000
1.764000, 0.000000, -0.000000
1.765000, 0.000000, -0.000000
1.766000, 0.000000, -0.000000
1.767000, 0.000000, -0.000000
1.768000, 0.000000, -0.000000
1.769000, 0.000000, -0.000000
1.770000, 0.000000, -0.000000
1.771000, 0.000000, -0.000000
1.772000, 0.000000, -0.000000
1.773000, 0.000000, -0.000000
1.774000, 0.000000, -0.000000
1.775000, 0.000000, -0.000000
1.776000, 0.000000, -0.000000
1.777000, 0.000000, -0.000000
1.778000, 0.000000, -0.000000
1.779000, 0.000000, -0.000000
1.780000, 0.000000, -0.000000
1.781000, 0.000000, -0.000000
1.782000, 0.000000, -0.000000
1.783000, 0.000000, -0.000000
1.784000, 0.000000, -0.000000
1.785000, 0.000000, -0.000000
1.786000, 0.000000, -0.000000
1.787000, 0.000000, -0.000000
1.788000, 0.000000, -0.000000
1.789000, 0.000000, -0.000000
1.790000, 0.000000, -0.000000
1.791000, 0.000000, -0.000000
1.792000, 0.000000, -0.000000
1.793000, 0.000000, -0.000000
1.794000, 0.000000, -0.000000
1.795000, 0.000000, -0.000000
1.796000, 0.000000, -0.000000
1.797000, 0.000000, -0.000000
1.798000, 0.000000, -0.000000
1.799000, 0.000000, -0.000000
1.800000, 0.000000, -0.000000
1.801000, 0.000000, -0.000000
1.802000, 0.000000, -0.000000
1.803000, 0.000000, -0.000000
1.804000, 0.000000, -0.000000
1.805000, 0.000000, -0.000000
1.806000, 0.000000, -0.000000
1.807000, 0.000000, -0.000000
1.808000, 0.000000, -0.000000
1.809000, 0.000000, -0.000000
1.810000, 0.000000, -0.000000
1.811000, 0.000000, -0.000000
1.812000, 0.000000, -0.000000
1.813000, 0.000000, -0.000000
1.814000, 0.000000, -0.000000
1.815000, 0.000000, -0.000000
1.816000, 0.000000, -0.000000
1.817000, 0.000000, -0.000000
1.818000, 0.000000, -0.000000
1.819000, 0.000000, -0.000000
1.820000, 0.000000, -0.000000
1.821000, 0.000000, -0.000000
1.822000, 0.000000, -0.000000
1.823000, 0.000000, -0.000000
1.824000, 0.000000, -0.000000
1.825000, 0.000000, -0.000000
1.826000, 0.000000, -0.000000
1.827000, 0.000000, -0.000000
1.828000, 0.000000, -0.000000
1.829000, 0.000000, -0.000000
1.830000, 0.000000, -0.000000
1.831000, 0.000000, -0.000000
1.832000, 0.000000, -0.000000
1.833000, 0.000000, -0.000000
1.834000, 0.000000, -0.000000
1.835000, 0.000000, -0.000000
1.836000, 0.000000, -0.000000
1.837000, 0.000000, -0.000000
1.838000, 0.000000, -0.000000
1.839000, 0.000000, -0.000000
1.840000, 0.000000, -0.000000
1.841000, 0.000000, -0.000000
1.842000, 0.000000, -0.000000
1.843000, 0.000000, -0.000000
1.844000, 0.000000, -0.000000
1.845000, 0.000000, -0.000000
1.846000, 0.000000, -0.000000
1.847000, 0.000000, -0.000000
1.848000, 0.000000, -0.000000
1.849000, 0.000000, -0.000000
1.850000, 0.000000, -0.000000
1.851000, 0.000000, -0.000000
1.852000, 0.000000, -0.000000
1.853000, 0.000000, -0.000000
1.854000, 0.000000, -0.000000
1.855000, 0.000000, -0.000000
1.856000, 0.000000, -0.000000
1.857000, 0.000000, -0.000000
1.858000, 0.000000, -0.000000
1.859000, 0.000000, -0.000000
1.860000, 0.000000, -0.000000
1.861000, 0.000000, -0.000000
1.862000, 0.000000, -0.000000
1.863000, 0.000000, -0.000000
1.864000, 0.000000, -0.000000
1.865000, 0.000000, -0.000000
1.866000, 0.000000, -0.000000
1.867000, 0.000000, -0.000000
1.868000, 0.000000, -0.000000
1.869000, 0.000000, -0.000000
1.870000, 0.000000, -0.000000
1.871000, 0.000000, -0.000000
1.872000, 0.000000, -0.000000
1.873000, 0.000000, -0.000000
1.874000, 0.000000, -0.000000
1.875000, 0.000000, -0.000000
1.876000, 0.000000, -0.000000
1.877000, 0.000000, -0.000000
1.878000, 0.000000, -0.000000
1.879000, 0.000000, -0.000000
1.880000, 0.000000, -0.000000
1.881000, 0.000000, -0.000000
1.882000, 0.000000, -0.000000
1.883000, 0.000000, -0.000000
1.884000, 0.000000, -0.000000
1.885000, 0.000000, -0.000000
1.886000, 0.000000, -0.000000
1.887000, 0.000000, -0.000000
1.888000, 0.000000, -0.000000
1.889000, 0.000000, -0.000000
1.890000, 0.000000, -0.000000
1.891000, 0.000000, -0.000000
1.892000, 0.000000, -0.000000
1.893000, 0.000000, -0.000000
1.894000, 0.000000, -0.000000
1.895000, 0.000000, -0.000000
1.896000, 0.000000, -0.000000
1.897000, 0.000000, -0.000000
1.898000, 0.000000, -0.000000
1.899000, 0.000000, -0.000000
1.900000, 0.000000, -0.000000
1.901000, 0.000000, -0.000000
1.902000, 0.000000, -0.000000
1.903000, 0.000000, -0.000000
1.904000, 0.000000, -0.000000
1.905000, 0.000000, -0.000000
1.906000, 0.000000, -0.000000
1.907000, 0.000000, -0.000000
1.908000, 0.000000, -0.000000
1.909000, 0.000000, -0.000000
1.910000, 0.000000, -0.000000
1.911000, 0.000000, -0.000000
1.912000, 0.000000, -0.000000
1.913000, 0.000000, -0.000000
1.914000, 0.000000, -0.000000
1.915000, 0.000000, -0.000000
1.916000, 0.000000, -0.000000
1.917000, 0.000000, -0.000000
1.918000, 0.000000, -0.000000
1.919000, 0.000000, -0.000000
1.920000, 0.000000, -0.000000
1.921000, 0.000000, -0.000000
1.922000, 0.000000, -0.000000
1.923000, 0.000000, -0.000000
1.924000, 0.000000, -0.000000
1.925000, 0.000000, -0.000000
1.926000, 0.000000, -0.000000
1.927000, 0.000000, -0.000000
1.928000, 0.000000, -0.000000
1.929000, 0.000000, -0.000000
1.930000, 0.000000, -0.000000
1.931000, 0.000000, -0.000000
1.932000, 0.000000, -0.000000
1.933000, 0.000000, -0.000000
1.934000, 0.000000, -0.000000
1.935000, 0.000000, -0.000000
1.936000, 0.000000, -0.000000
1.937000, 0.000000, -0.000000
1.938000, 0.000000, -0.000000
1.939000, 0.000000, -0.000000
1.940000, 0.000000, -0.000000
1.941000, 0.000000, -0.000000
1.942000, 0.000000, -0.000000
1.943000, 0.000000, -0.000000
1.944000, 0.000000, -0.000000
1.945000, 0.000000, -0.000000
1.946000, 0.000000, -0.000000
1.947000, 0.000000, -0.000000
1.948000, 0.000000, -0.000000
1.949000, 0.000000, -0.000000
1.950000, 0.000000, -0.000000
1.951000, 0.000000, -0.000000
1.952000, 0.000000, -0.000000
1.953000, 0.000000, -0.000000
1.954000, 0.000000, -0.000000
1.955000, 0.000000, -0.000000
1.956000, 0.000000, -0.000000
1.957000, 0.000000, -0.000000
1.958000, 0.000000, -0.000000
1.959000, 0.000000, -0.000000
1.960000, 0.000000, -0.000000
1.961000, 0.000000, -0.000000
1.962000, 0.000000, -0.000000
1.963000, 0.000000, -0.000000
1.964000, 0.000000, -0.000000
1.965000, 0.000000, -0.000000
1.966000, 0.000000, -0.000000
1.967000, 0.000000, -0.000000
1.968000, 0.000000, -0.000000
1.969000, 0.000000, -0.000000
1.970000, 0.000000, -0.000000
1.971000, 0.000000, -0.000000
1.972000, 0.000000, -0.000000
1.973000, 0.000000, -0.000000
1.974000, 0.000000, -0.000000
1.975000, 0.000000, -0.000000
1.976000, 0.000000, -0.000000
1.977000, 0.000000, -0.000000
1.978000, 0.000000, -0.000000
1.979000, 0.000000, -0.000000
1.980000, 0.000000, -0.000000
1.981000, 0.000000, -0.000000
1.982000, 0.000000, -0.000000
1.983000, 0.000000, -0.000000
1.984000, 0.000000, -0.000000
1.985000, 0.000000, -0.000000
1.986000, 0.000000, -0.000000
1.987000, 0.000000, -0.000000
1.988000, 0.000000, -0.000000
1.989000, 0.000000, -0.000000
1.990000, 0.000000, -0.000000
1.991000, 0.000000, -0.000000
1.992000, 0.000000, -0.000000
1.993000, 0.000000, -0.000000
1.994000, 0.000000, -0.000000
1.995000, 0.000000, -0.000000
1.996000, 0.000000, -0.000000
1.997000, 0.000000, -0.000000
1.998000, 0.000000, -0.000000
1.999000, 0.000000, -0.000000
2.000000, 0.000000, -0.000000
2.001000, 1.500000, -0.000000
2.002000, 1.485893, -9.404786
2.003000, 1.464098, -17.664656
2.004000, 1.435639, -24.861006
2.005000, 1.401461, -31.072295
2.006000, 1.362436, -36.373936
2.007000, 1.319366, -40.838160
2.008000, 1.272984, -44.533894
2.009000, 1.223961, -47.526679
2.010000, 1.172907, -49.878639
2.011000, 1.120373, -51.648497
2.012000, 1.066860, -52.891634
2.013000, 1.012816, -53.660181
2.014000, 0.958641, -54.003139
2.015000, 0.904693, -53.966501
2.016000, 0.851286, -53.593385
2.017000, 0.798696, -52.924153
2.018000, 0.747164, -51.996519
2.019000, 0.696894, -50.845654
2.020000, 0.648060, -49.504266
2.021000, 0.600808, -48.002679
2.022000, 0.555256, -46.368903
2.023000, 0.511497, -44.628697
2.024000, 0.469603, -42.805644
2.025000, 0.429624, -40.921214
2.026000, 0.391593, -38.994843
2.027000, 0.355524, -37.044020
2.028000, 0.321420, -35.084369
2.029000, 0.289267, -33.129751
2.030000, 0.259043, -31.192360
2.031000, 0.230715, -29.282829
2.032000, 0.204241, -27.410335
2.033000, 0.179572, -25.582707
2.034000, 0.156654, -23.806533
2.035000, 0.135426, -22.087259
2.036000, 0.115826, -20.429294
2.037000, 0.097786, -18.836106
2.038000, 0.081239, -17.310313
2.039000, 0.066114, -15.853770
2.040000, 0.052339, -14.467650
2.041000, 0.039844, -13.152523
2.042000, 0.028558, -11.908423
2.043000, 0.018409, -10.734918
2.044000, 0.009330, -9.631168
2.045000, 0.001252, -8.595980
2.046000, -0.005892, -7.627860
2.047000, -0.012166, -6.725062
2.048000, -0.017632, -5.885626
2.049000, -0.022350, -5.107418
2.050000, -0.026378, -4.388168
2.051000, -0.029773, -3.725496
2.052000, -0.032585, -3.116943
2.053000, -0.034867, -2.559999
2.054000, -0.036665, -2.052121
2.055000, -0.038025, -1.590753
2.056000, -0.038990, -1.173348
2.057000, -0.039599, -0.797379
2.058000, -0.039891, -0.460356
2.059000, -0.039900, -0.159835
2.060000, -0.039661, 0.106572
2.061000, -0.039202, 0.341187
2.062000, -0.038553, 0.546259
2.063000, -0.037741, 0.723959
2.064000, -0.036788, 0.876377
2.065000, -0.035718, 1.005517
2.066000, -0.034551, 1.113292
2.067000, -0.033305, 1.201528
2.068000, -0.031998, 1.271957
2.069000, -0.030645, 1.326223
2.070000, -0.029259, 1.365875
2.071000, -0.027853, 1.392376
2.072000, -0.026439, 1.407098
2.073000, -0.025025, 1.411326
2.074000, -0.023622, 1.406262
2.075000, -0.022235, 1.393024
2.076000, -0.020873, 1.372650
2.077000, -0.019540, 1.346104
2.078000, -0.018242, 1.314272
2.079000, -0.016982, 1.277972
2.080000, -0.015764, 1.237953
2.081000, -0.014590, 1.194900
2.082000, -0.013464, 1.149437
2.083000, -0.012385, 1.102130
2.084000, -0.011356, 1.053489
2.085000, -0.010377, 1.003975
2.086000, -0.009448, 0.953999
2.087000, -0.008569, 0.903927
2.088000, -0.007740, 0.854083
2.089000, -0.006960, 0.804750
2.090000, -0.006228, 0.756178
2.091000, -0.005543, 0.708580
2.092000, -0.004904, 0.662140
2.093000, -0.004310, 0.617011
2.094000, -0.003758, 0.573322
2.095000, -0.003248, 0.531177
2.096000, -0.002778, 0.490659
2.097000, -0.002345, 0.451829
2.098000, -0.001949, 0.414732
2.099000, -0.001587, 0.379398
2.100000, -0.001258, 0.345839
2.101000, -0.000960, 0.314058
2.102000, -0.000691, 0.284045
2.103000, -0.000449, 0.255779
2.104000, -0.000234, 0.229234
2.105000, -0.000042, 0.204372
2.106000, 0.000128, 0.181152
2.107000, 0.000277, 0.159526
2.108000, 0.000406, 0.139443
2.109000, 0.000518, 0.120846
2.110000, 0.000613, 0.103679
2.111000, 0.000693, 0.087881
2.112000, 0.000759, 0.073389
2.113000, 0.000812, 0.060141
2.114000, 0.000854, 0.048074
2.115000, 0.000886, 0.037125
2.116000, 0.000908, 0.027231
2.117000, 0.000922, 0.018331
2.118000, 0.000929, 0.010362
2.119000, 0.000928, 0.003266
2.120000, 0.000922, -0.003015
2.121000, 0.000911, -0.008538
2.122000, 0.000895, -0.013357
2.123000, 0.000875, -0.017525
2.124000, 0.000853, -0.021092
2.125000, 0.000827, -0.024106
2.126000, 0.000799, -0.026614
2.127000, 0.000769, -0.028659
2.128000, 0.000738, -0.030283
2.129000, 0.000706, -0.031525
2.130000, 0.000673, -0.032422
2.131000, 0.000640, -0.033010
2.132000, 0.000607, -0.033320
2.133000, 0.000573, -0.033384
2.134000, 0.000540, -0.033229
2.135000, 0.000507, -0.032884
2.136000, 0.000475, -0.032372
2.137000, 0.000444, -0.031716
2.138000, 0.000413, -0.030937
2.139000, 0.000384, -0.030055
2.140000, 0.000355, -0.029087
2.141000, 0.000327, -0.028049
2.142000, 0.000301, -0.026957
2.143000, 0.000276, -0.025823
2.144000, 0.000252, -0.024660
2.145000, 0.000229, -0.023477
2.146000, 0.000207, -0.022286
2.147000, 0.000187, -0.021094
2.148000, 0.000167, -0.019910
2.149000, 0.000149, -0.018738
2.150000, 0.000132, -0.017587
2.151000, 0.000116, -0.016459
2.152000, 0.000101, -0.015360
2.153000, 0.000088, -0.014294
2.154000, 0.000075, -0.013262
2.155000, 0.000063, -0.012268
2.156000, 0.000052, -0.011313
2.157000, 0.000042, -0.010399
2.158000, 0.000033, -0.009527
2.159000, 0.000025, -0.008697
2.160000, 0.000018, -0.007909
2.161000, 0.000011, -0.007164
2.162000, 0.000005, -0.006461
2.163000, -0.000001, -0.005799
2.164000, -0.000006, -0.005179
2.165000, -0.000010, -0.004598
2.166000, -0.000014, -0.004057
2.167000, -0.000017, -0.003553
2.168000, -0.000020, -0.003086
2.169000, -0.000022, -0.002654
2.170000, -0.000024, -0.002256
2.171000, -0.000026, -0.001890
2.172000, -0.000028, -0.001554
2.173000, -0.000029, -0.001248
2.174000, -0.000029, -0.000970
2.175000, -0.000030, -0.000719
2.176000, -0.000030, -0.000492
2.177000, -0.000031, -0.000288
2.178000, -0.000031, -0.000106
2.179000, -0.000031, 0.000056
2.180000, -0.000030, 0.000198
2.181000, -0.000030, 0.000323
2.182000, -0.000029, 0.000431
2.183000, -0.000029, 0.000524
2.184000, -0.000028, 0.000603
2.185000, -0.000027, 0.000670
2.186000, -0.000027, 0.000724
2.187000, -0.000026, 0.000768
2.188000, -0.000025, 0.000802
2.189000, -0.000024, 0.000828
2.190000, -0.000023, 0.000845
2.191000, -0.000023, 0.000855
2.192000, -0.000022, 0.000859
2.193000, -0.000021, 0.000858
2.194000, -0.000020, 0.000851
2.195000, -0.000019, 0.000840
2.196000, -0.000018, 0.000825
2.197000, -0.000018, 0.000807
2.198000, -0.000017, 0.000786
2.199000, -0.000016, 0.000763
2.200000, -0.000015, 0.000739
2.201000, -0.000015, 0.000712
2.202000, -0.000014, 0.000685
2.203000, -0.000013, 0.000656
2.204000, -0.000013, 0.000627
2.205000, -0.000012, 0.000598
2.206000, -0.000011, 0.000568
2.207000, -0.000011, 0.000539
2.208000, -0.000010, 0.000510
2.209000, -0.000010, 0.000481
2.210000, -0.000010, 0.000453
2.211000, -0.000009, 0.000425
2.212000, -0.000009, 0.000398
2.213000, -0.000008, 0.000373
2.214000, -0.000008, 0.000347
2.215000, -0.000008, 0.000323
2.216000, -0.000007, 0.000300
2.217000, -0.000007, 0.000278
2.218000, -0.000007, 0.000257
2.219000, -0.000007, 0.000237
2.220000, -0.000007, 0.000218
2.221000, -0.000006, 0.000200
2.222000, -0.000006, 0.000183
2.223000, -0.000006, 0.000167
2.224000, -0.000006, 0.000152
2.225000, -0.000006, 0.000138
2.226000, -0.000006, 0.000125
2.227000, -0.000006, 0.000112
2.228000, -0.000005, 0.000101
2.229000, -0.000005, 0.000091
2.230000, -0.000005, 0.000081
2.231000, -0.000005, 0.000072
2.232000, -0.000005, 0.000064
2.233000, -0.000005, 0.000057
2.234000, -0.000005, 0.000050
2.235000, -0.000005, 0.000044
2.236000, -0.000005, 0.000038
2.237000, -0.000005, 0.000033
2.238000, -0.000005, 0.000029
2.239000, -0.000005, 0.000025
2.240000, -0.000005, 0.000021
2.241000, -0.000005, 0.000018
2.242000, -0.000005, 0.000015
2.243000, -0.000005, 0.000013
2.244000, -0.000005, 0.000011
2.245000, -0.000005, 0.000009
2.246000, -0.000005, 0.000007
2.247000, -0.000005, 0.000006
2.248000, -0.000005, 0.000005
2.249000, -0.000005, 0.000004
2.250000, -0.000005, 0.000004
2.251000, -0.000005, 0.000003
2.252000, -0.000005, 0.000003
2.253000, -0.000005, 0.000003
2.254000, -0.000005, 0.000003
2.255000, -0.000005, 0.000003
2.256000, -0.000005, 0.000003
2.257000, -0.000005, 0.000003
2.258000, -0.000005, 0.000004
2.259000, -0.000005, 0.000004
2.260000, -0.000005, 0.000004
2.261000, -0.000005, 0.000005
2.262000, -0.000005, 0.000005
2.263000, -0.000005, 0.000006
2.264000, -0.000005, 0.000006
2.265000, -0.000005, 0.000007
2.266000, -0.000005, 0.000007
2.267000, -0.000005, 0.000008
2.268000, -0.000005, 0.000008
2.269000, -0.000005, 0.000009
2.270000, -0.000005, 0.000009
2.271000, -0.000005, 0.000010
2.272000, -0.000005, 0.000010
2.273000, -0.000005, 0.000011
2.274000, -0.000005, 0.000011
2.275000, -0.000005, 0.000011
2.276000, -0.000005, 0.000012
2.277000, -0.000005, 0.000012
2.278000, -0.000005, 0.000012
2.279000, -0.000005, 0.000013
2.280000, -0.000005, 0.000013
2.281000, -0.000005, 0.000013
2.282000, -0.000005, 0.000013
2.283000, -0.000005, 0.000014
2.284000, -0.000004, 0.000014
2.285000, -0.000004, 0.000014
2.286000, -0.000004, 0.000014
2.287000, -0.000004, 0.000014
2.288000, -0.000004, 0.000014
2.289000, -0.000004, 0.000015
2.290000, -0.000004, 0.000015
2.291000, -0.000004, 0.000015
2.292000, -0.000004, 0.000015
2.293000, -0.000004, 0.000015
2.294000, -0.000004, 0.000015
2.295000, -0.000004, 0.000015
2.296000, -0.000004, 0.000015
2.297000, -0.000004, 0.000015
2.298000, -0.000004, 0.000015
2.299000, -0.000004, 0.000015
2.300000, -0.000004, 0.000015
2.301000, -0.000004, 0.000014
2.302000, -0.000004, 0.000014
2.303000, -0.000004, 0.000014
2.304000, -0.000004, 0.000014
2.305000, -0.000004, 0.000014
2.306000, -0.000004, 0.000014
2.307000, -0.000004, 0.000014
2.308000, -0.000004, 0.000014
2.309000, -0.000004, 0.000014
2.310000, -0.000004, 0.000014
2.311000, -0.000004, 0.000014
2.312000, -0.000004, 0.000013
2.313000, -0.000004, 0.000013
2.314000, -0.000004, 0.000013
2.315000, -0.000004, 0.000013
2.316000, -0.000004, 0.000013
2.317000, -0.000004, 0.000013
2.318000, -0.000004, 0.000013
2.319000, -0.000004, 0.000013
2.320000, -0.000004, 0.000013
2.321000, -0.000004, 0.000012
2.322000, -0.000004, 0.000012
2.323000, -0.000004, 0.000012
2.324000, -0.000004, 0.000012
2.325000, -0.000004, 0.000012
2.326000, -0.000004, 0.000012
2.327000, -0.000004, 0.000012
2.328000, -0.000004, 0.000012
2.329000, -0.000004, 0.000012
2.330000, -0.000004, 0.000011
2.331000, -0.000004, 0.000011
2.332000, -0.000004, 0.000011
2.333000, -0.000004, 0.000011
2.334000, -0.000004, 0.000011
2.335000, -0.000004, 0.000011
2.336000, -0.000004, 0.000011
2.337000, -0.000004, 0.000011
2.338000, -0.000004, 0.000011
2.339000, -0.000004, 0.000011
2.340000, -0.000004, 0.000010
2.341000, -0.000004, 0.000010
2.342000, -0.000004, 0.000010
2.343000, -0.000004, 0.000010
2.344000, -0.000004, 0.000010
2.345000, -0.000004, 0.000010
2.346000, -0.000004, 0.000010
2.347000, -0.000004, 0.000010
2.348000, -0.000004, 0.000010
2.349000, -0.000004, 0.000010
2.350000, -0.000004, 0.000010
2.351000, -0.000004, 0.000010
2.352000, -0.000004, 0.000009
2.353000, -0.000004, 0.000009
2.354000, -0.000004, 0.000009
2.355000, -0.000004, 0.000009
2.356000, -0.000004, 0.000009
2.357000, -0.000004, 0.000009
2.358000, -0.000004, 0.000009
2.359000, -0.000004, 0.000009
2.360000, -0.000004, 0.000009
2.361000, -0.000004, 0.000009
2.362000, -0.000004, 0.000009
2.363000, -0.000004, 0.000009
2.364000, -0.000004, 0.000009
2.365000, -0.000004, 0.000009
2.366000, -0.000004, 0.000009
2.367000, -0.000004, 0.000008
2.368000, -0.000004, 0.000008
2.369000, -0.000003, 0.000008
2.370000, -0.000003, 0.000008
2.371000, -0.000003, 0.000008
2.372000, -0.000003, 0.000008
2.373000, -0.000003, 0.000008
2.374000, -0.000003, 0.000008
2.375000, -0.000003, 0.000008
2.376000, -0.000003, 0.000008
2.377000, -0.000003, 0.000008
2.378000, -0.000003, 0.000008
2.379000, -0.000003, 0.000008
2.380000, -0.000003, 0.000008
2.381000, -0.000003, 0.000008
2.382000, -0.000003, 0.000008
2.383000, -0.000003, 0.000008
2.384000, -0.000003, 0.000008
2.385000, -0.000003, 0.000008
2.386000, -0.000003, 0.000007
2.387000, -0.000003, 0.000007
2.388000, -0.000003, 0.000007
2.389000, -0.000003, 0.000007
2.390000, -0.000003, 0.000007
2.391000, -0.000003, 0.000007
2.392000, -0.000003, 0.000007
2.393000, -0.000003, 0.000007
2.394000, -0.000003, 0.000007
2.395000, -0.000003, 0.000007
2.396000, -0.000003, 0.000007
2.397000, -0.000003, 0.000007
2.398000, -0.000003, 0.000007
2.399000, -0.000003, 0.000007
2.400000, -0.000003, 0.000007
2.401000, -0.000003, 0.000007
2.402000, -0.000003, 0.000007
2.403000, -0.000003, 0.000007
2.404000, -0.000003, 0.000007
2.405000, -0.000003, 0.000007
2.406000, -0.000003, 0.000007
2.407000, -0.000003, 0.000007
2.408000, -0.000003, 0.000007
2.409000, -0.000003, 0.000007
2.410000, -0.000003, 0.000006
2.411000, -0.000003, 0.000006
2.412000, -0.000003, 0.000006
2.413000, -0.000003, 0.000006
2.414000, -0.000003, 0.000006
2.415000, -0.000003, 0.000006
2.416000, -0.000003, 0.000006
2.417000, -0.000003, 0.000006
2.418000, -0.000003, 0.000006
2.419000, -0.000003, 0.000006
2.420000, -0.000003, 0.000006
2.421000, -0.000003, 0.000006
2.422000, -0.000003, 0.000006
2.423000, -0.000003, 0.000006
2.424000, -0.000003, 0.000006
2.425000, -0.000003, 0.000006
2.426000, -0.000003, 0.000006
2.427000, -0.000003, 0.000006
2.428000, -0.000003, 0.000006
2.429000, -0.000003, 0.000006
2.430000, -0.000003, 0.000006
2.431000, -0.000003, 0.000006
2.432000, -0.000003, 0.000006
2.433000, -0.000003, 0.000006
2.434000, -0.000003, 0.000006
2.435000, -0.000003, 0.000006
2.436000, -0.000003, 0.000006
2.437000, -0.000003, 0.000006
2.438000, -0.000003, 0.000006
2.439000, -0.000003, 0.000006
2.440000, -0.000003, 0.000006
2.441000, -0.000003, 0.000005
2.442000, -0.000003, 0.000005
2.443000, -0.000003, 0.000005
2.444000, -0.000003, 0.000005
2.445000, -0.000003, 0.000005
2.446000, -0.000003, 0.000005
2.447000, -0.000003, 0.000005
2.448000, -0.000003, 0.000005
2.449000, -0.000003, 0.000005
2.450000, -0.000003, 0.000005
2.451000, -0.000003, 0.000005
2.452000, -0.000003, 0.000005
2.453000, -0.000003, 0.000005
2.454000, -0.000003, 0.000005
2.455000, -0.000003, 0.000005
2.456000, -0.000003, 0.000005
2.457000, -0.000003, 0.000005
2.458000, -0.000003, 0.000005
2.459000, -0.000003, 0.000005
2.460000, -0.000003, 0.000005
2.461000, -0.000003, 0.000005
2.462000, -0.000003, 0.000005
2.463000, -0.000003, 0.000005
2.464000, -0.000003, 0.000005
2.465000, -0.000003, 0.000005
2.466000, -0.000003, 0.000005
2.467000, -0.000003, 0.000005
2.468000, -0.000003, 0.000005
2.469000, -0.000003, 0.000005
2.470000, -0.000003, 0.000005
2.471000, -0.000003, 0.000005
2.472000, -0.000003, 0.000005
2.473000, -0.000003, 0.000005
2.474000, -0.000003, 0.000005
2.475000, -0.000003, 0.000005
2.476000, -0.000003, 0.000005
2.477000, -0.000003, 0.000005
2.478000, -0.000003, 0.000005
2.479000, -0.000003, 0.000005
2.480000, -0.000003, 0.000005
2.481000, -0.000003, 0.000005
2.482000, -0.000003, 0.000005
2.483000, -0.000003, 0.000005
2.484000, -0.000003, 0.000005
2.485000, -0.000003, 0.000005
2.486000, -0.000003, 0.000004
2.487000, -0.000003, 0.000004
2.488000, -0.000003, 0.000004
2.489000, -0.000003, 0.000004
2.490000, -0.000003, 0.000004
2.491000, -0.000003, 0.000004
2.492000, -0.000003, 0.000004
2.493000, -0.000003, 0.000004
2.494000, -0.000003, 0.000004
2.495000, -0.000003, 0.000004
2.496000, -0.000003, 0.000004
2.497000, -0.000003, 0.000004
2.498000, -0.000003, 0.000004
2.499000, -0.000003, 0.000004
2.500000, -0.000003, 0.000004
2.501000, -0.000003, 0.000004
2.502000, -0.000003, 0.000004
2.503000, -0.000003, 0.000004
2.504000, -0.000003, 0.000004
2.505000, -0.000003, 0.000004
2.506000, -0.000003, 0.000004
2.507000, -0.000003, 0.000004
2.508000, -0.000003, 0.000004
2.509000, -0.000003, 0.000004
2.510000, -0.000003, 0.000004
2.511000, -0.000003, 0.000004
2.512000, -0.000003, 0.000004
2.513000, -0.000003, 0.000004
2.514000, -0.000003, 0.000004
2.515000, -0.000003, 0.000004
2.516000, -0.000003, 0.000004
2.517000, -0.000003, 0.000004
2.518000, -0.000003, 0.000004
2.519000, -0.000003, 0.000004
2.520000, -0.000003, 0.000004
2.521000, -0.000003, 0.000004
2.522000, -0.000003, 0.000004
2.523000, -0.000003, 0.000004
2.524000, -0.000003, 0.000004
2.525000, -0.000003, 0.000004
2.526000, -0.000003, 0.000004
2.527000, -0.000003, 0.000004
2.528000, -0.000003, 0.000004
2.529000, -0.000003, 0.000004
2.530000, -0.000003, 0.000004
2.531000, -0.000003, 0.000004
2.532000, -0.000003, 0.000004
2.533000, -0.000003, 0.000004
2.534000, -0.000003, 0.000004
2.535000, -0.000003, 0.000004
2.536000, -0.000003, 0.000004
2.537000, -0.000003, 0.000004
2.538000, -0.000003, 0.000004
2.539000, -0.000003, 0.000004
2.540000, -0.000003, 0.000004
2.541000, -0.000003, 0.000004
2.542000, -0.000003, 0.000004
2.543000, -0.000003, 0.000004
2.544000, -0.000003, 0.000004
2.545000, -0.000003, 0.000004
2.546000, -0.000003, 0.000004
2.547000, -0.000003, 0.000004
2.548000, -0.000003, 0.000004
2.549000, -0.000003, 0.000004
2.550000, -0.000003, 0.000004
2.551000, -0.000003, 0.000004
2.552000, -0.000003, 0.000004
2.553000, -0.000003, 0.000004
2.554000, -0.000003, 0.000004
2.555000, -0.000003, 0.000004
2.556000, -0.000003, 0.000004
2.557000, -0.000003, 0.000004
2.558000, -0.000003, 0.000004
2.559000, -0.000003, 0.000004
2.560000, -0.000002, 0.000004
2.561000, -0.000002, 0.000003
2.562000, -0.000002, 0.000003
2.563000, -0.000002, 0.000003
2.564000, -0.000002, 0.000003
2.565000, -0.000002, 0.000003
2.566000, -0.000002, 0.000003
2.567000, -0.000002, 0.000003
2.568000, -0.000002, 0.000003
2.569000, -0.000002, 0.000003
2.570000, -0.000002, 0.000003
2.571000, -0.000002, 0.000003
2.572000, -0.000002, 0.000003
2.573000, -0.000002, 0.000003
2.574000, -0.000002, 0.000003
2.575000, -0.000002, 0.000003
2.576000, -0.000002, 0.000003
2.577000, -0.000002, 0.000003
2.578000, -0.000002, 0.000003
2.579000, -0.000002, 0.000003
2.580000, -0.000002, 0.000003
2.581000, -0.000002, 0.000003
2.582000, -0.000002, 0.000003
2.583000, -0.000002, 0.000003
2.584000, -0.000002, 0.000003
2.585000, -0.000002, 0.000003
2.586000, -0.000002, 0.000003
2.587000, -0.000002, 0.000003
2.588000, -0.000002, 0.000003
2.589000, -0.000002, 0.000003
2.590000, -0.000002, 0.000003
2.591000, -0.000002, 0.000003
2.592000, -0.000002, 0.000003
2.593000, -0.000002, 0.000003
2.594000, -0.000002, 0.000003
2.595000, -0.000002, 0.000003
2.596000, -0.000002, 0.000003
2.597000, -0.000002, 0.000003
2.598000, -0.000002, 0.000003
2.599000, -0.000002, 0.000003
2.600000, -0.000002, 0.000003
2.601000, -0.000002, 0.000003
2.602000, -0.000002, 0.000003
2.603000, -0.000002, 0.000003
2.604000, -0.000002, 0.000003
2.605000, -0.000002, 0.000003
2.606000, -0.000002, 0.000003
2.607000, -0.000002, 0.000003
2.608000, -0.000002, 0.000003
2.609000, -0.000002, 0.000003
2.610000, -0.000002, 0.000003
2.611000, -0.000002, 0.000003
2.612000, -0.000002, 0.000003
2.613000, -0.000002, 0.000003
2.614000, -0.000002, 0.000003
2.615000, -0.000002, 0.000003
2.616000, -0.000002, 0.000003
2.617000, -0.000002, 0.000003
2.618000, -0.000002, 0.000003
2.619000, -0.000002, 0.000003
2.620000, -0.000002, 0.000003
2.621000, -0.000002, 0.000003
2.622000, -0.000002, 0.000003
2.623000, -0.000002, 0.000003
2.624000, -0.000002, 0.000003
2.625000, -0.000002, 0.000003
2.626000, -0.000002, 0.000003
2.627000, -0.000002, 0.000003
2.628000, -0.000002, 0.000003
2.629000, -0.000002, 0.000003
2.630000, -0.000002, 0.000003
2.631000, -0.000002, 0.000003
2.632000, -0.000002, 0.000003
2.633000, -0.000002, 0.000003
2.634000, -0.000002, 0.000003
2.635000, -0.000002, 0.000003
2.636000, -0.000002, 0.000003
2.637000, -0.000002, 0.000003
2.638000, -0.000002, 0.000003
2.639000, -0.000002, 0.000003
2.640000, -0.000002, 0.000003
2.641000, -0.000002, 0.000003
2.642000, -0.000002, 0.000003
2.643000, -0.000002, 0.000003
2.644000, -0.000002, 0.000003
2.645000, -0.000002, 0.000003
2.646000, -0.000002, 0.000003
2.647000, -0.000002, 0.000003
2.648000, -0.000002, 0.000003
2.649000, -0.000002, 0.000003
2.650000, -0.000002, 0.000003
2.651000, -0.000002, 0.000003
2.652000, -0.000002, 0.000003
2.653000, -0.000002, 0.000003
2.654000, -0.000002, 0.000003
2.655000, -0.000002, 0.000003
2.656000, -0.000002, 0.000003
2.657000, -0.000002, 0.000003
2.658000, -0.000002, 0.000003
2.659000, -0.000002, 0.000003
2.660000, -0.000002, 0.000003
2.661000, -0.000002, 0.000003
2.662000, -0.000002, 0.000003
2.663000, -0.000002, 0.000003
2.664000, -0.000002, 0.000003
2.665000, -0.000002, 0.000003
2.666000, -0.000002, 0.000003
2.667000, -0.000002, 0.000003
2.668000, -0.000002, 0.000003
2.669000, -0.000002, 0.000003
2.670000, -0.000002, 0.000003
2.671000, -0.000002, 0.000003
2.672000, -0.000002, 0.000003
2.673000, -0.000002, 0.000003
2.674000, -0.000002, 0.000003
2.675000, -0.000002, 0.000003
2.676000, -0.000002, 0.000003
2.677000, -0.000002, 0.000003
2.678000, -0.000002, 0.000003
2.679000, -0.000002, 0.000003
2.680000, -0.000002, 0.000003
2.681000, -0.000002, 0.000003
2.682000, -0.000002, 0.000003
2.683000, -0.000002, 0.000003
2.684000, -0.000002, 0.000003
2.685000, -0.000002, 0.000003
2.686000, -0.000002, 0.000003
2.687000, -0.000002, 0.000003
2.688000, -0.000002, 0.000003
2.689000, -0.000002, 0.000003
2.690000, -0.000002, 0.000003
2.691000, -0.000002, 0.000003
2.692000, -0.000002, 0.000003
2.693000, -0.000002, 0.000003
2.694000, -0.000002, 0.000003
2.695000, -0.000002, 0.000003
2.696000, -0.000002, 0.000003
2.697000, -0.000002, 0.000003
2.698000, -0.000002, 0.000003
2.699000, -0.000002, 0.000003
2.700000, -0.000002, 0.000003
2.701000, -0.000002, 0.000003
2.702000, -0.000002, 0.000003
2.703000, -0.000002, 0.000003
2.704000, -0.000002, 0.000003
2.705000, -0.000002, 0.000003
2.706000, -0.000002, 0.000003
2.707000, -0.000002, 0.000003
2.708000, -0.000002, 0.000003
2.709000, -0.000002, 0.000003
2.710000, -0.000002, 0.000003
2.711000, -0.000002, 0.000003
2.712000, -0.000002, 0.000003
2.713000, -0.000002, 0.000003
2.714000, -0.000002, 0.000002
2.715000, -0.000002, 0.000002
2.716000, -0.000002, 0.000002
2.717000, -0.000002, 0.000002
2.718000, -0.000002, 0.000002
2.719000, -0.000002, 0.000002
2.720000, -0.000002, 0.000002
2.721000, -0.000002, 0.000002
2.722000, -0.000002, 0.000002
2.723000, -0.000002, 0.000002
2.724000, -0.000002, 0.000002
2.725000, -0.000002, 0.000002
2.726000, -0.000002, 0.000002
2.727000, -0.000002, 0.000002
2.728000, -0.000002, 0.000002
2.729000, -0.000002, 0.000002
2.730000, -0.000002, 0.000002
2.731000, -0.000002, 0.000002
2.732000, -0.000002, 0.000002
2.733000, -0.000002, 0.000002
2.734000, -0.000002, 0.000002
2.735000, -0.000002, 0.000002
2.736000, -0.000002, 0.000002
2.737000, -0.000002, 0.000002
2.738000, -0.000002, 0.000002
2.739000, -0.000002, 0.000002
2.740000, -0.000002, 0.000002
2.741000, -0.000002, 0.000002
2.742000, -0.000002, 0.000002
2.743000, -0.000002, 0.000002
2.744000, -0.000002, 0.000002
2.745000, -0.000002, 0.000002
2.746000, -0.000002, 0.000002
2.747000, -0.000002, 0.000002
2.748000, -0.000002, 0.000002
2.749000, -0.000002, 0.000002
2.750000, -0.000002, 0.000002
2.751000, -0.000002, 0.000002
2.752000, -0.000002, 0.000002
2.753000, -0.000002, 0.000002
2.754000, -0.000002, 0.000002
2.755000, -0.000002, 0.000002
2.756000, -0.000002, 0.000002
2.757000, -0.000002, 0.000002
2.758000, -0.000002, 0.000002
2.759000, -0.000002, 0.000002
2.760000, -0.000002, 0.000002
2.761000, -0.000002, 0.000002
2.762000, -0.000002, 0.000002
2.763000, -0.000002, 0.000002
2.764000, -0.000002, 0.000002
2.765000, -0.000002, 0.000002
2.766000, -0.000002, 0.000002
2.767000, -0.000002, 0.000002
2.768000, -0.000002, 0.000002
2.769000, -0.000002, 0.000002
2.770000, -0.000002, 0.000002
2.771000, -0.000002, 0.000002
2.772000, -0.000002, 0.000002
2.773000, -0.000002, 0.000002
2.774000, -0.000002, 0.000002
2.775000, -0.000002, 0.000002
2.776000, -0.000002, 0.000002
2.777000, -0.000002, 0.000002
2.778000, -0.000002, 0.000002
2.779000, -0.000002, 0.000002
2.780000, -0.000002, 0.000002
2.781000, -0.000002, 0.000002
2.782000, -0.000002, 0.000002
2.783000, -0.000002, 0.000002
2.784000, -0.000002, 0.000002
2.785000, -0.000002, 0.000002
2.786000, -0.000002, 0.000002
2.787000, -0.000002, 0.000002
2.788000, -0.000002, 0.000002
2.789000, -0.000002, 0.000002
2.790000, -0.000002, 0.000002
2.791000, -0.000002, 0.000002
2.792000, -0.000002, 0.000002
2.793000, -0.000002, 0.000002
2.794000, -0.000002, 0.000002
2.795000, -0.000002, 0.000002
2.796000, -0.000002, 0.000002
2.797000, -0.000002, 0.000002
2.798000, -0.000002, 0.000002
2.799000, -0.000002, 0.000002
2.800000, -0.000002, 0.000002
2.801000, -0.000002, 0.000002
2.802000, -0.000002, 0.000002
2.803000, -0.000002, 0.000002
2.804000, -0.000002, 0.000002
2.805000, -0.000002, 0.000002
2.806000, -0.000002, 0.000002
2.807000, -0.000002, 0.000002
2.808000, -0.000002, 0.000002
2.809000, -0.000002, 0.000002
2.810000, -0.000002, 0.000002
2.811000, -0.000002, 0.000002
2.812000, -0.000002, 0.000002
2.813000, -0.000002, 0.000002
2.814000, -0.000002, 0.000002
2.815000, -0.000002, 0.000002
2.816000, -0.000002, 0.000002
2.817000, -0.000002, 0.000002
2.818000, -0.000002, 0.000002
2.819000, -0.000002, 0.000002
2.820000, -0.000002, 0.000002
2.821000, -0.000002, 0.000002
2.822000, -0.000002, 0.000002
2.823000, -0.000002, 0.000002
2.824000, -0.000002, 0.000002
2.825000, -0.000002, 0.000002
2.826000, -0.000002, 0.000002
2.827000, -0.000002, 0.000002
2.828000, -0.000002, 0.000002
2.829000, -0.000002, 0.000002
2.830000, -0.000002, 0.000002
2.831000, -0.000002, 0.000002
2.832000, -0.000002, 0.000002
2.833000, -0.000002, 0.000002
2.834000, -0.000002, 0.000002
2.835000, -0.000002, 0.000002
2.836000, -0.000002, 0.000002
2.837000, -0.000002, 0.000002
2.838000, -0.000002, 0.000002
2.839000, -0.000002, 0.000002
2.840000, -0.000002, 0.000002
2.841000, -0.000002, 0.000002
2.842000, -0.000002, 0.000002
2.843000, -0.000002, 0.000002
2.844000, -0.000002, 0.000002
2.845000, -0.000002, 0.000002
2.846000, -0.000002, 0.000002
2.847000, -0.000002, 0.000002
2.848000, -0.000002, 0.000002
2.849000, -0.000002, 0.000002
2.850000, -0.000002, 0.000002
2.851000, -0.000002, 0.000002
2.852000, -0.000002, 0.000002
2.853000, -0.000002, 0.000002
2.854000, -0.000002, 0.000002
2.855000, -0.000002, 0.000002
2.856000, -0.000002, 0.000002
2.857000, -0.000002, 0.000002
2.858000, -0.000002, 0.000002
2.859000, -0.000002, 0.000002
2.860000, -0.000002, 0.000002
2.861000, -0.000002, 0.000002
2.862000, -0.000002, 0.000002
2.863000, -0.000002, 0.000002
2.864000, -0.000002, 0.000002
2.865000, -0.000002, 0.000002
2.866000, -0.000002, 0.000002
2.867000, -0.000002, 0.000002
2.868000, -0.000002, 0.000002
2.869000, -0.000002, 0.000002
2.870000, -0.000002, 0.000002
2.871000, -0.000002, 0.000002
2.872000, -0.000002, 0.000002
2.873000, -0.000002, 0.000002
2.874000, -0.000002, 0.000002
2.875000, -0.000002, 0.000002
2.876000, -0.000002, 0.000002
2.877000, -0.000002, 0.000002
2.878000, -0.000002, 0.000002
2.879000, -0.000002, 0.000002
2.880000, -0.000002, 0.000002
2.881000, -0.000002, 0.000002
2.882000, -0.000002, 0.000002
2.883000, -0.000002, 0.000002
2.884000, -0.000002, 0.000002
2.885000, -0.000002, 0.000002
2.886000, -0.000002, 0.000002
2.887000, -0.000002, 0.000002
2.888000, -0.000002, 0.000002
2.889000, -0.000002, 0.000002
2.890000, -0.000002, 0.000002
2.891000, -0.000002, 0.000002
2.892000, -0.000002, 0.000002
2.893000, -0.000002, 0.000002
2.894000, -0.000002, 0.000002
2.895000, -0.000002, 0.000002
2.896000, -0.000002, 0.000002
2.897000, -0.000002, 0.000002
2.898000, -0.000002, 0.000002
2.899000, -0.000002, 0.000002
2.900000, -0.000002, 0.000002
2.901000, -0.000002, 0.000002
2.902000, -0.000002, 0.000002
2.903000, -0.000002, 0.000002
2.904000, -0.000002, 0.000002
2.905000, -0.000002, 0.000002
2.906000, -0.000002, 0.000002
2.907000, -0.000002, 0.000002
2.908000, -0.000002, 0.000002
2.909000, -0.000002, 0.000002
2.910000, -0.000002, 0.000002
2.911000, -0.000002, 0.000002
2.912000, -0.000002, 0.000002
2.913000, -0.000002, 0.000002
2.914000, -0.000002, 0.000002
2.915000, -0.000002, 0.000002
2.916000, -0.000002, 0.000002
2.917000, -0.000002, 0.000002
2.918000, -0.000002, 0.000002
2.919000, -0.000002, 0.000002
2.920000, -0.000002, 0.000002
2.921000, -0.000002, 0.000002
2.922000, -0.000002, 0.000002
2.923000, -0.000002, 0.000002
2.924000, -0.000002, 0.000002
2.925000, -0.000002, 0.000002
2.926000, -0.000002, 0.000002
2.927000, -0.000002, 0.000002
2.928000, -0.000002, 0.000002
2.929000, -0.000002, 0.000002
2.930000, -0.000002, 0.000002
2.931000, -0.000002, 0.000002
2.932000, -0.000002, 0.000002
2.933000, -0.000002, 0.000002
2.934000, -0.000002, 0.000002
2.935000, -0.000002, 0.000002
2.936000, -0.000002, 0.000002
2.937000, -0.000002, 0.000002
2.938000, -0.000002, 0.000002
2.939000, -0.000002, 0.000002
2.940000, -0.000002, 0.000002
2.941000, -0.000002, 0.000002
2.942000, -0.000002, 0.000002
2.943000, -0.000002, 0.000002
2.944000, -0.000002, 0.000002
2.945000, -0.000002, 0.000002
2.946000, -0.000002, 0.000002
2.947000, -0.000002, 0.000002
2.948000, -0.000002, 0.000002
2.949000, -0.000002, 0.000002
2.950000, -0.000002, 0.000002
2.951000, -0.000002, 0.000002
2.952000, -0.000002, 0.000002
2.953000, -0.000002, 0.000002
2.954000, -0.000002, 0.000002
2.955000, -0.000002, 0.000002
2.956000, -0.000002, 0.000002
2.957000, -0.000002, 0.000002
2.958000, -0.000002, 0.000002
2.959000, -0.000002, 0.000002
2.960000, -0.000002, 0.000002
2.961000, -0.000002, 0.000002
2.962000, -0.000002, 0.000002
2.963000, -0.000002, 0.000002
2.964000, -0.000002, 0.000002
2.965000, -0.000002, 0.000002
2.966000, -0.000002, 0.000002
2.967000, -0.000002, 0.000002
2.968000, -0.000002, 0.000002
2.969000, -0.000002, 0.000002
2.970000, -0.000002, 0.000002
2.971000, -0.000002, 0.000002
2.972000, -0.000002, 0.000002
2.973000, -0.000002, 0.000002
2.974000, -0.000002, 0.000002
2.975000, -0.000002, 0.000002
2.976000, -0.000002, 0.000002
2.977000, -0.000002, 0.000002
2.978000, -0.000002, 0.000002
2.979000, -0.000002, 0.000002
2.980000, -0.000002, 0.000002
2.981000, -0.000001, 0.000002
2.982000, -0.000001, 0.000002
2.983000, -0.000001, 0.000002
2.984000, -0.000001, 0.000002
2.985000, -0.000001, 0.000002
2.986000, -0.000001, 0.000002
2.987000, -0.000001, 0.000002
2.988000, -0.000001, 0.000002
2.989000, -0.000001, 0.000002
2.990000, -0.000001, 0.000002
2.991000, -0.000001, 0.000002
2.992000, -0.000001, 0.000002
2.993000, -0.000001, 0.000002
2.994000, -0.000001, 0.000002
2.995000, -0.000001, 0.000002
2.996000, -0.000001, 0.000002
2.997000, -0.000001, 0.000002
2.998000, -0.000001, 0.000002
2.999000, -0.000001, 0.000002
3.000000, -0.000001, 0.000002
3.001000, 1.499999, 0.000002
3.002000, 1.485564, -9.622742
3.003000, 1.463316, -18.040169
3.004000, 1.434322, -25.342087
3.005000, 1.429204, -31.614261
3.006000, 1.429204, -37.129292
3.007000, 1.429204, -42.007952
3.008000, 1.429204, -46.324076
3.009000, 1.429204, -50.142902
3.010000, 1.429204, -53.522074
3.011000, 1.429204, -56.512530
3.012000, 1.429204, -59.159285
3.013000, 1.429204, -61.502115
3.014000, 1.429204, -63.576177
3.015000, 1.429204, -65.412541
3.016000, 1.429204, -67.038666
3.017000, 1.429204, -68.478825
3.018000, 1.429204, -69.754474
3.019000, 1.429204, -70.884578
3.020000, 1.429204, -71.885903
3.021000, 1.429204, -72.773274
3.022000, 1.429204, -73.559796
3.023000, 1.429204, -74.257058
3.024000, 1.429204, -74.875308
3.025000, 1.429204, -75.423608
3.026000, 1.429204, -75.909973
3.027000, 1.429204, -76.341492
3.028000, 1.429204, -76.724437
3.029000, 1.429204, -77.064354
3.030000, 1.429204, -77.366153
3.031000, 1.429204, -77.634175
3.032000, 1.429204, -77.872264
3.033000, 1.429204, -78.083821
3.034000, 1.429204, -78.271857
3.035000, 1.429204, -78.439037
3.036000, 1.429204, -78.587719
3.037000, 1.429204, -78.719992
3.038000, 1.429204, -78.837708
3.039000, 1.429204, -78.942504
3.040000, 1.429204, -79.035831
3.041000, 1.429204, -79.118976
3.042000, 1.429204, -79.193078
3.043000, 1.429204, -79.259147
3.044000, 1.429204, -79.318078
3.045000, 1.429204, -79.370664
3.046000, 1.429204, -79.417610
3.047000, 1.429204, -79.459539
3.048000, 1.429204, -79.497005
3.049000, 1.429204, -79.530500
3.050000, 1.429204, -79.560458
3.051000, 1.429204, -79.587268
3.052000, 1.429204, -79.611273
3.053000, 1.429204, -79.632778
3.054000, 1.429204, -79.652054
3.055000, 1.429204, -79.669342
3.056000, 1.429204, -79.684857
3.057000, 1.429204, -79.698788
3.058000, 1.429204, -79.711305
3.059000, 1.429204, -79.722559
3.060000, 1.429204, -79.732683
3.061000, 1.429204, -79.741798
3.062000, 1.429204, -79.750009
3.063000, 1.429204, -79.757411
3.064000, 1.429204, -79.764088
3.065000, 1.429204, -79.770116
3.066000, 1.429204, -79.775562
3.067000, 1.429204, -79.780485
3.068000, 1.429204, -79.784940
3.069000, 1.429204, -79.788973
3.070000, 1.429204, -79.792628
3.071000, 1.429204, -79.795943
3.072000, 1.429204, -79.798951
3.073000, 1.429204, -79.801683
3.074000, 1.429204, -79.804167
3.075000, 1.429204, -79.806427
3.076000, 1.429204, -79.808485
3.077000, 1.429204, -79.810360
3.078000, 1.429204, -79.812071
3.079000, 1.429204, -79.813632
3.080000, 1.429204, -79.815059
3.081000, 1.429204, -79.816364
3.082000, 1.429204, -79.817558
3.083000, 1.429204, -79.818652
3.084000, 1.429204, -79.819655
3.085000, 1.429204, -79.820575
3.086000, 1.429204, -79.821420
3.087000, 1.429204, -79.822198
3.088000, 1.429204, -79.822913
3.089000, 1.429204, -79.823572
3.090000, 1.429204, -79.824179
3.091000, 1.429204, -79.824739
3.092000, 1.429204, -79.825257
3.093000, 1.429204, -79.825735
3.094000, 1.429204, -79.826178
3.095000, 1.429204, -79.826588
3.096000, 1.429204, -79.826968
3.097000, 1.429204, -79.827321
3.098000, 1.429204, -79.827649
3.099000, 1.429204, -79.827954
3.100000, 1.429204, -79.828237
3.101000, 1.429204, -79.828502
3.102000, 1.429204, -79.828748
3.103000, 1.429204, -79.828978
3.104000, 1.429204, -79.829194
3.105000, 1.429204, -79.829395
3.106000, 1.429204, -79.829584
3.107000, 1.429204, -79.829760
3.108000, 1.429204, -79.829926
3.109000, 1.429204, -79.830082
3.110000, 1.429204, -79.830229
3.111000, 1.429204, -79.830367
3.112000, 1.429204, -79.830498
3.113000, 1.429204, -79.830621
3.114000, 1.429204, -79.830737
3.115000, 1.429204, -79.830847
3.116000, 1.429204, -79.830951
3.117000, 1.429204, -79.831050
3.118000, 1.429204, -79.831144
3.119000, 1.429204, -79.831233
3.120000, 1.429204, -79.831318
3.121000, 1.429204, -79.831399
3.122000, 1.429204, -79.831477
3.123000, 1.429204, -79.831551
3.124000, 1.429204, -79.831621
3.125000, 1.429204, -79.831689
3.126000, 1.429204, -79.831754
3.127000, 1.429204, -79.831816
3.128000, 1.429204, -79.831876
3.129000, 1.429204, -79.831934
3.130000, 1.429204, -79.831989
3.131000, 1.429204, -79.832043
3.132000, 1.429204, -79.832094
3.133000, 1.429204, -79.832145
3.134000, 1.429204, -79.832193
3.135000, 1.429204, -79.832240
3.136000, 1.429204, -79.832285
3.137000, 1.429204, -79.832329
3.138000, 1.429204, -79.832372
3.139000, 1.429204, -79.832414
3.140000, 1.429204, -79.832455
3.141000, 1.429204, -79.832494
3.142000, 1.429204, -79.832533
3.143000, 1.429204, -79.832571
3.144000, 1.429204, -79.832608
3.145000, 1.429204, -79.832644
3.146000, 1.429204, -79.832679
3.147000, 1.429204, -79.832714
3.148000, 1.429204, -79.832748
3.149000, 1.429204, -79.832781
3.150000, 1.429204, -79.832814
3.151000, 1.429204, -79.832846
3.152000, 1.429204, -79.832877
3.153000, 1.429204, -79.832908
3.154000, 1.429204, -79.832939
3.155000, 1.429204, -79.832969
3.156000, 1.429204, -79.832998
3.157000, 1.429204, -79.833027
3.158000, 1.429204, -79.833056
3.159000, 1.429204, -79.833084
3.160000, 1.429204, -79.833112
3.161000, 1.429204, -79.833140
3.162000, 1.429204, -79.833167
3.163000, 1.429204, -79.833194
3.164000, 1.429204, -79.833220
3.165000, 1.429204, -79.833247
3.166000, 1.429204, -79.833273
3.167000, 1.429204, -79.833298
3.168000, 1.429204, -79.833324
3.169000, 1.429204, -79.833349
3.170000, 1.429204, -79.833374
3.171000, 1.429204, -79.833398
3.172000, 1.429204, -79.833423
3.173000, 1.429204, -79.833447
3.174000, 1.429204, -79.833471
3.175000, 1.429204, -79.833494
3.176000, 1.429204, -79.833518
3.177000, 1.429204, -79.833541
3.178000, 1.429204, -79.833564
3.179000, 1.429204, -79.833587
3.180000, 1.429204, -79.833610
3.181000, 1.429204, -79.833632
3.182000, 1.429204, -79.833655
3.183000, 1.429204, -79.833677
3.184000, 1.429204, -79.833699
3.185000, 1.429204, -79.833721
3.186000, 1.429204, -79.833742
3.187000, 1.429204, -79.833764
3.188000, 1.429204, -79.833785
3.189000, 1.429204, -79.833806
3.190000, 1.429204, -79.833827
3.191000, 1.429204, -79.833848
3.192000, 1.429204, -79.833869
3.193000, 1.429204, -79.833889
3.194000, 1.429204, -79.833910
3.195000, 1.429204, -79.833930
3.196000, 1.429204, -79.833950
3.197000, 1.429204, -79.833970
3.198000, 1.429204, -79.833990
3.199000, 1.429204, -79.834009
3.200000, 1.429204, -79.834029
3.201000, 1.429204, -79.834049
3.202000, 1.429204, -79.834068
3.203000, 1.429204, -79.834087
3.204000, 1.429204, -79.834106
3.205000, 1.429204, -79.834125
3.206000, 1.429204, -79.834144
3.207000, 1.429204, -79.834163
3.208000, 1.429204, -79.834181
3.209000, 1.429204, -79.834200
3.210000, 1.429204, -79.834218
3.211000, 1.429204, -79.834236
3.212000, 1.429204, -79.834255
3.213000, 1.429204, -79.834273
3.214000, 1.429204, -79.834291
3.215000, 1.429204, -79.834309
3.216000, 1.429204, -79.834326
3.217000, 1.429204, -79.834344
3.218000, 1.429204, -79.834361
3.219000, 1.429204, -79.834379
3.220000, 1.429204, -79.834396
3.221000, 1.429204, -79.834413
3.222000, 1.429204, -79.834431
3.223000, 1.429204, -79.834448
3.224000, 1.429204, -79.834465
3.225000, 1.429204, -79.834481
3.226000, 1.429204, -79.834498
3.227000, 1.429204, -79.834515
3.228000, 1.429204, -79.834532
3.229000, 1.429204, -79.834548
3.230000, 1.429204, -79.834564
3.231000, 1.429204, -79.834581
3.232000, 1.429204, -79.834597
3.233000, 1.429204, -79.834613
3.234000, 1.429204, -79.834629
3.235000, 1.429204, -79.834645
3.236000, 1.429204, -79.834661
3.237000, 1.429204, -79.834677
3.238000, 1.429204, -79.834693
3.239000, 1.429204, -79.834708
3.240000, 1.429204, -79.834724
3.241000, 1.429204, -79.834739
3.242000, 1.429204, -79.834755
3.243000, 1.429204, -79.834770
3.244000, 1.429204, -79.834786
3.245000, 1.429204, -79.834801
3.246000, 1.429204, -79.834816
3.247000, 1.429204, -79.834831
3.248000, 1.429204, -79.834846
3.249000, 1.429204, -79.834861
3.250000, 1.429204, -79.834876
3.251000, 1.429204, -79.834891
3.252000, 1.429204, -79.834905
3.253000, 1.429204, -79.834920
3.254000, 1.429204, -79.834934
3.255000, 1.429204, -79.834949
3.256000, 1.429204, -79.834963
3.257000, 1.429204, -79.834978
3.258000, 1.429204, -79.834992
3.259000, 1.429204, -79.835006
3.260000, 1.429204, -79.835020
3.261000, 1.429204, -79.835035
3.262000, 1.429204, -79.835049
3.263000, 1.429204, -79.835063
3.264000, 1.429204, -79.835077
3.265