time, theta__error, theta_dot_error
0.000000, -1.500001, -0.000390
0.001000, -1.478840, 14.106615
0.002000, -1.446786, 26.071670
0.003000, -1.405691, 36.087194
0.004000, -1.357228, 44.337913
0.005000, -1.302898, 50.999517
0.006000, -1.244041, 56.237653
0.007000, -1.181849, 60.207305
0.008000, -1.117374, 63.052553
0.009000, -1.051540, 64.906675
0.010000, -0.985155, 65.892482
0.011000, -0.918917, 66.122840
0.012000, -0.853426, 65.701255
0.013000, -0.789193, 64.722490
0.014000, -0.726645, 63.273141
0.015000, -0.666133, 61.432160
0.016000, -0.607942, 59.271307
0.017000, -0.552294, 56.855550
0.018000, -0.499357, 54.243412
0.019000, -0.449248, 51.487301
0.020000, -0.402041, 48.633816
0.021000, -0.357771, 45.724063
0.022000, -0.316443, 42.793975
0.023000, -0.278028, 39.874643
0.024000, -0.242476, 36.992660
0.025000, -0.209716, 34.170468
0.026000, -0.179662, 31.426707
0.027000, -0.152210, 28.776567
0.028000, -0.127250, 26.232125
0.029000, -0.104662, 23.802673
0.030000, -0.084321, 21.495027
0.031000, -0.066098, 19.313826
0.032000, -0.049862, 17.261798
0.033000, -0.035483, 15.340020
0.034000, -0.022831, 13.548149
0.035000, -0.011778, 11.884632
0.036000, -0.002200, 10.346902
0.037000, 0.006024, 8.931549
0.038000, 0.013010, 7.634483
0.039000, 0.018869, 6.451064
0.040000, 0.023708, 5.376235
0.041000, 0.027627, 4.404629
0.042000, 0.030721, 3.530664
0.043000, 0.033078, 2.748630
0.044000, 0.034783, 2.052762
0.045000, 0.035913, 1.437303
0.046000, 0.036539, 0.896557
0.047000, 0.036728, 0.424937
0.048000, 0.036541, 0.016998
0.049000, 0.036034, -0.332527
0.050000, 0.035257, -0.628702
0.051000, 0.034257, -0.876373
0.052000, 0.033075, -1.080152
0.053000, 0.031748, -1.244405
0.054000, 0.030310, -1.373246
0.055000, 0.028791, -1.470535
0.056000, 0.027217, -1.539879
0.057000, 0.025610, -1.584632
0.058000, 0.023990, -1.607899
0.059000, 0.022375, -1.612545
0.060000, 0.020780, -1.601199
0.061000, 0.019216, -1.576266
0.062000, 0.017694, -1.539933
0.063000, 0.016223, -1.494183
0.064000, 0.014809, -1.440803
0.065000, 0.013457, -1.381396
0.066000, 0.012172, -1.317392
0.067000, 0.010955, -1.250059
0.068000, 0.009810, -1.180515
0.069000, 0.008735, -1.109739
0.070000, 0.007732, -1.038580
0.071000, 0.006800, -0.967769
0.072000, 0.005937, -0.897930
0.073000, 0.005141, -0.829586
0.074000, 0.004412, -0.763172
0.075000, 0.003745, -0.699043
0.076000, 0.003138, -0.637479
0.077000, 0.002589, -0.578697
0.078000, 0.002094, -0.522857
0.079000, 0.001650, -0.470067
0.080000, 0.001254, -0.420390
0.081000, 0.000904, -0.373852
0.082000, 0.000595, -0.330443
0.083000, 0.000325, -0.290128
0.084000, 0.000091, -0.252845
0.085000, -0.000110, -0.218514
0.086000, -0.000282, -0.187035
0.087000, -0.000426, -0.158300
0.088000, -0.000545, -0.132187
0.089000, -0.000642, -0.108568
0.090000, -0.000718, -0.087309
0.091000, -0.000777, -0.068274
0.092000, -0.000820, -0.051323
0.093000, -0.000849, -0.036319
0.094000, -0.000865, -0.023125
0.095000, -0.000871, -0.011606
0.096000, -0.000868, -0.001632
0.097000, -0.000857, 0.006925
0.098000, -0.000839, 0.014188
0.099000, -0.000815, 0.020272
0.100000, -0.000788, 0.025289
0.101000, -0.000756, 0.029345
0.102000, -0.000722, 0.032539
0.103000, -0.000686, 0.034965
0.104000, -0.000648, 0.036709
0.105000, -0.000610, 0.037854
0.106000, -0.000571, 0.038474
0.107000, -0.000532, 0.038639
0.108000, -0.000494, 0.038413
0.109000, -0.000457, 0.037853
0.110000, -0.000420, 0.037014
0.111000, -0.000385, 0.035942
0.112000, -0.000350, 0.034683
0.113000, -0.000318, 0.033274
0.114000, -0.000287, 0.031751
0.115000, -0.000258, 0.030145
0.116000, -0.000230, 0.028482
0.117000, -0.000204, 0.026786
0.118000, -0.000180, 0.025079
0.119000, -0.000157, 0.023379
0.120000, -0.000136, 0.021700
0.121000, -0.000117, 0.020055
0.122000, -0.000099, 0.018456
0.123000, -0.000083, 0.016910
0.124000, -0.000069, 0.015425
0.125000, -0.000055, 0.014006
0.126000, -0.000043, 0.012658
0.127000, -0.000033, 0.011382
0.128000, -0.000023, 0.010181
0.129000, -0.000015, 0.009055
0.130000, -0.000007, 0.008005
0.131000, -0.000001, 0.007028
0.132000, 0.000005, 0.006125
0.133000, 0.000010, 0.005293
0.134000, 0.000014, 0.004530
0.135000, 0.000018, 0.003833
0.136000, 0.000021, 0.003199
0.137000, 0.000023, 0.002625
0.138000, 0.000025, 0.002108
0.139000, 0.000026, 0.001646
0.140000, 0.000027, 0.001233
0.141000, 0.000028, 0.000868
0.142000, 0.000028, 0.000546
0.143000, 0.000028, 0.000266
0.144000, 0.000028, 0.000022
0.145000, 0.000028, -0.000187
0.146000, 0.000028, -0.000364
0.147000, 0.000027, -0.000513
0.148000, 0.000026, -0.000636
0.149000, 0.000025, -0.000736
0.150000, 0.000025, -0.000815
0.151000, 0.000024, -0.000874
0.152000, 0.000023, -0.000918
0.153000, 0.000022, -0.000947
0.154000, 0.000021, -0.000963
0.155000, 0.000020, -0.000967
0.156000, 0.000019, -0.000963
0.157000, 0.000018, -0.000950
0.158000, 0.000017, -0.000930
0.159000, 0.000016, -0.000904
0.160000, 0.000015, -0.000874
0.161000, 0.000014, -0.000840
0.162000, 0.000014, -0.000804
0.163000, 0.000013, -0.000765
0.164000, 0.000012, -0.000725
0.165000, 0.000012, -0.000684
0.166000, 0.000011, -0.000643
0.167000, 0.000010, -0.000601
0.168000, 0.000010, -0.000561
0.169000, 0.000009, -0.000521
0.170000, 0.000009, -0.000482
0.171000, 0.000008, -0.000444
0.172000, 0.000008, -0.000408
0.173000, 0.000008, -0.000373
0.174000, 0.000007, -0.000341
0.175000, 0.000007, -0.000309
0.176000, 0.000007, -0.000280
0.177000, 0.000007, -0.000252
0.178000, 0.000006, -0.000227
0.179000, 0.000006, -0.000203
0.180000, 0.000006, -0.000181
0.181000, 0.000006, -0.000160
0.182000, 0.000006, -0.000141
0.183000, 0.000006, -0.000124
0.184000, 0.000005, -0.000108
0.185000, 0.000005, -0.000094
0.186000, 0.000005, -0.000081
0.187000, 0.000005, -0.000070
0.188000, 0.000005, -0.000059
0.189000, 0.000005, -0.000050
0.190000, 0.000005, -0.000042
0.191000, 0.000005, -0.000035
0.192000, 0.000005, -0.000029
0.193000, 0.000005, -0.000023
0.194000, 0.000005, -0.000019
0.195000, 0.000005, -0.000015
0.196000, 0.000005, -0.000011
0.197000, 0.000005, -0.000009
0.198000, 0.000005, -0.000007
0.199000, 0.000005, -0.000005
0.200000, 0.000005, -0.000004
0.201000, 0.000005, -0.000003
0.202000, 0.000005, -0.000002
0.203000, 0.000005, -0.000002
0.204000, 0.000005, -0.000001
0.205000, 0.000005, -0.000001
0.206000, 0.000005, -0.000002
0.207000, 0.000005, -0.000002
0.208000, 0.000005, -0.000003
0.209000, 0.000005, -0.000003
0.210000, 0.000005, -0.000004
0.211000, 0.000005, -0.000004
0.212000, 0.000005, -0.000005
0.213000, 0.000005, -0.000006
0.214000, 0.000005, -0.000007
0.215000, 0.000005, -0.000008
0.216000, 0.000005, -0.000008
0.217000, 0.000005, -0.000009
0.218000, 0.000005, -0.000010
0.219000, 0.000005, -0.000011
0.220000, 0.000005, -0.000011
0.221000, 0.000005, -0.000012
0.222000, 0.000005, -0.000013
0.223000, 0.000005, -0.000013
0.224000, 0.000005, -0.000014
0.225000, 0.000005, -0.000014
0.226000, 0.000005, -0.000015
0.227000, 0.000005, -0.000015
0.228000, 0.000005, -0.000015
0.229000, 0.000005, -0.000016
0.230000, 0.000005, -0.000016
0.231000, 0.000005, -0.000016
0.232000, 0.000005, -0.000016
0.233000, 0.000005, -0.000017
0.234000, 0.000005, -0.000017
0.235000, 0.000005, -0.000017
0.236000, 0.000005, -0.000017
0.237000, 0.000005, -0.000017
0.238000, 0.000005, -0.000017
0.239000, 0.000005, -0.000017
0.240000, 0.000005, -0.000017
0.241000, 0.000005, -0.000017
0.242000, 0.000005, -0.000017
0.243000, 0.000005, -0.000017
0.244000, 0.000004, -0.000017
0.245000, 0.000004, -0.000017
0.246000, 0.000004, -0.000017
0.247000, 0.000004, -0.000017
0.248000, 0.000004, -0.000017
0.249000, 0.000004, -0.000017
0.250000, 0.000004, -0.000016
0.251000, 0.000004, -0.000016
0.252000, 0.000004, -0.000016
0.253000, 0.000004, -0.000016
0.254000, 0.000004, -0.000016
0.255000, 0.000004, -0.000016
0.256000, 0.000004, -0.000016
0.257000, 0.000004, -0.000016
0.258000, 0.000004, -0.000015
0.259000, 0.000004, -0.000015
0.260000, 0.000004, -0.000015
0.261000, 0.000004, -0.000015
0.262000, 0.000004, -0.000015
0.263000, 0.000004, -0.000015
0.264000, 0.000004, -0.000015
0.265000, 0.000004, -0.000014
0.266000, 0.000004, -0.000014
0.267000, 0.000004, -0.000014
0.268000, 0.000004, -0.000014
0.269000, 0.000004, -0.000014
0.270000, 0.000004, -0.000014
0.271000, 0.000004, -0.000014
0.272000, 0.000004, -0.000014
0.273000, 0.000004, -0.000013
0.274000, 0.000004, -0.000013
0.275000, 0.000004, -0.000013
0.276000, 0.000004, -0.000013
0.277000, 0.000004, -0.000013
0.278000, 0.000004, -0.000013
0.279000, 0.000004, -0.000013
0.280000, 0.000004, -0.000013
0.281000, 0.000004, -0.000013
0.282000, 0.000004, -0.000013
0.283000, 0.000004, -0.000012
0.284000, 0.000004, -0.000012
0.285000, 0.000004, -0.000012
0.286000, 0.000004, -0.000012
0.287000, 0.000004, -0.000012
0.288000, 0.000004, -0.000012
0.289000, 0.000004, -0.000012
0.290000, 0.000004, -0.000012
0.291000, 0.000004, -0.000012
0.292000, 0.000004, -0.000012
0.293000, 0.000004, -0.000012
0.294000, 0.000004, -0.000012
0.295000, 0.000004, -0.000011
0.296000, 0.000004, -0.000011
0.297000, 0.000004, -0.000011
0.298000, 0.000004, -0.000011
0.299000, 0.000004, -0.000011
0.300000, 0.000004, -0.000011
0.301000, 0.000004, -0.000011
0.302000, 0.000004, -0.000011
0.303000, 0.000004, -0.000011
0.304000, 0.000004, -0.000011
0.305000, 0.000004, -0.000011
0.306000, 0.000004, -0.000011
0.307000, 0.000004, -0.000011
0.308000, 0.000004, -0.000010
0.309000, 0.000004, -0.000010
0.310000, 0.000004, -0.000010
0.311000, 0.000004, -0.000010
0.312000, 0.000004, -0.000010
0.313000, 0.000004, -0.000010
0.314000, 0.000004, -0.000010
0.315000, 0.000004, -0.000010
0.316000, 0.000004, -0.000010
0.317000, 0.000004, -0.000010
0.318000, 0.000004, -0.000010
0.319000, 0.000004, -0.000010
0.320000, 0.000004, -0.000010
0.321000, 0.000004, -0.000010
0.322000, 0.000003, -0.000010
0.323000, 0.000003, -0.000010
0.324000, 0.000003, -0.000009
0.325000, 0.000003, -0.000009
0.326000, 0.000003, -0.000009
0.327000, 0.000003, -0.000009
0.328000, 0.000003, -0.000009
0.329000, 0.000003, -0.000009
0.330000, 0.000003, -0.000009
0.331000, 0.000003, -0.000009
0.332000, 0.000003, -0.000009
0.333000, 0.000003, -0.000009
0.334000, 0.000003, -0.000009
0.335000, 0.000003, -0.000009
0.336000, 0.000003, -0.000009
0.337000, 0.000003, -0.000009
0.338000, 0.000003, -0.000009
0.339000, 0.000003, -0.000009
0.340000, 0.000003, -0.000009
0.341000, 0.000003, -0.000009
0.342000, 0.000003, -0.000009
0.343000, 0.000003, -0.000008
0.344000, 0.000003, -0.000008
0.345000, 0.000003, -0.000008
0.346000, 0.000003, -0.000008
0.347000, 0.000003, -0.000008
0.348000, 0.000003, -0.000008
0.349000, 0.000003, -0.000008
0.350000, 0.000003, -0.000008
0.351000, 0.000003, -0.000008
0.352000, 0.000003, -0.000008
0.353000, 0.000003, -0.000008
0.354000, 0.000003, -0.000008
0.355000, 0.000003, -0.000008
0.356000, 0.000003, -0.000008
0.357000, 0.000003, -0.000008
0.358000, 0.000003, -0.000008
0.359000, 0.000003, -0.000008
0.360000, 0.000003, -0.000008
0.361000, 0.000003, -0.000008
0.362000, 0.000003, -0.000008
0.363000, 0.000003, -0.000008
0.364000, 0.000003, -0.000008
0.365000, 0.000003, -0.000008
0.366000, 0.000003, -0.000007
0.367000, 0.000003, -0.000007
0.368000, 0.000003, -0.000007
0.369000, 0.000003, -0.000007
0.370000, 0.000003, -0.000007
0.371000, 0.000003, -0.000007
0.372000, 0.000003, -0.000007
0.373000, 0.000003, -0.000007
0.374000, 0.000003, -0.000007
0.375000, 0.000003, -0.000007
0.376000, 0.000003, -0.000007
0.377000, 0.000003, -0.000007
0.378000, 0.000003, -0.000007
0.379000, 0.000003, -0.000007
0.380000, 0.000003, -0.000007
0.381000, 0.000003, -0.000007
0.382000, 0.000003, -0.000007
0.383000, 0.000003, -0.000007
0.384000, 0.000003, -0.000007
0.385000, 0.000003, -0.000007
0.386000, 0.000003, -0.000007
0.387000, 0.000003, -0.000007
0.388000, 0.000003, -0.000007
0.389000, 0.000003, -0.000007
0.390000, 0.000003, -0.000007
0.391000, 0.000003, -0.000007
0.392000, 0.000003, -0.000007
0.393000, 0.000003, -0.000007
0.394000, 0.000003, -0.000007
0.395000, 0.000003, -0.000006
0.396000, 0.000003, -0.000006
0.397000, 0.000003, -0.000006
0.398000, 0.000003, -0.000006
0.399000, 0.000003, -0.000006
0.400000, 0.000003, -0.000006
0.401000, 0.000003, -0.000006
0.402000, 0.000003, -0.000006
0.403000, 0.000003, -0.000006
0.404000, 0.000003, -0.000006
0.405000, 0.000003, -0.000006
0.406000, 0.000003, -0.000006
0.407000, 0.000003, -0.000006
0.408000, 0.000003, -0.000006
0.409000, 0.000003, -0.000006
0.410000, 0.000003, -0.000006
0.411000, 0.000003, -0.000006
0.412000, 0.000003, -0.000006
0.413000, 0.000003, -0.000006
0.414000, 0.000003, -0.000006
0.415000, 0.000003, -0.000006
0.416000, 0.000003, -0.000006
0.417000, 0.000003, -0.000006
0.418000, 0.000003, -0.000006
0.419000, 0.000003, -0.000006
0.420000, 0.000003, -0.000006
0.421000, 0.000003, -0.000006
0.422000, 0.000003, -0.000006
0.423000, 0.000003, -0.000006
0.424000, 0.000003, -0.000006
0.425000, 0.000003, -0.000006
0.426000, 0.000003, -0.000006
0.427000, 0.000003, -0.000006
0.428000, 0.000003, -0.000006
0.429000, 0.000003, -0.000006
0.430000, 0.000003, -0.000006
0.431000, 0.000003, -0.000006
0.432000, 0.000003, -0.000005
0.433000, 0.000003, -0.000005
0.434000, 0.000003, -0.000005
0.435000, 0.000003, -0.000005
0.436000, 0.000003, -0.000005
0.437000, 0.000003, -0.000005
0.438000, 0.000003, -0.000005
0.439000, 0.000003, -0.000005
0.440000, 0.000003, -0.000005
0.441000, 0.000003, -0.000005
0.442000, 0.000003, -0.000005
0.443000, 0.000003, -0.000005
0.444000, 0.000003, -0.000005
0.445000, 0.000003, -0.000005
0.446000, 0.000003, -0.000005
0.447000, 0.000003, -0.000005
0.448000, 0.000003, -0.000005
0.449000, 0.000003, -0.000005
0.450000, 0.000003, -0.000005
0.451000, 0.000003, -0.000005
0.452000, 0.000003, -0.000005
0.453000, 0.000003, -0.000005
0.454000, 0.000003, -0.000005
0.455000, 0.000003, -0.000005
0.456000, 0.000003, -0.000005
0.457000, 0.000003, -0.000005
0.458000, 0.000003, -0.000005
0.459000, 0.000003, -0.000005
0.460000, 0.000003, -0.000005
0.461000, 0.000003, -0.000005
0.462000, 0.000003, -0.000005
0.463000, 0.000003, -0.000005
0.464000, 0.000003, -0.000005
0.465000, 0.000003, -0.000005
0.466000, 0.000003, -0.000005
0.467000, 0.000003, -0.000005
0.468000, 0.000003, -0.000005
0.469000, 0.000003, -0.000005
0.470000, 0.000003, -0.000005
0.471000, 0.000003, -0.000005
0.472000, 0.000003, -0.000005
0.473000, 0.000002, -0.000005
0.474000, 0.000002, -0.000005
0.475000, 0.000002, -0.000005
0.476000, 0.000002, -0.000005
0.477000, 0.000002, -0.000005
0.478000, 0.000002, -0.000005
0.479000, 0.000002, -0.000005
0.480000, 0.000002, -0.000005
0.481000, 0.000002, -0.000005
0.482000, 0.000002, -0.000005
0.483000, 0.000002, -0.000004
0.484000, 0.000002, -0.000004
0.485000, 0.000002, -0.000004
0.486000, 0.000002, -0.000004
0.487000, 0.000002, -0.000004
0.488000, 0.000002, -0.000004
0.489000, 0.000002, -0.000004
0.490000, 0.000002, -0.000004
0.491000, 0.000002, -0.000004
0.492000, 0.000002, -0.000004
0.493000, 0.000002, -0.000004
0.494000, 0.000002, -0.000004
0.495000, 0.000002, -0.000004
0.496000, 0.000002, -0.000004
0.497000, 0.000002, -0.000004
0.498000, 0.000002, -0.000004
0.499000, 0.000002, -0.000004
0.500000, 0.000002, -0.000004
0.501000, 0.000002, -0.000004
0.502000, 0.000002, -0.000004
0.503000, 0.000002, -0.000004
0.504000, 0.000002, -0.000004
0.505000, 0.000002, -0.000004
0.506000, 0.000002, -0.000004
0.507000, 0.000002, -0.000004
0.508000, 0.000002, -0.000004
0.509000, 0.000002, -0.000004
0.510000, 0.000002, -0.000004
0.511000, 0.000002, -0.000004
0.512000, 0.000002, -0.000004
0.513000, 0.000002, -0.000004
0.514000, 0.000002, -0.000004
0.515000, 0.000002, -0.000004
0.516000, 0.000002, -0.000004
0.517000, 0.000002, -0.000004
0.518000, 0.000002, -0.000004
0.519000, 0.000002, -0.000004
0.520000, 0.000002, -0.000004
0.521000, 0.000002, -0.000004
0.522000, 0.000002, -0.000004
0.523000, 0.000002, -0.000004
0.524000, 0.000002, -0.000004
0.525000, 0.000002, -0.000004
0.526000, 0.000002, -0.000004
0.527000, 0.000002, -0.000004
0.528000, 0.000002, -0.000004
0.529000, 0.000002, -0.000004
0.530000, 0.000002, -0.000004
0.531000, 0.000002, -0.000004
0.532000, 0.000002, -0.000004
0.533000, 0.000002, -0.000004
0.534000, 0.000002, -0.000004
0.535000, 0.000002, -0.000004
0.536000, 0.000002, -0.000004
0.537000, 0.000002, -0.000004
0.538000, 0.000002, -0.000004
0.539000, 0.000002, -0.000004
0.540000, 0.000002, -0.000004
0.541000, 0.000002, -0.000004
0.542000, 0.000002, -0.000004
0.543000, 0.000002, -0.000004
0.544000, 0.000002, -0.000004
0.545000, 0.000002, -0.000004
0.546000, 0.000002, -0.000004
0.547000, 0.000002, -0.000004
0.548000, 0.000002, -0.000004
0.549000, 0.000002, -0.000004
0.550000, 0.000002, -0.000004
0.551000, 0.000002, -0.000004
0.552000, 0.000002, -0.000004
0.553000, 0.000002, -0.000004
0.554000, 0.000002, -0.000004
0.555000, 0.000002, -0.000004
0.556000, 0.000002, -0.000004
0.557000, 0.000002, -0.000003
0.558000, 0.000002, -0.000003
0.559000, 0.000002, -0.000003
0.560000, 0.000002, -0.000003
0.561000, 0.000002, -0.000003
0.562000, 0.000002, -0.000003
0.563000, 0.000002, -0.000003
0.564000, 0.000002, -0.000003
0.565000, 0.000002, -0.000003
0.566000, 0.000002, -0.000003
0.567000, 0.000002, -0.000003
0.568000, 0.000002, -0.000003
0.569000, 0.000002, -0.000003
0.570000, 0.000002, -0.000003
0.571000, 0.000002, -0.000003
0.572000, 0.000002, -0.000003
0.573000, 0.000002, -0.000003
0.574000, 0.000002, -0.000003
0.575000, 0.000002, -0.000003
0.576000, 0.000002, -0.000003
0.577000, 0.000002, -0.000003
0.578000, 0.000002, -0.000003
0.579000, 0.000002, -0.000003
0.580000, 0.000002, -0.000003
0.581000, 0.000002, -0.000003
0.582000, 0.000002, -0.000003
0.583000, 0.000002, -0.000003
0.584000, 0.000002, -0.000003
0.585000, 0.000002, -0.000003
0.586000, 0.000002, -0.000003
0.587000, 0.000002, -0.000003
0.588000, 0.000002, -0.000003
0.589000, 0.000002, -0.000003
0.590000, 0.000002, -0.000003
0.591000, 0.000002, -0.000003
0.592000, 0.000002, -0.000003
0.593000, 0.000002, -0.000003
0.594000, 0.000002, -0.000003
0.595000, 0.000002, -0.000003
0.596000, 0.000002, -0.000003
0.597000, 0.000002, -0.000003
0.598000, 0.000002, -0.000003
0.599000, 0.000002, -0.000003
0.600000, 0.000002, -0.000003
0.601000, 0.000002, -0.000003
0.602000, 0.000002, -0.000003
0.603000, 0.000002, -0.000003
0.604000, 0.000002, -0.000003
0.605000, 0.000002, -0.000003
0.606000, 0.000002, -0.000003
0.607000, 0.000002, -0.000003
0.608000, 0.000002, -0.000003
0.609000, 0.000002, -0.000003
0.610000, 0.000002, -0.000003
0.611000, 0.000002, -0.000003
0.612000, 0.000002, -0.000003
0.613000, 0.000002, -0.000003
0.614000, 0.000002, -0.000003
0.615000, 0.000002, -0.000003
0.616000, 0.000002, -0.000003
0.617000, 0.000002, -0.000003
0.618000, 0.000002, -0.000003
0.619000, 0.000002, -0.000003
0.620000, 0.000002, -0.000003
0.621000, 0.000002, -0.000003
0.622000, 0.000002, -0.000003
0.623000, 0.000002, -0.000003
0.624000, 0.000002, -0.000003
0.625000, 0.000002, -0.000003
0.626000, 0.000002, -0.000003
0.627000, 0.000002, -0.000003
0.628000, 0.000002, -0.000003
0.629000, 0.000002, -0.000003
0.630000, 0.000002, -0.000003
0.631000, 0.000002, -0.000003
0.632000, 0.000002, -0.000003
0.633000, 0.000002, -0.000003
0.634000, 0.000002, -0.000003
0.635000, 0.000002, -0.000003
0.636000, 0.000002, -0.000003
0.637000, 0.000002, -0.000003
0.638000, 0.000002, -0.000003
0.639000, 0.000002, -0.000003
0.640000, 0.000002, -0.000003
0.641000, 0.000002, -0.000003
0.642000, 0.000002, -0.000003
0.643000, 0.000002, -0.000003
0.644000, 0.000002, -0.000003
0.645000, 0.000002, -0.000003
0.646000, 0.000002, -0.000003
0.647000, 0.000002, -0.000003
0.648000, 0.000002, -0.000003
0.649000, 0.000002, -0.000003
0.650000, 0.000002, -0.000003
0.651000, 0.000002, -0.000003
0.652000, 0.000002, -0.000003
0.653000, 0.000002, -0.000003
0.654000, 0.000002, -0.000003
0.655000, 0.000002, -0.000003
0.656000, 0.000002, -0.000003
0.657000, 0.000002, -0.000003
0.658000, 0.000002, -0.000003
0.659000, 0.000002, -0.000003
0.660000, 0.000002, -0.000003
0.661000, 0.000002, -0.000003
0.662000, 0.000002, -0.000003
0.663000, 0.000002, -0.000003
0.664000, 0.000002, -0.000003
0.665000, 0.000002, -0.000003
0.666000, 0.000002, -0.000003
0.667000, 0.000002, -0.000003
0.668000, 0.000002, -0.000003
0.669000, 0.000002, -0.000003
0.670000, 0.000002, -0.000003
0.671000, 0.000002, -0.000003
0.672000, 0.000002, -0.000003
0.673000, 0.000002, -0.000003
0.674000, 0.000002, -0.000003
0.675000, 0.000002, -0.000003
0.676000, 0.000002, -0.000003
0.677000, 0.000002, -0.000003
0.678000, 0.000002, -0.000003
0.679000, 0.000002, -0.000002
0.680000, 0.000002, -0.000002
0.681000, 0.000002, -0.000002
0.682000, 0.000002, -0.000002
0.683000, 0.000002, -0.000002
0.684000, 0.000002, -0.000002
0.685000, 0.000002, -0.000002
0.686000, 0.000002, -0.000002
0.687000, 0.000002, -0.000002
0.688000, 0.000002, -0.000002
0.689000, 0.000002, -0.000002
0.690000, 0.000002, -0.000002
0.691000, 0.000002, -0.000002
0.692000, 0.000002, -0.000002
0.693000, 0.000002, -0.000002
0.694000, 0.000002, -0.000002
0.695000, 0.000002, -0.000002
0.696000, 0.000002, -0.000002
0.697000, 0.000002, -0.000002
0.698000, 0.000002, -0.000002
0.699000, 0.000002, -0.000002
0.700000, 0.000002, -0.000002
0.701000, 0.000002, -0.000002
0.702000, 0.000002, -0.000002
0.703000, 0.000002, -0.000002
0.704000, 0.000002, -0.000002
0.705000, 0.000002, -0.000002
0.706000, 0.000002, -0.000002
0.707000, 0.000002, -0.000002
0.708000, 0.000002, -0.000002
0.709000, 0.000002, -0.000002
0.710000, 0.000002, -0.000002
0.711000, 0.000002, -0.000002
0.712000, 0.000002, -0.000002
0.713000, 0.000002, -0.000002
0.714000, 0.000002, -0.000002
0.715000, 0.000002, -0.000002
0.716000, 0.000002, -0.000002
0.717000, 0.000002, -0.000002
0.718000, 0.000002, -0.000002
0.719000, 0.000002, -0.000002
0.720000, 0.000002, -0.000002
0.721000, 0.000002, -0.000002
0.722000, 0.000002, -0.000002
0.723000, 0.000002, -0.000002
0.724000, 0.000002, -0.000002
0.725000, 0.000002, -0.000002
0.726000, 0.000002, -0.000002
0.727000, 0.000002, -0.000002
0.728000, 0.000002, -0.000002
0.729000, 0.000002, -0.000002
0.730000, 0.000002, -0.000002
0.731000, 0.000002, -0.000002
0.732000, 0.000002, -0.000002
0.733000, 0.000002, -0.000002
0.734000, 0.000002, -0.000002
0.735000, 0.000002, -0.000002
0.736000, 0.000002, -0.000002
0.737000, 0.000002, -0.000002
0.738000, 0.000002, -0.000002
0.739000, 0.000002, -0.000002
0.740000, 0.000002, -0.000002
0.741000, 0.000002, -0.000002
0.742000, 0.000002, -0.000002
0.743000, 0.000002, -0.000002
0.744000, 0.000002, -0.000002
0.745000, 0.000002, -0.000002
0.746000, 0.000002, -0.000002
0.747000, 0.000002, -0.000002
0.748000, 0.000002, -0.000002
0.749000, 0.000002, -0.000002
0.750000, 0.000002, -0.000002
0.751000, 0.000002, -0.000002
0.752000, 0.000002, -0.000002
0.753000, 0.000002, -0.000002
0.754000, 0.000002, -0.000002
0.755000, 0.000002, -0.000002
0.756000, 0.000002, -0.000002
0.757000, 0.000002, -0.000002
0.758000, 0.000002, -0.000002
0.759000, 0.000002, -0.000002
0.760000, 0.000002, -0.000002
0.761000, 0.000002, -0.000002
0.762000, 0.000002, -0.000002
0.763000, 0.000002, -0.000002
0.764000, 0.000002, -0.000002
0.765000, 0.000002, -0.000002
0.766000, 0.000002, -0.000002
0.767000, 0.000002, -0.000002
0.768000, 0.000002, -0.000002
0.769000, 0.000002, -0.000002
0.770000, 0.000002, -0.000002
0.771000, 0.000002, -0.000002
0.772000, 0.000002, -0.000002
0.773000, 0.000002, -0.000002
0.774000, 0.000002, -0.000002
0.775000, 0.000002, -0.000002
0.776000, 0.000002, -0.000002
0.777000, 0.000002, -0.000002
0.778000, 0.000002, -0.000002
0.779000, 0.000002, -0.000002
0.780000, 0.000002, -0.000002
0.781000, 0.000002, -0.000002
0.782000, 0.000002, -0.000002
0.783000, 0.000002, -0.000002
0.784000, 0.000002, -0.000002
0.785000, 0.000002, -0.000002
0.786000, 0.000002, -0.000002
0.787000, 0.000002, -0.000002
0.788000, 0.000002, -0.000002
0.789000, 0.000002, -0.000002
0.790000, 0.000002, -0.000002
0.791000, 0.000002, -0.000002
0.792000, 0.000002, -0.000002
0.793000, 0.000002, -0.000002
0.794000, 0.000002, -0.000002
0.795000, 0.000002, -0.000002
0.796000, 0.000002, -0.000002
0.797000, 0.000002, -0.000002
0.798000, 0.000002, -0.000002
0.799000, 0.000002, -0.000002
0.800000, 0.000002, -0.000002
0.801000, 0.000002, -0.000002
0.802000, 0.000002, -0.000002
0.803000, 0.000002, -0.000002
0.804000, 0.000002, -0.000002
0.805000, 0.000002, -0.000002
0.806000, 0.000002, -0.000002
0.807000, 0.000002, -0.000002
0.808000, 0.000002, -0.000002
0.809000, 0.000002, -0.000002
0.810000, 0.000002, -0.000002
0.811000, 0.000002, -0.000002
0.812000, 0.000002, -0.000002
0.813000, 0.000002, -0.000002
0.814000, 0.000002, -0.000002
0.815000, 0.000002, -0.000002
0.816000, 0.000002, -0.000002
0.817000, 0.000002, -0.000002
0.818000, 0.000002, -0.000002
0.819000, 0.000002, -0.000002
0.820000, 0.000002, -0.000002
0.821000, 0.000001, -0.000002
0.822000, 0.000001, -0.000002
0.823000, 0.000001, -0.000002
0.824000, 0.000001, -0.000002
0.825000, 0.000001, -0.000002
0.826000, 0.000001, -0.000002
0.827000, 0.000001, -0.000002
0.828000, 0.000001, -0.000002
0.829000, 0.000001, -0.000002
0.830000, 0.000001, -0.000002
0.831000, 0.000001, -0.000002
0.832000, 0.000001, -0.000002
0.833000, 0.000001, -0.000002
0.834000, 0.000001, -0.000002
0.835000, 0.000001, -0.000002
0.836000, 0.000001, -0.000002
0.837000, 0.000001, -0.000002
0.838000, 0.000001, -0.000002
0.839000, 0.000001, -0.000002
0.840000, 0.000001, -0.000002
0.841000, 0.000001, -0.000002
0.842000, 0.000001, -0.000002
0.843000, 0.000001, -0.000002
0.844000, 0.000001, -0.000002
0.845000, 0.000001, -0.000002
0.846000, 0.000001, -0.000002
0.847000, 0.000001, -0.000002
0.848000, 0.000001, -0.000002
0.849000, 0.000001, -0.000002
0.850000, 0.000001, -0.000002
0.851000, 0.000001, -0.000002
0.852000, 0.000001, -0.000002
0.853000, 0.000001, -0.000002
0.854000, 0.000001, -0.000002
0.855000, 0.000001, -0.000002
0.856000, 0.000001, -0.000002
0.857000, 0.000001, -0.000002
0.858000, 0.000001, -0.000002
0.859000, 0.000001, -0.000002
0.860000, 0.000001, -0.000002
0.861000, 0.000001, -0.000002
0.862000, 0.000001, -0.000002
0.863000, 0.000001, -0.000002
0.864000, 0.000001, -0.000002
0.865000, 0.000001, -0.000002
0.866000, 0.000001, -0.000002
0.867000, 0.000001, -0.000002
0.868000, 0.000001, -0.000002
0.869000, 0.000001, -0.000002
0.870000, 0.000001, -0.000002
0.871000, 0.000001, -0.000002
0.872000, 0.000001, -0.000002
0.873000, 0.000001, -0.000002
0.874000, 0.000001, -0.000002
0.875000, 0.000001, -0.000002
0.876000, 0.000001, -0.000002
0.877000, 0.000001, -0.000002
0.878000, 0.000001, -0.000002
0.879000, 0.000001, -0.000002
0.880000, 0.000001, -0.000002
0.881000, 0.000001, -0.000002
0.882000, 0.000001, -0.000002
0.883000, 0.000001, -0.000002
0.884000, 0.000001, -0.000002
0.885000, 0.000001, -0.000002
0.886000, 0.000001, -0.000002
0.887000, 0.000001, -0.000002
0.888000, 0.000001, -0.000002
0.889000, 0.000001, -0.000002
0.890000, 0.000001, -0.000002
0.891000, 0.000001, -0.000002
0.892000, 0.000001, -0.000002
0.893000, 0.000001, -0.000002
0.894000, 0.000001, -0.000002
0.895000, 0.000001, -0.000002
0.896000, 0.000001, -0.000002
0.897000, 0.000001, -0.000002
0.898000, 0.000001, -0.000002
0.899000, 0.000001, -0.000002
0.900000, 0.000001, -0.000002
0.901000, 0.000001, -0.000002
0.902000, 0.000001, -0.000002
0.903000, 0.000001, -0.000002
0.904000, 0.000001, -0.000002
0.905000, 0.000001, -0.000002
0.906000, 0.000001, -0.000002
0.907000, 0.000001, -0.000002
0.908000, 0.000001, -0.000002
0.909000, 0.000001, -0.000002
0.910000, 0.000001, -0.000002
0.911000, 0.000001, -0.000002
0.912000, 0.000001, -0.000002
0.913000, 0.000001, -0.000002
0.914000, 0.000001, -0.000002
0.915000, 0.000001, -0.000002
0.916000, 0.000001, -0.000002
0.917000, 0.000001, -0.000002
0.918000, 0.000001, -0.000002
0.919000, 0.000001, -0.000002
0.920000, 0.000001, -0.000002
0.921000, 0.000001, -0.000002
0.922000, 0.000001, -0.000002
0.923000, 0.000001, -0.000002
0.924000, 0.000001, -0.000002
0.925000, 0.000001, -0.000002
0.926000, 0.000001, -0.000002
0.927000, 0.000001, -0.000002
0.928000, 0.000001, -0.000002
0.929000, 0.000001, -0.000002
0.930000, 0.000001, -0.000002
0.931000, 0.000001, -0.000002
0.932000, 0.000001, -0.000002
0.933000, 0.000001, -0.000002
0.934000, 0.000001, -0.000002
0.935000, 0.000001, -0.000002
0.936000, 0.000001, -0.000002
0.937000, 0.000001, -0.000002
0.938000, 0.000001, -0.000002
0.939000, 0.000001, -0.000002
0.940000, 0.000001, -0.000002
0.941000, 0.000001, -0.000002
0.942000, 0.000001, -0.000002
0.943000, 0.000001, -0.000002
0.944000, 0.000001, -0.000001
0.945000, 0.000001, -0.000001
0.946000, 0.000001, -0.000001
0.947000, 0.000001, -0.000001
0.948000, 0.000001, -0.000001
0.949000, 0.000001, -0.000001
0.950000, 0.000001, -0.000001
0.951000, 0.000001, -0.000001
0.952000, 0.000001, -0.000001
0.953000, 0.000001, -0.000001
0.954000, 0.000001, -0.000001
0.955000, 0.000001, -0.000001
0.956000, 0.000001, -0.000001
0.957000, 0.000001, -0.000001
0.958000, 0.000001, -0.000001
0.959000, 0.000001, -0.000001
0.960000, 0.000001, -0.000001
0.961000, 0.000001, -0.000001
0.962000, 0.000001, -0.000001
0.963000, 0.000001, -0.000001
0.964000, 0.000001, -0.000001
0.965000, 0.000001, -0.000001
0.966000, 0.000001, -0.000001
0.967000, 0.000001, -0.000001
0.968000, 0.000001, -0.000001
0.969000, 0.000001, -0.000001
0.970000, 0.000001, -0.000001
0.971000, 0.000001, -0.000001
0.972000, 0.000001, -0.000001
0.973000, 0.000001, -0.000001
0.974000, 0.000001, -0.000001
0.975000, 0.000001, -0.000001
0.976000, 0.000001, -0.000001
0.977000, 0.000001, -0.000001
0.978000, 0.000001, -0.000001
0.979000, 0.000001, -0.000001
0.980000, 0.000001, -0.000001
0.981000, 0.000001, -0.000001
0.982000, 0.000001, -0.000001
0.983000, 0.000001, -0.000001
0.984000, 0.000001, -0.000001
0.985000, 0.000001, -0.000001
0.986000, 0.000001, -0.000001
0.987000, 0.000001, -0.000001
0.988000, 0.000001, -0.000001
0.989000, 0.000001, -0.000001
0.990000, 0.000001, -0.000001
0.991000, 0.000001, -0.000001
0.992000, 0.000001, -0.000001
0.993000, 0.000001, -0.000001
0.994000, 0.000001, -0.000001
0.995000, 0.000001, -0.000001
0.996000, 0.000001, -0.000001
0.997000, 0.000001, -0.000001
0.998000, 0.000001, -0.000001
0.999000, 0.000001, -0.000001
1.000000, 1.500001, -0.000001
1.001000, 1.478619, -14.254997
1.002000, 1.446256, -26.326917
1.003000, 1.404799, -36.413537
1.004000, 1.355951, -44.702963
1.005000, 1.301243, -51.373458
1.006000, 1.242039, -56.593428
1.007000, 1.179554, -60.521435
1.008000, 1.114855, -63.306179
1.009000, 1.048879, -65.086455
1.010000, 0.982435, -65.991107
1.011000, 0.916222, -66.139022
1.012000, 0.850833, -65.639214
1.013000, 0.786766, -64.591014
1.014000, 0.724435, -63.084371
1.015000, 0.664177, -61.200270
1.016000, 0.606260, -59.011230
1.017000, 0.550893, -56.581857
1.018000, 0.498230, -53.969437
1.019000, 0.448378, -51.224516
1.020000, 0.401403, -48.391477
1.021000, 0.357335, -45.509083
1.022000, 0.316173, -42.610977
1.023000, 0.277889, -39.726156
1.024000, 0.242433, -36.879394
1.025000, 0.209735, -34.091635
1.026000, 0.179711, -31.380355
1.027000, 0.152261, -28.759895
1.028000, 0.127278, -26.241767
1.029000, 0.104647, -23.834944
1.030000, 0.084245, -21.546126
1.031000, 0.065948, -19.379991
1.032000, 0.049629, -17.339429
1.033000, 0.035160, -15.425762
1.034000, 0.022414, -13.638944
1.035000, 0.011267, -11.977754
1.036000, 0.001596, -10.439968
1.037000, -0.006718, -9.022518
1.038000, -0.013789, -7.721641
1.039000, -0.019728, -6.533010
1.040000, -0.024639, -5.451856
1.041000, -0.028622, -4.473073
1.042000, -0.031773, -3.591316
1.043000, -0.034179, -2.801085
1.044000, -0.035924, -2.096799
1.045000, -0.037084, -1.472860
1.046000, -0.037734, -0.923710
1.047000, -0.037938, -0.443876
1.048000, -0.037758, -0.028012
1.049000, -0.037250, 0.329070
1.050000, -0.036466, 0.632372
1.051000, -0.035452, 0.886692
1.052000, -0.034251, 1.096604
1.053000, -0.032899, 1.266449
1.054000, -0.031432, 1.400327
1.055000, -0.029879, 1.502093
1.056000, -0.028267, 1.575354
1.057000, -0.026619, 1.623473
1.058000, -0.024957, 1.649570
1.059000, -0.023297, 1.656528
1.060000, -0.021655, 1.646999
1.061000, -0.020043, 1.623414
1.062000, -0.018473, 1.587989
1.063000, -0.016953, 1.542737
1.064000, -0.015490, 1.489476
1.065000, -0.014090, 1.429843
1.066000, -0.012757, 1.365299
1.067000, -0.011494, 1.297146
1.068000, -0.010302, 1.226534
1.069000, -0.009184, 1.154472
1.070000, -0.008138, 1.081841
1.071000, -0.007165, 1.009401
1.072000, -0.006263, 0.937803
1.073000, -0.005431, 0.867596
1.074000, -0.004666, 0.799240
1.075000, -0.003966, 0.733113
1.076000, -0.003328, 0.669515
1.077000, -0.002750, 0.608684
1.078000, -0.002228, 0.550795
1.079000, -0.001759, 0.495973
1.080000, -0.001341, 0.444295
1.081000, -0.000969, 0.395798
1.082000, -0.000641, 0.350484
1.083000, -0.000354, 0.308326
1.084000, -0.000104, 0.269270
1.085000, 0.000111, 0.233240
1.086000, 0.000294, 0.200145
1.087000, 0.000449, 0.169878
1.088000, 0.000578, 0.142319
1.089000, 0.000683, 0.117343
1.090000, 0.000766, 0.094816
1.091000, 0.000831, 0.074602
1.092000, 0.000878, 0.056561
1.093000, 0.000911, 0.040554
1.094000, 0.000930, 0.026441
1.095000, 0.000938, 0.014086
1.096000, 0.000936, 0.003354
1.097000, 0.000925, -0.005884
1.098000, 0.000908, -0.013754
1.099000, 0.000884, -0.020377
1.100000, 0.000855, -0.025868
1.101000, 0.000823, -0.030336
1.102000, 0.000787, -0.033885
1.103000, 0.000749, -0.036612
1.104000, 0.000710, -0.038608
1.105000, 0.000669, -0.039958
1.106000, 0.000628, -0.040743
1.107000, 0.000587, -0.041033
1.108000, 0.000546, -0.040898
1.109000, 0.000506, -0.040399
1.110000, 0.000467, -0.039591
1.111000, 0.000429, -0.038528
1.112000, 0.000392, -0.037254
1.113000, 0.000357, -0.035812
1.114000, 0.000323, -0.034239
1.115000, 0.000292, -0.032568
1.116000, 0.000262, -0.030830
1.117000, 0.000234, -0.029049
1.118000, 0.000207, -0.027249
1.119000, 0.000183, -0.025449
1.120000, 0.000160, -0.023667
1.121000, 0.000139, -0.021916
1.122000, 0.000119, -0.020208
1.123000, 0.000102, -0.018553
1.124000, 0.000086, -0.016959
1.125000, 0.000071, -0.015433
1.126000, 0.000058, -0.013978
1.127000, 0.000046, -0.012600
1.128000, 0.000035, -0.011299
1.129000, 0.000026, -0.010077
1.130000, 0.000017, -0.008934
1.131000, 0.000010, -0.007869
1.132000, 0.000004, -0.006882
1.133000, -0.000002, -0.005971
1.134000, -0.000007, -0.005133
1.135000, -0.000011, -0.004366
1.136000, -0.000014, -0.003667
1.137000, -0.000017, -0.003032
1.138000, -0.000019, -0.002460
1.139000, -0.000021, -0.001946
1.140000, -0.000022, -0.001486
1.141000, -0.000023, -0.001078
1.142000, -0.000023, -0.000717
1.143000, -0.000023, -0.000401
1.144000, -0.000023, -0.000127
1.145000, -0.000023, 0.000111
1.146000, -0.000023, 0.000313
1.147000, -0.000022, 0.000484
1.148000, -0.000022, 0.000626
1.149000, -0.000021, 0.000742
1.150000, -0.000020, 0.000834
1.151000, -0.000019, 0.000906
1.152000, -0.000018, 0.000959
1.153000, -0.000017, 0.000995
1.154000, -0.000016, 0.001017
1.155000, -0.000015, 0.001027
1.156000, -0.000014, 0.001025
1.157000, -0.000013, 0.001014
1.158000, -0.000012, 0.000995
1.159000, -0.000011, 0.000970
1.160000, -0.000010, 0.000939
1.161000, -0.000009, 0.000904
1.162000, -0.000008, 0.000865
1.163000, -0.000007, 0.000823
1.164000, -0.000007, 0.000780
1.165000, -0.000006, 0.000736
1.166000, -0.000005, 0.000691
1.167000, -0.000005, 0.000646
1.168000, -0.000004, 0.000601
1.169000, -0.000004, 0.000557
1.170000, -0.000003, 0.000515
1.171000, -0.000003, 0.000473
1.172000, -0.000002, 0.000433
1.173000, -0.000002, 0.000394
1.174000, -0.000001, 0.000358
1.175000, -0.000001, 0.000323
1.176000, -0.000001, 0.000290
1.177000, -0.000001, 0.000259
1.178000, -0.000000, 0.000230
1.179000, -0.000000, 0.000203
1.180000, -0.000000, 0.000178
1.181000, 0.000000, 0.000155
1.182000, 0.000000, 0.000133
1.183000, 0.000000, 0.000114
1.184000, 0.000000, 0.000096
1.185000, 0.000000, 0.000080
1.186000, 0.000001, 0.000065
1.187000, 0.000001, 0.000052
1.188000, 0.000001, 0.000040
1.189000, 0.000001, 0.000030
1.190000, 0.000001, 0.000021
1.191000, 0.000001, 0.000013
1.192000, 0.000001, 0.000005
1.193000, 0.000001, -0.000001
1.194000, 0.000001, -0.000006
1.195000, 0.000001, -0.000010
1.196000, 0.000001, -0.000014
1.197000, 0.000001, -0.000017
1.198000, 0.000001, -0.000020
1.199000, 0.000001, -0.000021
1.200000, 0.000001, -0.000023
1.201000, 0.000001, -0.000024
1.202000, 0.000000, -0.000025
1.203000, 0.000000, -0.000025
1.204000, 0.000000, -0.000025
1.205000, 0.000000, -0.000025
1.206000, 0.000000, -0.000024
1.207000, 0.000000, -0.000024
1.208000, 0.000000, -0.000023
1.209000, 0.000000, -0.000022
1.210000, 0.000000, -0.000021
1.211000, 0.000000, -0.000020
1.212000, 0.000000, -0.000019
1.213000, 0.000000, -0.000018
1.214000, 0.000000, -0.000017
1.215000, 0.000000, -0.000016
1.216000, 0.000000, -0.000015
1.217000, 0.000000, -0.000014
1.218000, 0.000000, -0.000013
1.219000, 0.000000, -0.000012
1.220000, 0.000000, -0.000011
1.221000, 0.000000, -0.000010
1.222000, 0.000000, -0.000009
1.223000, 0.000000, -0.000008
1.224000, 0.000000, -0.000007
1.225000, 0.000000, -0.000006
1.226000, 0.000000, -0.000005
1.227000, 0.000000, -0.000005
1.228000, 0.000000, -0.000004
1.229000, 0.000000, -0.000004
1.230000, 0.000000, -0.000003
1.231000, 0.000000, -0.000003
1.232000, 0.000000, -0.000002
1.233000, 0.000000, -0.000002
1.234000, 0.000000, -0.000001
1.235000, 0.000000, -0.000001
1.236000, 0.000000, -0.000001
1.237000, 0.000000, -0.000000
1.238000, 0.000000, -0.000000
1.239000, 0.000000, -0.000000
1.240000, 0.000000, 0.000000
1.241000, 0.000000, 0.000000
1.242000, 0.000000, 0.000000
1.243000, 0.000000, 0.000001
1.244000, 0.000000, 0.000001
1.245000, 0.000000, 0.000001
1.246000, 0.000000, 0.000001
1.247000, 0.000000, 0.000001
1.248000, 0.000000, 0.000001
1.249000, 0.000000, 0.000001
1.250000, 0.000000, 0.000001
1.251000, 0.000000, 0.000001
1.252000, 0.000000, 0.000001
1.253000, 0.000000, 0.000001
1.254000, 0.000000, 0.000001
1.255000, 0.000000, 0.000001
1.256000, 0.000000, 0.000001
1.257000, 0.000000, 0.000001
1.258000, 0.000000, 0.000001
1.259000, 0.000000, 0.000001
1.260000, 0.000000, 0.000001
1.261000, 0.000000, 0.000001
1.262000, 0.000000, 0.000001
1.263000, 0.000000, 0.000001
1.264000, 0.000000, 0.000001
1.265000, 0.000000, 0.000000
1.266000, 0.000000, 0.000000
1.267000, 0.000000, 0.000000
1.268000, 0.000000, 0.000000
1.269000, 0.000000, 0.000000
1.270000, 0.000000, 0.000000
1.271000, 0.000000, 0.000000
1.272000, 0.000000, 0.000000
1.273000, 0.000000, 0.000000
1.274000, 0.000000, 0.000000
1.275000, 0.000000, 0.000000
1.276000, 0.000000, 0.000000
1.277000, 0.000000, 0.000000
1.278000, 0.000000, 0.000000
1.279000, 0.000000, 0.000000
1.280000, 0.000000, 0.000000
1.281000, 0.000000, 0.000000
1.282000, 0.000000, 0.000000
1.283000, 0.000000, 0.000000
1.284000, 0.000000, 0.000000
1.285000, 0.000000, 0.000000
1.286000, 0.000000, 0.000000
1.287000, 0.000000, 0.000000
1.288000, 0.000000, 0.000000
1.289000, 0.000000, 0.000000
1.290000, 0.000000, 0.000000
1.291000, 0.000000, 0.000000
1.292000, 0.000000, 0.000000
1.293000, 0.000000, 0.000000
1.294000, 0.000000, 0.000000
1.295000, 0.000000, 0.000000
1.296000, 0.000000, 0.000000
1.297000, 0.000000, 0.000000
1.298000, 0.000000, 0.000000
1.299000, 0.000000, 0.000000
1.300000, 0.000000, 0.000000
1.301000, 0.000000, 0.000000
1.302000, 0.000000, 0.000000
1.303000, 0.000000, 0.000000
1.304000, 0.000000, 0.000000
1.305000, 0.000000, 0.000000
1.306000, 0.000000, 0.000000
1.307000, 0.000000, -0.000000
1.308000, 0.000000, -0.000000
1.309000, 0.000000, -0.000000
1.310000, 0.000000, -0.000000
1.311000, 0.000000, -0.000000
1.312000, 0.000000, -0.000000
1.313000, 0.000000, -0.000000
1.314000, 0.000000, -0.000000
1.315000, 0.000000, -0.000000
1.316000, 0.000000, -0.000000
1.317000, 0.000000, -0.000000
1.318000, 0.000000, -0.000000
1.319000, 0.000000, -0.000000
1.320000, 0.000000, -0.000000
1.321000, 0.000000, -0.000000
1.322000, 0.000000, -0.000000
1.323000, 0.000000, -0.000000
1.324000, 0.000000, -0.000000
1.325000, 0.000000, -0.000000
1.326000, 0.000000, -0.000000
1.327000, 0.000000, -0.000000
1.328000, 0.000000, -0.000000
1.329000, 0.000000, -0.000000
1.330000, 0.000000, -0.000000
1.331000, 0.000000, -0.000000
1.332000, 0.000000, -0.000000
1.333000, 0.000000, -0.000000
1.334000, 0.000000, -0.000000
1.335000, 0.000000, -0.000000
1.336000, 0.000000, -0.000000
1.337000, 0.000000, -0.000000
1.338000, 0.000000, -0.000000
1.339000, 0.000000, -0.000000
1.340000, 0.000000, -0.000000
1.341000, 0.000000, -0.000000
1.342000, 0.000000, -0.000000
1.343000, 0.000000, -0.000000
1.344000, 0.000000, -0.000000
1.345000, 0.000000, -0.000000
1.346000, 0.000000, -0.000000
1.347000, 0.000000, -0.000000
1.348000, 0.000000, -0.000000
1.349000, 0.000000, -0.000000
1.350000, 0.000000, -0.000000
1.351000, 0.000000, -0.000000
1.352000, 0.000000, -0.000000
1.353000, 0.000000, -0.000000
1.354000, 0.000000, -0.000000
1.355000, 0.000000, -0.000000
1.356000, 0.000000, -0.000000
1.357000, 0.000000, -0.000000
1.358000, 0.000000, -0.000000
1.359000, 0.000000, -0.000000
1.360000, 0.000000, -0.000000
1.361000, 0.000000, -0.000000
1.362000, 0.000000, -0.000000
1.363000, 0.000000, -0.000000
1.364000, 0.000000, -0.000000
1.365000, 0.000000, -0.000000
1.366000, 0.000000, -0.000000
1.367000, 0.000000, -0.000000
1.368000, 0.000000, -0.000000
1.369000, 0.000000, -0.000000
1.370000, 0.000000, -0.000000
1.371000, 0.000000, -0.000000
1.372000, 0.000000, -0.000000
1.373000, 0.000000, -0.000000
1.374000, 0.000000, -0.000000
1.375000, 0.000000, -0.000000
1.376000, 0.000000, -0.000000
1.377000, 0.000000, -0.000000
1.378000, 0.000000, -0.000000
1.379000, 0.000000, -0.000000
1.380000, 0.000000, -0.000000
1.381000, 0.000000, -0.000000
1.382000, 0.000000, -0.000000
1.383000, 0.000000, -0.000000
1.384000, 0.000000, -0.000000
1.385000, 0.000000, -0.000000
1.386000, 0.000000, -0.000000
1.387000, 0.000000, -0.000000
1.388000, 0.000000, -0.000000
1.389000, 0.000000, -0.000000
1.390000, 0.000000, -0.000000
1.391000, 0.000000, -0.000000
1.392000, 0.000000, -0.000000
1.393000, 0.000000, -0.000000
1.394000, 0.000000, -0.000000
1.395000, 0.000000, -0.000000
1.396000, 0.000000, -0.000000
1.397000, 0.000000, -0.000000
1.398000, 0.000000, -0.000000
1.399000, 0.000000, -0.000000
1.400000, 0.000000, -0.000000
1.401000, 0.000000, -0.000000
1.402000, 0.000000, -0.000000
1.403000, 0.000000, -0.000000
1.404000, 0.000000, -0.000000
1.405000, 0.000000, -0.000000
1.406000, 0.000000, -0.000000
1.407000, 0.000000, -0.000000
1.408000, 0.000000, -0.000000
1.409000, 0.000000, -0.000000
1.410000, 0.000000, -0.000000
1.411000, 0.000000, -0.000000
1.412000, 0.000000, -0.000000
1.413000, 0.000000, -0.000000
1.414000, 0.000000, -0.000000
1.415000, 0.000000, -0.000000
1.416000, 0.000000, -0.000000
1.417000, 0.000000, -0.000000
1.418000, 0.000000, -0.000000
1.419000, 0.000000, -0.000000
1.420000, 0.000000, -0.000000
1.421000, 0.000000, -0.000000
1.422000, 0.000000, -0.000000
1.423000, 0.000000, -0.000000
1.424000, 0.000000, -0.000000
1.425000, 0.000000, -0.000000
1.426000, 0.000000, -0.000000
1.427000, 0.000000, -0.000000
1.428000, 0.000000, -0.000000
1.429000, 0.000000, -0.000000
1.430000, 0.000000, -0.000000
1.431000, 0.000000, -0.000000
1.432000, 0.000000, -0.000000
1.433000, 0.000000, -0.000000
1.434000, 0.000000, -0.000000
1.435000, 0.000000, -0.000000
1.436000, 0.000000, -0.000000
1.437000, 0.000000, -0.000000
1.438000, 0.000000, -0.000000
1.439000, 0.000000, -0.000000
1.440000, 0.000000, -0.000000
1.441000, 0.000000, -0.000000
1.442000, 0.000000, -0.000000
1.443000, 0.000000, -0.000000
1.444000, 0.000000, -0.000000
1.445000, 0.000000, -0.000000
1.446000, 0.000000, -0.000000
1.447000, 0.000000, -0.000000
1.448000, 0.000000, -0.000000
1.449000, 0.000000, -0.000000
1.450000, 0.000000, -0.000000
1.451000, 0.000000, -0.000000
1.452000, 0.000000, -0.000000
1.453000, 0.000000, -0.000000
1.454000, 0.000000, -0.000000
1.455000, 0.000000, -0.000000
1.456000, 0.000000, -0.000000
1.457000, 0.000000, -0.000000
1.458000, 0.000000, -0.000000
1.459000, 0.000000, -0.000000
1.460000, 0.000000, -0.000000
1.461000, 0.000000, -0.000000
1.462000, 0.000000, -0.000000
1.463000, 0.000000, -0.000000
1.464000, 0.000000, -0.000000
1.465000, 0.000000, -0.000000
1.466000, 0.000000, -0.000000
1.467000, 0.000000, -0.000000
1.468000, 0.000000, -0.000000
1.469000, 0.000000, -0.000000
1.470000, 0.000000, -0.000000
1.471000, 0.000000, -0.000000
1.472000, 0.000000, -0.000000
1.473000, 0.000000, -0.000000
1.474000, 0.000000, -0.000000
1.475000, 0.000000, -0.000000
1.476000, 0.000000, -0.000000
1.477000, 0.000000, -0.000000
1.478000, 0.000000, -0.000000
1.479000, 0.000000, -0.000000
1.480000, 0.000000, -0.000000
1.481000, 0.000000, -0.000000
1.482000, 0.000000, -0.000000
1.483000, 0.000000, -0.000000
1.484000, 0.000000, -0.000000
1.485000, 0.000000, -0.000000
1.486000, 0.000000, -0.000000
1.487000, 0.000000, -0.000000
1.488000, 0.000000, -0.000000
1.489000, 0.000000, -0.000000
1.490000, 0.000000, -0.000000
1.491000, 0.000000, -0.000000
1.492000, 0.000000, -0.000000
1.493000, 0.000000, -0.000000
1.494000, 0.000000, -0.000000
1.495000, 0.000000, -0.000000
1.496000, 0.000000, -0.000000
1.497000, 0.000000, -0.000000
1.498000, 0.000000, -0.000000
1.499000, 0.000000, -0.000000
1.500000, 0.000000, -0.000000
1.501000, 0.000000, -0.000000
1.502000, 0.000000, -0.000000
1.503000, 0.000000, -0.000000
1.504000, 0.000000, -0.000000
1.505000, 0.000000, -0.000000
1.506000, 0.000000, -0.000000
1.507000, 0.000000, -0.000000
1.508000, 0.000000, -0.000000
1.509000, 0.000000, -0.000000
1.510000, 0.000000, -0.000000
1.511000, 0.000000, -0.000000
1.512000, 0.000000, -0.000000
1.513000, 0.000000, -0.000000
1.514000, 0.000000, -0.000000
1.515000, 0.000000, -0.000000
1.516000, 0.000000, -0.000000
1.517000, 0.000000, -0.000000
1.518000, 0.000000, -0.000000
1.519000, 0.000000, -0.000000
1.520000, 0.000000, -0.000000
1.521000, 0.000000, -0.000000
1.522000, 0.000000, -0.000000
1.523000, 0.000000, -0.000000
1.524000, 0.000000, -0.000000
1.525000, 0.000000, -0.000000
1.526000, 0.000000, -0.000000
1.527000, 0.000000, -0.000000
1.528000, 0.000000, -0.000000
1.529000, 0.000000, -0.000000
1.530000, 0.000000, -0.000000
1.531000, 0.000000, -0.000000
1.532000, 0.000000, -0.000000
1.533000, 0.000000, -0.000000
1.534000, 0.000000, -0.000000
1.535000, 0.000000, -0.000000
1.536000, 0.000000, -0.000000
1.537000, 0.000000, -0.000000
1.538000, 0.000000, -0.000000
1.539000, 0.000000, -0.000000
1.540000, 0.000000, -0.000000
1.541000, 0.000000, -0.000000
1.542000, 0.000000, -0.000000
1.543000, 0.000000, -0.000000
1.544000, 0.000000, -0.000000
1.545000, 0.000000, -0.000000
1.546000, 0.000000, -0.000000
1.547000, 0.000000, -0.000000
1.548000, 0.000000, -0.000000
1.549000, 0.000000, -0.000000
1.550000, 0.000000, -0.000000
1.551000, 0.000000, -0.000000
1.552000, 0.000000, -0.000000
1.553000, 0.000000, -0.000000
1.554000, 0.000000, -0.000000
1.555000, 0.000000, -0.000000
1.556000, 0.000000, -0.000000
1.557000, 0.000000, -0.000000
1.558000, 0.000000, -0.000000
1.559000, 0.000000, -0.000000
1.560000, 0.000000, -0.000000
1.561000, 0.000000, -0.000000
1.562000, 0.000000, -0.000000
1.563000, 0.000000, -0.000000
1.564000, 0.000000, -0.000000
1.565000, 0.000000, -0.000000
1.566000, 0.000000, -0.000000
1.567000, 0.000000, -0.000000
1.568000, 0.000000, -0.000000
1.569000, 0.000000, -0.000000
1.570000, 0.000000, -0.000000
1.571000, 0.000000, -0.000000
1.572000, 0.000000, -0.000000
1.573000, 0.000000, -0.000000
1.574000, 0.000000, -0.000000
1.575000, 0.000000, -0.000000
1.576000, 0.000000, -0.000000
1.577000, 0.000000, -0.000000
1.578000, 0.000000, -0.000000
1.579000, 0.000000, -0.000000
1.580000, 0.000000, -0.000000
1.581000, 0.000000, -0.000000
1.582000, 0.000000, -0.000000
1.583000, 0.000000, -0.000000
1.584000, 0.000000, -0.000000
1.585000, 0.000000, -0.000000
1.586000, 0.000000, -0.000000
1.587000, 0.000000, -0.000000
1.588000, 0.000000, -0.000000
1.589000, 0.000000, -0.000000
1.590000, 0.000000, -0.000000
1.591000, 0.000000, -0.000000
1.592000, 0.000000, -0.000000
1.593000, 0.000000, -0.000000
1.594000, 0.000000, -0.000000
1.595000, 0.000000, -0.000000
1.596000, 0.000000, -0.000000
1.597000, 0.000000, -0.000000
1.598000, 0.000000, -0.000000
1.599000, 0.000000, -0.000000
1.600000, 0.000000, -0.000000
1.601000, 0.000000, -0.000000
1.602000, 0.000000, -0.000000
1.603000, 0.000000, -0.000000
1.604000, 0.000000, -0.000000
1.605000, 0.000000, -0.000000
1.606000, 0.000000, -0.000000
1.607000, 0.000000, -0.000000
1.608000, 0.000000, -0.000000
1.609000, 0.000000, -0.000000
1.610000, 0.000000, -0.000000
1.611000, 0.000000, -0.000000
1.612000, 0.000000, -0.000000
1.613000, 0.000000, -0.000000
1.614000, 0.000000, -0.000000
1.615000, 0.000000, -0.000000
1.616000, 0.000000, -0.000000
1.617000, 0.000000, -0.000000
1.618000, 0.000000, -0.000000
1.619000, 0.000000, -0.000000
1.620000, 0.000000, -0.000000
1.621000, 0.000000, -0.000000
1.622000, 0.000000, -0.000000
1.623000, 0.000000, -0.000000
1.624000, 0.000000, -0.000000
1.625000, 0.000000, -0.000000
1.626000, 0.000000, -0.000000
1.627000, 0.000000, -0.000000
1.628000, 0.000000, -0.000000
1.629000, 0.000000, -0.000000
1.630000, 0.000000, -0.000000
1.631000, 0.000000, -0.000000
1.632000, 0.000000, -0.000000
1.633000, 0.000000, -0.000000
1.634000, 0.000000, -0.000000
1.635000, 0.000000, -0.000000
1.636000, 0.000000, -0.000000
1.637000, 0.000000, -0.000000
1.638000, 0.000000, -0.000000
1.639000, 0.000000, -0.000000
1.640000, 0.000000, -0.000000
1.641000, 0.000000, -0.000000
1.642000, 0.000000, -0.000000
1.643000, 0.000000, -0.000000
1.644000, 0.000000, -0.000000
1.645000, 0.000000, -0.000000
1.646000, 0.000000, -0.000000
1.647000, 0.000000, -0.000000
1.648000, 0.000000, -0.000000
1.649000, 0.000000, -0.000000
1.650000, 0.000000, -0.000000
1.651000, 0.000000, -0.000000
1.652000, 0.000000, -0.000000
1.653000, 0.000000, -0.000000
1.654000, 0.000000, -0.000000
1.655000, 0.000000, -0.000000
1.656000, 0.000000, -0.000000
1.657000, 0.000000, -0.000000
1.658000, 0.000000, -0.000000
1.659000, 0.000000, -0.000000
1.660000, 0.000000, -0.000000
1.661000, 0.000000, -0.000000
1.662000, 0.000000, -0.000000
1.663000, 0.000000, -0.000000
1.664000, 0.000000, -0.000000
1.665000, 0.000000, -0.000000
1.666000, 0.000000, -0.000000
1.667000, 0.000000, -0.000000
1.668000, 0.000000, -0.000000
1.669000, 0.000000, -0.000000
1.670000, 0.000000, -0.000000
1.671000, 0.000000, -0.000000
1.672000, 0.000000, -0.000000
1.673000, 0.000000, -0.000000
1.674000, 0.000000, -0.000000
1.675000, 0.000000, -0.000000
1.676000, 0.000000, -0.000000
1.677000, 0.000000, -0.000000
1.678000, 0.000000, -0.000000
1.679000, 0.000000, -0.000000
1.680000, 0.000000, -0.000000
1.681000, 0.000000, -0.000000
1.682000, 0.000000, -0.000000
1.683000, 0.000000, -0.000000
1.684000, 0.000000, -0.000000
1.685000, 0.000000, -0.000000
1.686000, 0.000000, -0.000000
1.687000, 0.000000, -0.000000
1.688000, 0.000000, -0.000000
1.689000, 0.000000, -0.000000
1.690000, 0.000000, -0.000000
1.691000, 0.000000, -0.000000
1.692000, 0.000000, -0.000000
1.693000, 0.000000, -0.000000
1.694000, 0.000000, -0.000000
1.695000, 0.000000, -0.000000
1.696000, 0.000000, -0.000000
1.697000, 0.000000, -0.000000
1.698000, 0.000000, -0.000000
1.699000, 0.000000, -0.000000
1.700000, 0.000000, -0.000000
1.701000, 0.000000, -0.000000
1.702000, 0.000000, -0.000000
1.703000, 0.000000, -0.000000
1.704000, 0.000000, -0.000000
1.705000, 0.000000, -0.000000
1.706000, 0.000000, -0.000000
1.707000, 0.000000, -0.000000
1.708000, 0.000000, -0.000000
1.709000, 0.000000, -0.000000
1.710000, 0.000000, -0.000000
1.711000, 0.000000, -0.000000
1.712000, 0.000000, -0.000000
1.713000, 0.000000, -0.000000
1.714000, 0.000000, -0.000000
1.715000, 0.000000, -0.000000
1.716000, 0.000000, -0.000000
1.717000, 0.000000, -0.000000
1.718000, 0.000000, -0.000000
1.719000, 0.000000, -0.000000
1.720000, 0.000000, -0.000000
1.721000, 0.000000, -0.000000
1.722000, 0.000000, -0.000000
1.723000, 0.000000, -0.000000
1.724000, 0.000000, -0.000000
1.725000, 0.000000, -0.000000
1.726000, 0.000000, -0.000000
1.727000, 0.000000, -0.000000
1.728000, 0.000000, -0.000000
1.729000, 0.000000, -0.000000
1.730000, 0.000000, -0.000000
1.731000, 0.000000, -0.000000
1.732000, 0.000000, -0.000000
1.733000, 0.000000, -0.000000
1.734000, 0.000000, -0.000000
1.735000, 0.000000, -0.000000
1.736000, 0.000000, -0.000000
1.737000, 0.000000, -0.000000
1.738000, 0.000000, -0.000000
1.739000, 0.000000, -0.000000
1.740000, 0.000000, -0.000000
1.741000, 0.000000, -0.000000
1.742000, 0.000000, -0.000000
1.743000, 0.000000, -0.000000
1.744000, 0.000000, -0.000000
1.745000, 0.000000, -0.000000
1.746000, 0.000000, -0.000000
1.747000, 0.000000, -0.000000
1.748000, 0.000000, -0.000000
1.749000, 0.000000, -0.000000
1.750000, 0.000000, -0.000000
1.751000, 0.000000, -0.000000
1.752000, 0.000000, -0.000000
1.753000, 0.000000, -0.000000
1.754000, 0.000000, -0.000000
1.755000, 0.000000, -0.000000
1.756000, 0.000000, -0.000000
1.757000, 0.000000, -0.000000
1.758000, 0.000000, -0.000000
1.759000, 0.000000, -0.000000
1.760000, 0.000000, -0.000000
1.761000, 0.000000, -0.000000
1.762000, 0.000000, -0.000000
1.763000, 0.000000, -0.000000
1.764000, 0.000000, -0.000000
1.765000, 0.000000, -0.000000
1.766000, 0.000000, -0.000000
1.767000, 0.000000, -0.000000
1.768000, 0.000000, -0.000000
1.769000, 0.000000, -0.000000
1.770000, 0.000000, -0.000000
1.771000, 0.000000, -0.000000
1.772000, 0.000000, -0.000000
1.773000, 0.000000, -0.000000
1.774000, 0.000000, -0.000000
1.775000, 0.000000, -0.000000
1.776000, 0.000000, -0.000000
1.777000, 0.000000, -0.000000
1.778000, 0.000000, -0.000000
1.779000, 0.000000, -0.000000
1.780000, 0.000000, -0.000000
1.781000, 0.000000, -0.000000
1.782000, 0.000000, -0.000000
1.783000, 0.000000, -0.000000
1.784000, 0.000000, -0.000000
1.785000, 0.000000, -0.000000
1.786000, 0.000000, -0.000000
1.787000, 0.000000, -0.000000
1.788000, 0.000000, -0.000000
1.789000, 0.000000, -0.000000
1.790000, 0.000000, -0.000000
1.791000, 0.000000, -0.000000
1.792000, 0.000000, -0.000000
1.793000, 0.000000, -0.000000
1.794000, 0.000000, -0.000000
1.795000, 0.000000, -0.000000
1.796000, 0.000000, -0.000000
1.797000, 0.000000, -0.000000
1.798000, 0.000000, -0.000000
1.799000, 0.000000, -0.000000
1.800000, 0.000000, -0.000000
1.801000, 0.000000, -0.000000
1.802000, 0.000000, -0.000000
1.803000, 0.000000, -0.000000
1.804000, 0.000000, -0.000000
1.805000, 0.000000, -0.000000
1.806000, 0.000000, -0.000000
1.807000, 0.000000, -0.000000
1.808000, 0.000000, -0.000000
1.809000, 0.000000, -0.000000
1.810000, 0.000000, -0.000000
1.811000, 0.000000, -0.000000
1.812000, 0.000000, -0.000000
1.813000, 0.000000, -0.000000
1.814000, 0.000000, -0.000000
1.815000, 0.000000, -0.000000
1.816000, 0.000000, -0.000000
1.817000, 0.000000, -0.000000
1.818000, 0.000000, -0.000000
1.819000, 0.000000, -0.000000
1.820000, 0.000000, -0.000000
1.821000, 0.000000, -0.000000
1.822000, 0.000000, -0.000000
1.823000, 0.000000, -0.000000
1.824000, 0.000000, -0.000000
1.825000, 0.000000, -0.000000
1.826000, 0.000000, -0.000000
1.827000, 0.000000, -0.000000
1.828000, 0.000000, -0.000000
1.829000, 0.000000, -0.000000
1.830000, 0.000000, -0.000000
1.831000, 0.000000, -0.000000
1.832000, 0.000000, -0.000000
1.833000, 0.000000, -0.000000
1.834000, 0.000000, -0.000000
1.835000, 0.000000, -0.000000
1.836000, 0.000000, -0.000000
1.837000, 0.000000, -0.000000
1.838000, 0.000000, -0.000000
1.839000, 0.000000, -0.000000
1.840000, 0.000000, -0.000000
1.841000, 0.000000, -0.000000
1.842000, 0.000000, -0.000000
1.843000, 0.000000, -0.000000
1.844000, 0.000000, -0.000000
1.845000, 0.000000, -0.000000
1.846000, 0.000000, -0.000000
1.847000, 0.000000, -0.000000
1.848000, 0.000000, -0.000000
1.849000, 0.000000, -0.000000
1.850000, 0.000000, -0.000000
1.851000, 0.000000, -0.000000
1.852000, 0.000000, -0.000000
1.853000, 0.000000, -0.000000
1.854000, 0.000000, -0.000000
1.855000, 0.000000, -0.000000
1.856000, 0.000000, -0.000000
1.857000, 0.000000, -0.000000
1.858000, 0.000000, -0.000000
1.859000, 0.000000, -0.000000
1.860000, 0.000000, -0.000000
1.861000, 0.000000, -0.000000
1.862000, 0.000000, -0.000000
1.863000, 0.000000, -0.000000
1.864000, 0.000000, -0.000000
1.865000, 0.000000, -0.000000
1.866000, 0.000000, -0.000000
1.867000, 0.000000, -0.000000
1.868000, 0.000000, -0.000000
1.869000, 0.000000, -0.000000
1.870000, 0.000000, -0.000000
1.871000, 0.000000, -0.000000
1.872000, 0.000000, -0.000000
1.873000, 0.000000, -0.000000
1.874000, 0.000000, -0.000000
1.875000, 0.000000, -0.000000
1.876000, 0.000000, -0.000000
1.877000, 0.000000, -0.000000
1.878000, 0.000000, -0.000000
1.879000, 0.000000, -0.000000
1.880000, 0.000000, -0.000000
1.881000, 0.000000, -0.000000
1.882000, 0.000000, -0.000000
1.883000, 0.000000, -0.000000
1.884000, 0.000000, -0.000000
1.885000, 0.000000, -0.000000
1.886000, 0.000000, -0.000000
1.887000, 0.000000, -0.000000
1.888000, 0.000000, -0.000000
1.889000, 0.000000, -0.000000
1.890000, 0.000000, -0.000000
1.891000, 0.000000, -0.000000
1.892000, 0.000000, -0.000000
1.893000, 0.000000, -0.000000
1.894000, 0.000000, -0.000000
1.895000, 0.000000, -0.000000
1.896000, 0.000000, -0.000000
1.897000, 0.000000, -0.000000
1.898000, 0.000000, -0.000000
1.899000, 0.000000, -0.000000
1.900000, 0.000000, -0.000000
1.901000, 0.000000, -0.000000
1.902000, 0.000000, -0.000000
1.903000, 0.000000, -0.000000
1.904000, 0.000000, -0.000000
1.905000, 0.000000, -0.000000
1.906000, 0.000000, -0.000000
1.907000, 0.000000, -0.000000
1.908000, 0.000000, -0.000000
1.909000, 0.000000, -0.000000
1.910000, 0.000000, -0.000000
1.911000, 0.000000, -0.000000
1.912000, 0.000000, -0.000000
1.913000, 0.000000, -0.000000
1.914000, 0.000000, -0.000000
1.915000, 0.000000, -0.000000
1.916000, 0.000000, -0.000000
1.917000, 0.000000, -0.000000
1.918000, 0.000000, -0.000000
1.919000, 0.000000, -0.000000
1.920000, 0.000000, -0.000000
1.921000, 0.000000, -0.000000
1.922000, 0.000000, -0.000000
1.923000, 0.000000, -0.000000
1.924000, 0.000000, -0.000000
1.925000, 0.000000, -0.000000
1.926000, 0.000000, -0.000000
1.927000, 0.000000, -0.000000
1.928000, 0.000000, -0.000000
1.929000, 0.000000, -0.000000
1.930000, 0.000000, -0.000000
1.931000, 0.000000, -0.000000
1.932000, 0.000000, -0.000000
1.933000, 0.000000, -0.000000
1.934000, 0.000000, -0.000000
1.935000, 0.000000, -0.000000
1.936000, 0.000000, -0.000000
1.937000, 0.000000, -0.000000
1.938000, 0.000000, -0.000000
1.939000, 0.000000, -0.000000
1.940000, 0.000000, -0.000000
1.941000, 0.000000, -0.000000
1.942000, 0.000000, -0.000000
1.943000, 0.000000, -0.000000
1.944000, 0.000000, -0.000000
1.945000, 0.000000, -0.000000
1.946000, 0.000000, -0.000000
1.947000, 0.000000, -0.000000
1.948000, 0.000000, -0.000000
1.949000, 0.000000, -0.000000
1.950000, 0.000000, -0.000000
1.951000, 0.000000, -0.000000
1.952000, 0.000000, -0.000000
1.953000, 0.000000, -0.000000
1.954000, 0.000000, -0.000000
1.955000, 0.000000, -0.000000
1.956000, 0.000000, -0.000000
1.957000, 0.000000, -0.000000
1.958000, 0.000000, -0.000000
1.959000, 0.000000, -0.000000
1.960000, 0.000000, -0.000000
1.961000, 0.000000, -0.000000
1.962000, 0.000000, -0.000000
1.963000, 0.000000, -0.000000
1.964000, 0.000000, -0.000000
1.965000, 0.000000, -0.000000
1.966000, 0.000000, -0.000000
1.967000, 0.000000, -0.000000
1.968000, 0.000000, -0.000000
1.969000, 0.000000, -0.000000
1.970000, 0.000000, -0.000000
1.971000, 0.000000, -0.000000
1.972000, 0.000000, -0.000000
1.973000, 0.000000, -0.000000
1.974000, 0.000000, -0.000000
1.975000, 0.000000, -0.000000
1.976000, 0.000000, -0.000000
1.977000, 0.000000, -0.000000
1.978000, 0.000000, -0.000000
1.979000, 0.000000, -0.000000
1.980000, 0.000000, -0.000000
1.981000, 0.000000, -0.000000
1.982000, 0.000000, -0.000000
1.983000, 0.000000, -0.000000
1.984000, 0.000000, -0.000000
1.985000, 0.000000, -0.000000
1.986000, 0.000000, -0.000000
1.987000, 0.000000, -0.000000
1.988000, 0.000000, -0.000000
1.989000, 0.000000, -0.000000
1.990000, 0.000000, -0.000000
1.991000, 0.000000, -0.000000
1.992000, 0.000000, -0.000000
1.993000, 0.000000, -0.000000
1.994000, 0.000000, -0.000000
1.995000, 0.000000, -0.000000
1.996000, 0.000000, -0.000000
1.997000, 0.000000, -0.000000
1.998000, 0.000000, -0.000000
1.999000, 0.000000, -0.000000
2.000000, 0.000000, -0.000000
2.001000, 1.500000, -0.000000
2.002000, 1.478839, -14.107179
2.003000, 1.446778, -26.076727
2.004000, 1.405663, -36.102003
2.005000, 1.357164, -44.366678
2.006000, 1.302781, -51.044385
2.007000, 1.243855, -56.298384
2.008000, 1.181583, -60.281402
2.009000, 1.117020, -63.135677
2.010000, 1.051098, -64.993201
2.011000, 0.984630, -65.976116
2.012000, 0.918322, -66.197210
2.013000, 0.852780, -65.760430
2.014000, 0.788519, -64.761398
2.015000, 0.725967, -63.287861
2.016000, 0.665481, -61.420095
2.017000, 0.607344, -59.231239
2.018000, 0.551779, -56.787598
2.019000, 0.498949, -54.148912
2.020000, 0.448971, -51.368624
2.021000, 0.401914, -48.494162
2.022000, 0.357810, -45.567234
2.023000, 0.316657, -42.624151
2.024000, 0.278425, -39.696180
2.025000, 0.243058, -36.809903
2.026000, 0.210482, -33.987599
2.027000, 0.180604, -31.247623
2.028000, 0.153321, -28.604788
2.029000, 0.128517, -26.070730
2.030000, 0.106071, -23.654263
2.031000, 0.085856, -21.361712
2.032000, 0.067741, -19.197223
2.033000, 0.051595, -17.163055
2.034000, 0.037287, -15.259839
2.035000, 0.024686, -13.486824
2.036000, 0.013666, -11.842093
2.037000, 0.004103, -10.322755
2.038000, -0.004123, -8.925126
2.039000, -0.011128, -7.644883
2.040000, -0.017021, -6.477200
2.041000, -0.021908, -5.416874
2.042000, -0.025887, -4.458429
2.043000, -0.029052, -3.596211
2.044000, -0.031491, -2.824469
2.045000, -0.033285, -2.137424
2.046000, -0.034510, -1.529330
2.047000, -0.035237, -0.994524
2.048000, -0.035531, -0.527466
2.049000, -0.035451, -0.122779
2.050000, -0.035053, 0.224730
2.051000, -0.034385, 0.520041
2.052000, -0.033493, 0.767910
2.053000, -0.032418, 0.972852
2.054000, -0.031196, 1.139136
2.055000, -0.029859, 1.270776
2.056000, -0.028437, 1.371537
2.057000, -0.026956, 1.444929
2.058000, -0.025437, 1.494213
2.059000, -0.023900, 1.522405
2.060000, -0.022363, 1.532286
2.061000, -0.020840, 1.526407
2.062000, -0.019342, 1.507099
2.063000, -0.017881, 1.476481
2.064000, -0.016464, 1.436475
2.065000, -0.015099, 1.388811
2.066000, -0.013791, 1.335043
2.067000, -0.012544, 1.276557
2.068000, -0.011360, 1.214584
2.069000, -0.010242, 1.150208
2.070000, -0.009191, 1.084381
2.071000, -0.008206, 1.017929
2.072000, -0.007288, 0.951567
2.073000, -0.006435, 0.885903
2.074000, -0.005645, 0.821454
2.075000, -0.004918, 0.758647
2.076000, -0.004251, 0.697834
2.077000, -0.003641, 0.639297
2.078000, -0.003086, 0.583256
2.079000, -0.002582, 0.529876
2.080000, -0.002128, 0.479272
2.081000, -0.001721, 0.431517
2.082000, -0.001357, 0.386647
2.083000, -0.001033, 0.344665
2.084000, -0.000747, 0.305546
2.085000, -0.000496, 0.269244
2.086000, -0.000277, 0.235690
2.087000, -0.000088, 0.204802
2.088000, 0.000075, 0.176483
2.089000, 0.000212, 0.150626
2.090000, 0.000328, 0.127117
2.091000, 0.000423, 0.105837
2.092000, 0.000500, 0.086662
2.093000, 0.000561, 0.069467
2.094000, 0.000607, 0.054126
2.095000, 0.000641, 0.040514
2.096000, 0.000664, 0.028507
2.097000, 0.000676, 0.017986
2.098000, 0.000681, 0.008834
2.099000, 0.000678, 0.000938
2.100000, 0.000668, -0.005811
2.101000, 0.000654, -0.011516
2.102000, 0.000635, -0.016275
2.103000, 0.000613, -0.020181
2.104000, 0.000588, -0.023322
2.105000, 0.000561, -0.025778
2.106000, 0.000533, -0.027627
2.107000, 0.000503, -0.028941
2.108000, 0.000473, -0.029783
2.109000, 0.000443, -0.030216
2.110000, 0.000412, -0.030296
2.111000, 0.000382, -0.030072
2.112000, 0.000353, -0.029591
2.113000, 0.000324, -0.028896
2.114000, 0.000297, -0.028025
2.115000, 0.000270, -0.027011
2.116000, 0.000245, -0.025886
2.117000, 0.000221, -0.024675
2.118000, 0.000198, -0.023404
2.119000, 0.000177, -0.022093
2.120000, 0.000157, -0.020760
2.121000, 0.000138, -0.019422
2.122000, 0.000120, -0.018092
2.123000, 0.000104, -0.016782
2.124000, 0.000089, -0.015501
2.125000, 0.000076, -0.014257
2.126000, 0.000063, -0.013057
2.127000, 0.000052, -0.011906
2.128000, 0.000042, -0.010808
2.129000, 0.000033, -0.009765
2.130000, 0.000024, -0.008780
2.131000, 0.000017, -0.007854
2.132000, 0.000010, -0.006986
2.133000, 0.000005, -0.006177
2.134000, -0.000001, -0.005426
2.135000, -0.000005, -0.004731
2.136000, -0.000009, -0.004092
2.137000, -0.000012, -0.003505
2.138000, -0.000015, -0.002970
2.139000, -0.000017, -0.002483
2.140000, -0.000019, -0.002043
2.141000, -0.000020, -0.001646
2.142000, -0.000021, -0.001291
2.143000, -0.000022, -0.000974
2.144000, -0.000023, -0.000693
2.145000, -0.000023, -0.000446
2.146000, -0.000023, -0.000230
2.147000, -0.000023, -0.000043
2.148000, -0.000023, 0.000119
2.149000, -0.000022, 0.000256
2.150000, -0.000022, 0.000372
2.151000, -0.000022, 0.000468
2.152000, -0.000021, 0.000546
2.153000, -0.000020, 0.000608
2.154000, -0.000020, 0.000655
2.155000, -0.000019, 0.000690
2.156000, -0.000018, 0.000714
2.157000, -0.000017, 0.000728
2.158000, -0.000017, 0.000734
2.159000, -0.000016, 0.000732
2.160000, -0.000015, 0.000724
2.161000, -0.000015, 0.000711
2.162000, -0.000014, 0.000693
2.163000, -0.000013, 0.000672
2.164000, -0.000013, 0.000648
2.165000, -0.000012, 0.000621
2.166000, -0.000011, 0.000593
2.167000, -0.000011, 0.000564
2.168000, -0.000010, 0.000534
2.169000, -0.000010, 0.000503
2.170000, -0.000009, 0.000473
2.171000, -0.000009, 0.000443
2.172000, -0.000009, 0.000413
2.173000, -0.000008, 0.000384
2.174000, -0.000008, 0.000356
2.175000, -0.000008, 0.000329
2.176000, -0.000007, 0.000303
2.177000, -0.000007, 0.000278
2.178000, -0.000007, 0.000255
2.179000, -0.000006, 0.000233
2.180000, -0.000006, 0.000212
2.181000, -0.000006, 0.000192
2.182000, -0.000006, 0.000174
2.183000, -0.000006, 0.000157
2.184000, -0.000006, 0.000141
2.185000, -0.000006, 0.000126
2.186000, -0.000005, 0.000113
2.187000, -0.000005, 0.000101
2.188000, -0.000005, 0.000090
2.189000, -0.000005, 0.000079
2.190000, -0.000005, 0.000070
2.191000, -0.000005, 0.000062
2.192000, -0.000005, 0.000055
2.193000, -0.000005, 0.000048
2.194000, -0.000005, 0.000042
2.195000, -0.000005, 0.000037
2.196000, -0.000005, 0.000032
2.197000, -0.000005, 0.000028
2.198000, -0.000005, 0.000025
2.199000, -0.000005, 0.000022
2.200000, -0.000005, 0.000019
2.201000, -0.000005, 0.000017
2.202000, -0.000005, 0.000015
2.203000, -0.000005, 0.000014
2.204000, -0.000005, 0.000013
2.205000, -0.000005, 0.000012
2.206000, -0.000005, 0.000011
2.207000, -0.000005, 0.000011
2.208000, -0.000005, 0.000010
2.209000, -0.000005, 0.000010
2.210000, -0.000005, 0.000010
2.211000, -0.000005, 0.000010
2.212000, -0.000005, 0.000010
2.213000, -0.000005, 0.000010
2.214000, -0.000005, 0.000011
2.215000, -0.000005, 0.000011
2.216000, -0.000005, 0.000011
2.217000, -0.000005, 0.000012
2.218000, -0.000005, 0.000012
2.219000, -0.000005, 0.000012
2.220000, -0.000005, 0.000013
2.221000, -0.000005, 0.000013
2.222000, -0.000005, 0.000014
2.223000, -0.000004, 0.000014
2.224000, -0.000004, 0.000014
2.225000, -0.000004, 0.000015
2.226000, -0.000004, 0.000015
2.227000, -0.000004, 0.000015
2.228000, -0.000004, 0.000015
2.229000, -0.000004, 0.000016
2.230000, -0.000004, 0.000016
2.231000, -0.000004, 0.000016
2.232000, -0.000004, 0.000016
2.233000, -0.000004, 0.000016
2.234000, -0.000004, 0.000016
2.235000, -0.000004, 0.000016
2.236000, -0.000004, 0.000017
2.237000, -0.000004, 0.000017
2.238000, -0.000004, 0.000017
2.239000, -0.000004, 0.000017
2.240000, -0.000004, 0.000017
2.241000, -0.000004, 0.000017
2.242000, -0.000004, 0.000017
2.243000, -0.000004, 0.000017
2.244000, -0.000004, 0.000016
2.245000, -0.000004, 0.000016
2.246000, -0.000004, 0.000016
2.247000, -0.000004, 0.000016
2.248000, -0.000004, 0.000016
2.249000, -0.000004, 0.000016
2.250000, -0.000004, 0.000016
2.251000, -0.000004, 0.000016
2.252000, -0.000004, 0.000016
2.253000, -0.000004, 0.000015
2.254000, -0.000004, 0.000015
2.255000, -0.000004, 0.000015
2.256000, -0.000004, 0.000015
2.257000, -0.000004, 0.000015
2.258000, -0.000004, 0.000015
2.259000, -0.000004, 0.000015
2.260000, -0.000004, 0.000015
2.261000, -0.000004, 0.000014
2.262000, -0.000004, 0.000014
2.263000, -0.000004, 0.000014
2.264000, -0.000004, 0.000014
2.265000, -0.000004, 0.000014
2.266000, -0.000004, 0.000014
2.267000, -0.000004, 0.000014
2.268000, -0.000004, 0.000013
2.269000, -0.000004, 0.000013
2.270000, -0.000004, 0.000013
2.271000, -0.000004, 0.000013
2.272000, -0.000004, 0.000013
2.273000, -0.000004, 0.000013
2.274000, -0.000004, 0.000013
2.275000, -0.000004, 0.000013
2.276000, -0.000004, 0.000012
2.277000, -0.000004, 0.000012
2.278000, -0.000004, 0.000012
2.279000, -0.000004, 0.000012
2.280000, -0.000004, 0.000012
2.281000, -0.000004, 0.000012
2.282000, -0.000004, 0.000012
2.283000, -0.000004, 0.000012
2.284000, -0.000004, 0.000012
2.285000, -0.000004, 0.000011
2.286000, -0.000004, 0.000011
2.287000, -0.000004, 0.000011
2.288000, -0.000004, 0.000011
2.289000, -0.000004, 0.000011
2.290000, -0.000004, 0.000011
2.291000, -0.000004, 0.000011
2.292000, -0.000004, 0.000011
2.293000, -0.000003, 0.000011
2.294000, -0.000003, 0.000011
2.295000, -0.000003, 0.000010
2.296000, -0.000003, 0.000010
2.297000, -0.000003, 0.000010
2.298000, -0.000003, 0.000010
2.299000, -0.000003, 0.000010
2.300000, -0.000003, 0.000010
2.301000, -0.000003, 0.000010
2.302000, -0.000003, 0.000010
2.303000, -0.000003, 0.000010
2.304000, -0.000003, 0.000010
2.305000, -0.000003, 0.000010
2.306000, -0.000003, 0.000010
2.307000, -0.000003, 0.000009
2.308000, -0.000003, 0.000009
2.309000, -0.000003, 0.000009
2.310000, -0.000003, 0.000009
2.311000, -0.000003, 0.000009
2.312000, -0.000003, 0.000009
2.313000, -0.000003, 0.000009
2.314000, -0.000003, 0.000009
2.315000, -0.000003, 0.000009
2.316000, -0.000003, 0.000009
2.317000, -0.000003, 0.000009
2.318000, -0.000003, 0.000009
2.319000, -0.000003, 0.000009
2.320000, -0.000003, 0.000009
2.321000, -0.000003, 0.000008
2.322000, -0.000003, 0.000008
2.323000, -0.000003, 0.000008
2.324000, -0.000003, 0.000008
2.325000, -0.000003, 0.000008
2.326000, -0.000003, 0.000008
2.327000, -0.000003, 0.000008
2.328000, -0.000003, 0.000008
2.329000, -0.000003, 0.000008
2.330000, -0.000003, 0.000008
2.331000, -0.000003, 0.000008
2.332000, -0.000003, 0.000008
2.333000, -0.000003, 0.000008
2.334000, -0.000003, 0.000008
2.335000, -0.000003, 0.000008
2.336000, -0.000003, 0.000008
2.337000, -0.000003, 0.000008
2.338000, -0.000003, 0.000008
2.339000, -0.000003, 0.000007
2.340000, -0.000003, 0.000007
2.341000, -0.000003, 0.000007
2.342000, -0.000003, 0.000007
2.343000, -0.000003, 0.000007
2.344000, -0.000003, 0.000007
2.345000, -0.000003, 0.000007
2.346000, -0.000003, 0.000007
2.347000, -0.000003, 0.000007
2.348000, -0.000003, 0.000007
2.349000, -0.000003, 0.000007
2.350000, -0.000003, 0.000007
2.351000, -0.000003, 0.000007
2.352000, -0.000003, 0.000007
2.353000, -0.000003, 0.000007
2.354000, -0.000003, 0.000007
2.355000, -0.000003, 0.000007
2.356000, -0.000003, 0.000007
2.357000, -0.000003, 0.000007
2.358000, -0.000003, 0.000007
2.359000, -0.000003, 0.000007
2.360000, -0.000003, 0.000006
2.361000, -0.000003, 0.000006
2.362000, -0.000003, 0.000006
2.363000, -0.000003, 0.000006
2.364000, -0.000003, 0.000006
2.365000, -0.000003, 0.000006
2.366000, -0.000003, 0.000006
2.367000, -0.000003, 0.000006
2.368000, -0.000003, 0.000006
2.369000, -0.000003, 0.000006
2.370000, -0.000003, 0.000006
2.371000, -0.000003, 0.000006
2.372000, -0.000003, 0.000006
2.373000, -0.000003, 0.000006
2.374000, -0.000003, 0.000006
2.375000, -0.000003, 0.000006
2.376000, -0.000003, 0.000006
2.377000, -0.000003, 0.000006
2.378000, -0.000003, 0.000006
2.379000, -0.000003, 0.000006
2.380000, -0.000003, 0.000006
2.381000, -0.000003, 0.000006
2.382000, -0.000003, 0.000006
2.383000, -0.000003, 0.000006
2.384000, -0.000003, 0.000006
2.385000, -0.000003, 0.000006
2.386000, -0.000003, 0.000006
2.387000, -0.000003, 0.000005
2.388000, -0.000003, 0.000005
2.389000, -0.000003, 0.000005
2.390000, -0.000003, 0.000005
2.391000, -0.000003, 0.000005
2.392000, -0.000003, 0.000005
2.393000, -0.000003, 0.000005
2.394000, -0.000003, 0.000005
2.395000, -0.000003, 0.000005
2.396000, -0.000003, 0.000005
2.397000, -0.000003, 0.000005
2.398000, -0.000003, 0.000005
2.399000, -0.000003, 0.000005
2.400000, -0.000003, 0.000005
2.401000, -0.000003, 0.000005
2.402000, -0.000003, 0.000005
2.403000, -0.000003, 0.000005
2.404000, -0.000003, 0.000005
2.405000, -0.000003, 0.000005
2.406000, -0.000003, 0.000005
2.407000, -0.000003, 0.000005
2.408000, -0.000003, 0.000005
2.409000, -0.000003, 0.000005
2.410000, -0.000003, 0.000005
2.411000, -0.000003, 0.000005
2.412000, -0.000003, 0.000005
2.413000, -0.000003, 0.000005
2.414000, -0.000003, 0.000005
2.415000, -0.000003, 0.000005
2.416000, -0.000003, 0.000005
2.417000, -0.000003, 0.000005
2.418000, -0.000003, 0.000005
2.419000, -0.000003, 0.000005
2.420000, -0.000003, 0.000005
2.421000, -0.000003, 0.000005
2.422000, -0.000003, 0.000005
2.423000, -0.000003, 0.000005
2.424000, -0.000003, 0.000005
2.425000, -0.000003, 0.000005
2.426000, -0.000003, 0.000004
2.427000, -0.000003, 0.000004
2.428000, -0.000003, 0.000004
2.429000, -0.000003, 0.000004
2.430000, -0.000003, 0.000004
2.431000, -0.000003, 0.000004
2.432000, -0.000003, 0.000004
2.433000, -0.000003, 0.000004
2.434000, -0.000003, 0.000004
2.435000, -0.000003, 0.000004
2.436000, -0.000003, 0.000004
2.437000, -0.000003, 0.000004
2.438000, -0.000003, 0.000004
2.439000, -0.000003, 0.000004
2.440000, -0.000003, 0.000004
2.441000, -0.000003, 0.000004
2.442000, -0.000003, 0.000004
2.443000, -0.000003, 0.000004
2.444000, -0.000003, 0.000004
2.445000, -0.000003, 0.000004
2.446000, -0.000003, 0.000004
2.447000, -0.000003, 0.000004
2.448000, -0.000002, 0.000004
2.449000, -0.000002, 0.000004
2.450000, -0.000002, 0.000004
2.451000, -0.000002, 0.000004
2.452000, -0.000002, 0.000004
2.453000, -0.000002, 0.000004
2.454000, -0.000002, 0.000004
2.455000, -0.000002, 0.000004
2.456000, -0.000002, 0.000004
2.457000, -0.000002, 0.000004
2.458000, -0.000002, 0.000004
2.459000, -0.000002, 0.000004
2.460000, -0.000002, 0.000004
2.461000, -0.000002, 0.000004
2.462000, -0.000002, 0.000004
2.463000, -0.000002, 0.000004
2.464000, -0.000002, 0.000004
2.465000, -0.000002, 0.000004
2.466000, -0.000002, 0.000004
2.467000, -0.000002, 0.000004
2.468000, -0.000002, 0.000004
2.469000, -0.000002, 0.000004
2.470000, -0.000002, 0.000004
2.471000, -0.000002, 0.000004
2.472000, -0.000002, 0.000004
2.473000, -0.000002, 0.000004
2.474000, -0.000002, 0.000004
2.475000, -0.000002, 0.000004
2.476000, -0.000002, 0.000004
2.477000, -0.000002, 0.000004
2.478000, -0.000002, 0.000004
2.479000, -0.000002, 0.000004
2.480000, -0.000002, 0.000004
2.481000, -0.000002, 0.000004
2.482000, -0.000002, 0.000004
2.483000, -0.000002, 0.000004
2.484000, -0.000002, 0.000004
2.485000, -0.000002, 0.000004
2.486000, -0.000002, 0.000004
2.487000, -0.000002, 0.000004
2.488000, -0.000002, 0.000004
2.489000, -0.000002, 0.000003
2.490000, -0.000002, 0.000003
2.491000, -0.000002, 0.000003
2.492000, -0.000002, 0.000003
2.493000, -0.000002, 0.000003
2.494000, -0.000002, 0.000003
2.495000, -0.000002, 0.000003
2.496000, -0.000002, 0.000003
2.497000, -0.000002, 0.000003
2.498000, -0.000002, 0.000003
2.499000, -0.000002, 0.000003
2.500000, -0.000002, 0.000003
2.501000, -0.000002, 0.000003
2.502000, -0.000002, 0.000003
2.503000, -0.000002, 0.000003
2.504000, -0.000002, 0.000003
2.505000, -0.000002, 0.000003
2.506000, -0.000002, 0.000003
2.507000, -0.000002, 0.000003
2.508000, -0.000002, 0.000003
2.509000, -0.000002, 0.000003
2.510000, -0.000002, 0.000003
2.511000, -0.000002, 0.000003
2.512000, -0.000002, 0.000003
2.513000, -0.000002, 0.000003
2.514000, -0.000002, 0.000003
2.515000, -0.000002, 0.000003
2.516000, -0.000002, 0.000003
2.517000, -0.000002, 0.000003
2.518000, -0.000002, 0.000003
2.519000, -0.000002, 0.000003
2.520000, -0.000002, 0.000003
2.521000, -0.000002, 0.000003
2.522000, -0.000002, 0.000003
2.523000, -0.000002, 0.000003
2.524000, -0.000002, 0.000003
2.525000, -0.000002, 0.000003
2.526000, -0.000002, 0.000003
2.527000, -0.000002, 0.000003
2.528000, -0.000002, 0.000003
2.529000, -0.000002, 0.000003
2.530000, -0.000002, 0.000003
2.531000, -0.000002, 0.000003
2.532000, -0.000002, 0.000003
2.533000, -0.000002, 0.000003
2.534000, -0.000002, 0.000003
2.535000, -0.000002, 0.000003
2.536000, -0.000002, 0.000003
2.537000, -0.000002, 0.000003
2.538000, -0.000002, 0.000003
2.539000, -0.000002, 0.000003
2.540000, -0.000002, 0.000003
2.541000, -0.000002, 0.000003
2.542000, -0.000002, 0.000003
2.543000, -0.000002, 0.000003
2.544000, -0.000002, 0.000003
2.545000, -0.000002, 0.000003
2.546000, -0.000002, 0.000003
2.547000, -0.000002, 0.000003
2.548000, -0.000002, 0.000003
2.549000, -0.000002, 0.000003
2.550000, -0.000002, 0.000003
2.551000, -0.000002, 0.000003
2.552000, -0.000002, 0.000003
2.553000, -0.000002, 0.000003
2.554000, -0.000002, 0.000003
2.555000, -0.000002, 0.000003
2.556000, -0.000002, 0.000003
2.557000, -0.000002, 0.000003
2.558000, -0.000002, 0.000003
2.559000, -0.000002, 0.000003
2.560000, -0.000002, 0.000003
2.561000, -0.000002, 0.000003
2.562000, -0.000002, 0.000003
2.563000, -0.000002, 0.000003
2.564000, -0.000002, 0.000003
2.565000, -0.000002, 0.000003
2.566000, -0.000002, 0.000003
2.567000, -0.000002, 0.000003
2.568000, -0.000002, 0.000003
2.569000, -0.000002, 0.000003
2.570000, -0.000002, 0.000003
2.571000, -0.000002, 0.000003
2.572000, -0.000002, 0.000003
2.573000, -0.000002, 0.000003
2.574000, -0.000002, 0.000003
2.575000, -0.000002, 0.000003
2.576000, -0.000002, 0.000003
2.577000, -0.000002, 0.000003
2.578000, -0.000002, 0.000003
2.579000, -0.000002, 0.000003
2.580000, -0.000002, 0.000003
2.581000, -0.000002, 0.000003
2.582000, -0.000002, 0.000003
2.583000, -0.000002, 0.000003
2.584000, -0.000002, 0.000003
2.585000, -0.000002, 0.000003
2.586000, -0.000002, 0.000003
2.587000, -0.000002, 0.000003
2.588000, -0.000002, 0.000003
2.589000, -0.000002, 0.000003
2.590000, -0.000002, 0.000003
2.591000, -0.000002, 0.000003
2.592000, -0.000002, 0.000003
2.593000, -0.000002, 0.000003
2.594000, -0.000002, 0.000003
2.595000, -0.000002, 0.000003
2.596000, -0.000002, 0.000003
2.597000, -0.000002, 0.000003
2.598000, -0.000002, 0.000003
2.599000, -0.000002, 0.000003
2.600000, -0.000002, 0.000003
2.601000, -0.000002, 0.000003
2.602000, -0.000002, 0.000003
2.603000, -0.000002, 0.000003
2.604000, -0.000002, 0.000003
2.605000, -0.000002, 0.000003
2.606000, -0.000002, 0.000003
2.607000, -0.000002, 0.000003
2.608000, -0.000002, 0.000003
2.609000, -0.000002, 0.000003
2.610000, -0.000002, 0.000003
2.611000, -0.000002, 0.000003
2.612000, -0.000002, 0.000003
2.613000, -0.000002, 0.000003
2.614000, -0.000002, 0.000003
2.615000, -0.000002, 0.000003
2.616000, -0.000002, 0.000002
2.617000, -0.000002, 0.000002
2.618000, -0.000002, 0.000002
2.619000, -0.000002, 0.000002
2.620000, -0.000002, 0.000002
2.621000, -0.000002, 0.000002
2.622000, -0.000002, 0.000002
2.623000, -0.000002, 0.000002
2.624000, -0.000002, 0.000002
2.625000, -0.000002, 0.000002
2.626000, -0.000002, 0.000002
2.627000, -0.000002, 0.000002
2.628000, -0.000002, 0.000002
2.629000, -0.000002, 0.000002
2.630000, -0.000002, 0.000002
2.631000, -0.000002, 0.000002
2.632000, -0.000002, 0.000002
2.633000, -0.000002, 0.000002
2.634000, -0.000002, 0.000002
2.635000, -0.000002, 0.000002
2.636000, -0.000002, 0.000002
2.637000, -0.000002, 0.000002
2.638000, -0.000002, 0.000002
2.639000, -0.000002, 0.000002
2.640000, -0.000002, 0.000002
2.641000, -0.000002, 0.000002
2.642000, -0.000002, 0.000002
2.643000, -0.000002, 0.000002
2.644000, -0.000002, 0.000002
2.645000, -0.000002, 0.000002
2.646000, -0.000002, 0.000002
2.647000, -0.000002, 0.000002
2.648000, -0.000002, 0.000002
2.649000, -0.000002, 0.000002
2.650000, -0.000002, 0.000002
2.651000, -0.000002, 0.000002
2.652000, -0.000002, 0.000002
2.653000, -0.000002, 0.000002
2.654000, -0.000002, 0.000002
2.655000, -0.000002, 0.000002
2.656000, -0.000002, 0.000002
2.657000, -0.000002, 0.000002
2.658000, -0.000002, 0.000002
2.659000, -0.000002, 0.000002
2.660000, -0.000002, 0.000002
2.661000, -0.000002, 0.000002
2.662000, -0.000002, 0.000002
2.663000, -0.000002, 0.000002
2.664000, -0.000002, 0.000002
2.665000, -0.000002, 0.000002
2.666000, -0.000002, 0.000002
2.667000, -0.000002, 0.000002
2.668000, -0.000002, 0.000002
2.669000, -0.000002, 0.000002
2.670000, -0.000002, 0.000002
2.671000, -0.000002, 0.000002
2.672000, -0.000002, 0.000002
2.673000, -0.000002, 0.000002
2.674000, -0.000002, 0.000002
2.675000, -0.000002, 0.000002
2.676000, -0.000002, 0.000002
2.677000, -0.000002, 0.000002
2.678000, -0.000002, 0.000002
2.679000, -0.000002, 0.000002
2.680000, -0.000002, 0.000002
2.681000, -0.000002, 0.000002
2.682000, -0.000002, 0.000002
2.683000, -0.000002, 0.000002
2.684000, -0.000002, 0.000002
2.685000, -0.000002, 0.000002
2.686000, -0.000002, 0.000002
2.687000, -0.000002, 0.000002
2.688000, -0.000002, 0.000002
2.689000, -0.000002, 0.000002
2.690000, -0.000002, 0.000002
2.691000, -0.000002, 0.000002
2.692000, -0.000002, 0.000002
2.693000, -0.000002, 0.000002
2.694000, -0.000002, 0.000002
2.695000, -0.000002, 0.000002
2.696000, -0.000002, 0.000002
2.697000, -0.000002, 0.000002
2.698000, -0.000002, 0.000002
2.699000, -0.000002, 0.000002
2.700000, -0.000002, 0.000002
2.701000, -0.000002, 0.000002
2.702000, -0.000002, 0.000002
2.703000, -0.000002, 0.000002
2.704000, -0.000002, 0.000002
2.705000, -0.000002, 0.000002
2.706000, -0.000002, 0.000002
2.707000, -0.000002, 0.000002
2.708000, -0.000002, 0.000002
2.709000, -0.000002, 0.000002
2.710000, -0.000002, 0.000002
2.711000, -0.000002, 0.000002
2.712000, -0.000002, 0.000002
2.713000, -0.000002, 0.000002
2.714000, -0.000002, 0.000002
2.715000, -0.000002, 0.000002
2.716000, -0.000002, 0.000002
2.717000, -0.000002, 0.000002
2.718000, -0.000002, 0.000002
2.719000, -0.000002, 0.000002
2.720000, -0.000002, 0.000002
2.721000, -0.000002, 0.000002
2.722000, -0.000002, 0.000002
2.723000, -0.000002, 0.000002
2.724000, -0.000002, 0.000002
2.725000, -0.000002, 0.000002
2.726000, -0.000002, 0.000002
2.727000, -0.000002, 0.000002
2.728000, -0.000002, 0.000002
2.729000, -0.000002, 0.000002
2.730000, -0.000002, 0.000002
2.731000, -0.000002, 0.000002
2.732000, -0.000002, 0.000002
2.733000, -0.000002, 0.000002
2.734000, -0.000002, 0.000002
2.735000, -0.000002, 0.000002
2.736000, -0.000002, 0.000002
2.737000, -0.000002, 0.000002
2.738000, -0.000002, 0.000002
2.739000, -0.000002, 0.000002
2.740000, -0.000002, 0.000002
2.741000, -0.000002, 0.000002
2.742000, -0.000002, 0.000002
2.743000, -0.000002, 0.000002
2.744000, -0.000002, 0.000002
2.745000, -0.000002, 0.000002
2.746000, -0.000002, 0.000002
2.747000, -0.000002, 0.000002
2.748000, -0.000002, 0.000002
2.749000, -0.000002, 0.000002
2.750000, -0.000002, 0.000002
2.751000, -0.000002, 0.000002
2.752000, -0.000002, 0.000002
2.753000, -0.000002, 0.000002
2.754000, -0.000002, 0.000002
2.755000, -0.000002, 0.000002
2.756000, -0.000002, 0.000002
2.757000, -0.000002, 0.000002
2.758000, -0.000002, 0.000002
2.759000, -0.000002, 0.000002
2.760000, -0.000002, 0.000002
2.761000, -0.000002, 0.000002
2.762000, -0.000002, 0.000002
2.763000, -0.000002, 0.000002
2.764000, -0.000002, 0.000002
2.765000, -0.000002, 0.000002
2.766000, -0.000002, 0.000002
2.767000, -0.000002, 0.000002
2.768000, -0.000002, 0.000002
2.769000, -0.000002, 0.000002
2.770000, -0.000002, 0.000002
2.771000, -0.000002, 0.000002
2.772000, -0.000002, 0.000002
2.773000, -0.000002, 0.000002
2.774000, -0.000002, 0.000002
2.775000, -0.000002, 0.000002
2.776000, -0.000002, 0.000002
2.777000, -0.000002, 0.000002
2.778000, -0.000002, 0.000002
2.779000, -0.000002, 0.000002
2.780000, -0.000002, 0.000002
2.781000, -0.000002, 0.000002
2.782000, -0.000002, 0.000002
2.783000, -0.000002, 0.000002
2.784000, -0.000002, 0.000002
2.785000, -0.000002, 0.000002
2.786000, -0.000002, 0.000002
2.787000, -0.000002, 0.000002
2.788000, -0.000002, 0.000002
2.789000, -0.000002, 0.000002
2.790000, -0.000002, 0.000002
2.791000, -0.000002, 0.000002
2.792000, -0.000002, 0.000002
2.793000, -0.000002, 0.000002
2.794000, -0.000002, 0.000002
2.795000, -0.000002, 0.000002
2.796000, -0.000002, 0.000002
2.797000, -0.000002, 0.000002
2.798000, -0.000002, 0.000002
2.799000, -0.000002, 0.000002
2.800000, -0.000002, 0.000002
2.801000, -0.000002, 0.000002
2.802000, -0.000002, 0.000002
2.803000, -0.000002, 0.000002
2.804000, -0.000002, 0.000002
2.805000, -0.000002, 0.000002
2.806000, -0.000002, 0.000002
2.807000, -0.000002, 0.000002
2.808000, -0.000002, 0.000002
2.809000, -0.000002, 0.000002
2.810000, -0.000002, 0.000002
2.811000, -0.000002, 0.000002
2.812000, -0.000002, 0.000002
2.813000, -0.000002, 0.000002
2.814000, -0.000002, 0.000002
2.815000, -0.000002, 0.000002
2.816000, -0.000002, 0.000002
2.817000, -0.000002, 0.000002
2.818000, -0.000002, 0.000002
2.819000, -0.000002, 0.000002
2.820000, -0.000002, 0.000002
2.821000, -0.000002, 0.000002
2.822000, -0.000002, 0.000002
2.823000, -0.000002, 0.000002
2.824000, -0.000002, 0.000002
2.825000, -0.000002, 0.000002
2.826000, -0.000002, 0.000002
2.827000, -0.000002, 0.000002
2.828000, -0.000002, 0.000002
2.829000, -0.000002, 0.000002
2.830000, -0.000002, 0.000002
2.831000, -0.000002, 0.000002
2.832000, -0.000002, 0.000002
2.833000, -0.000002, 0.000002
2.834000, -0.000002, 0.000002
2.835000, -0.000002, 0.000002
2.836000, -0.000002, 0.000002
2.837000, -0.000002, 0.000002
2.838000, -0.000002, 0.000002
2.839000, -0.000002, 0.000002
2.840000, -0.000002, 0.000002
2.841000, -0.000002, 0.000002
2.842000, -0.000002, 0.000002
2.843000, -0.000002, 0.000002
2.844000, -0.000002, 0.000002
2.845000, -0.000002, 0.000002
2.846000, -0.000002, 0.000002
2.847000, -0.000001, 0.000002
2.848000, -0.000001, 0.000002
2.849000, -0.000001, 0.000002
2.850000, -0.000001, 0.000002
2.851000, -0.000001, 0.000002
2.852000, -0.000001, 0.000002
2.853000, -0.000001, 0.000002
2.854000, -0.000001, 0.000002
2.855000, -0.000001, 0.000002
2.856000, -0.000001, 0.000002
2.857000, -0.000001, 0.000002
2.858000, -0.000001, 0.000002
2.859000, -0.000001, 0.000002
2.860000, -0.000001, 0.000002
2.861000, -0.000001, 0.000002
2.862000, -0.000001, 0.000002
2.863000, -0.000001, 0.000002
2.864000, -0.0000