time,base_err
0.000000,3.779729
0.001000,3.781264
0.002000,3.783111
0.003000,3.785146
0.004000,3.787305
0.005000,3.789556
0.006000,3.791881
0.007000,3.794270
0.008000,3.796719
0.009000,3.799224
0.010000,3.801782
0.011000,3.804392
0.012000,3.807053
0.013000,3.809762
0.014000,3.812520
0.015000,3.815324
0.016000,3.818175
0.017000,3.821070
0.018000,3.824009
0.019000,3.826990
0.020000,3.830014
0.021000,3.833079
0.022000,3.836185
0.023000,3.839329
0.024000,3.842513
0.025000,3.845734
0.026000,3.848993
0.027000,3.852288
0.028000,3.855619
0.029000,3.858985
0.030000,3.862385
0.031000,3.865819
0.032000,3.869286
0.033000,3.872786
0.034000,3.876317
0.035000,3.879880
0.036000,3.883474
0.037000,3.887098
0.038000,3.890751
0.039000,3.894434
0.040000,3.898145
0.041000,3.901884
0.042000,3.905650
0.043000,3.909444
0.044000,3.913264
0.045000,3.917110
0.046000,3.920982
0.047000,3.924879
0.048000,3.928801
0.049000,3.932747
0.050000,3.936717
0.051000,3.940710
0.052000,3.944726
0.053000,3.948765
0.054000,3.952825
0.055000,3.956908
0.056000,3.961011
0.057000,3.965136
0.058000,3.969281
0.059000,3.973447
0.060000,3.977632
0.061000,3.981836
0.062000,3.986060
0.063000,3.990302
0.064000,3.994562
0.065000,3.998841
0.066000,4.003137
0.067000,4.007450
0.068000,4.011780
0.069000,4.016127
0.070000,4.020490
0.071000,4.024869
0.072000,4.029264
0.073000,4.033674
0.074000,4.038099
0.075000,4.042538
0.076000,4.046992
0.077000,4.051460
0.078000,4.055941
0.079000,4.060436
0.080000,4.064944
0.081000,4.069465
0.082000,4.073999
0.083000,4.078545
0.084000,4.083102
0.085000,4.087672
0.086000,4.092253
0.087000,4.096845
0.088000,4.101448
0.089000,4.106061
0.090000,4.110685
0.091000,4.115319
0.092000,4.119963
0.093000,4.124617
0.094000,4.129279
0.095000,4.133951
0.096000,4.138632
0.097000,4.143321
0.098000,4.148019
0.099000,4.152724
0.100000,4.157438
0.101000,1.413266
0.102000,1.415882
0.103000,3.872449
0.104000,3.876652
0.105000,3.881147
0.106000,3.885800
0.107000,3.890543
0.108000,3.895342
0.109000,3.900180
0.110000,3.905046
0.111000,3.909937
0.112000,3.914848
0.113000,3.919778
0.114000,3.924726
0.115000,3.929691
0.116000,3.934671
0.117000,3.939667
0.118000,3.944676
0.119000,3.949700
0.120000,3.954736
0.121000,3.959785
0.122000,3.964846
0.123000,3.969919
0.124000,3.975002
0.125000,3.980096
0.126000,3.985200
0.127000,3.990314
0.128000,3.995437
0.129000,4.000568
0.130000,4.005709
0.131000,4.010857
0.132000,4.016013
0.133000,4.021177
0.134000,4.026347
0.135000,4.031524
0.136000,4.036708
0.137000,4.041898
0.138000,4.047094
0.139000,4.052296
0.140000,4.057503
0.141000,4.062715
0.142000,4.067931
0.143000,4.073153
0.144000,4.078378
0.145000,4.083608
0.146000,4.088842
0.147000,4.094079
0.148000,4.099319
0.149000,4.104563
0.150000,4.109810
0.151000,4.115059
0.152000,4.120312
0.153000,4.125566
0.154000,4.130823
0.155000,4.136081
0.156000,4.141342
0.157000,4.146604
0.158000,4.151867
0.159000,4.157132
0.160000,4.162397
0.161000,4.167664
0.162000,4.172931
0.163000,4.178199
0.164000,4.183467
0.165000,4.188735
0.166000,4.194003
0.167000,4.199272
0.168000,4.204540
0.169000,4.209807
0.170000,4.215074
0.171000,4.220340
0.172000,4.225605
0.173000,4.230869
0.174000,4.236132
0.175000,4.241394
0.176000,4.246654
0.177000,4.251912
0.178000,4.257169
0.179000,4.262424
0.180000,4.267677
0.181000,4.272927
0.182000,4.278175
0.183000,4.283421
0.184000,4.288665
0.185000,4.293905
0.186000,4.299143
0.187000,4.304378
0.188000,4.309609
0.189000,4.314838
0.190000,4.320063
0.191000,4.325285
0.192000,4.330503
0.193000,4.335718
0.194000,4.340929
0.195000,4.346136
0.196000,4.351339
0.197000,4.356538
0.198000,4.361732
0.199000,4.366923
0.200000,4.372109
0.201000,4.377290
0.202000,4.382467
0.203000,4.387639
0.204000,4.490981
0.205000,4.496157
0.206000,4.501319
0.207000,4.506464
0.208000,4.511593
0.209000,4.516705
0.210000,4.521802
0.211000,4.526883
0.212000,4.531950
0.213000,4.537003
0.214000,4.542043
0.215000,4.547070
0.216000,4.552086
0.217000,4.557090
0.218000,4.562082
0.219000,4.567064
0.220000,4.572036
0.221000,4.576997
0.222000,4.581948
0.223000,4.586889
0.224000,4.591821
0.225000,4.596743
0.226000,4.601656
0.227000,4.606559
0.228000,4.611454
0.229000,4.616339
0.230000,4.621216
0.231000,4.626083
0.232000,4.630942
0.233000,4.635791
0.234000,4.640632
0.235000,4.645464
0.236000,4.650288
0.237000,4.655102
0.238000,4.659908
0.239000,4.664705
0.240000,4.669493
0.241000,4.674272
0.242000,4.679042
0.243000,4.683804
0.244000,4.688556
0.245000,4.693300
0.246000,4.698035
0.247000,4.702761
0.248000,4.707478
0.249000,4.712185
0.250000,4.716884
0.251000,4.721574
0.252000,4.726255
0.253000,4.730926
0.254000,4.735588
0.255000,4.740241
0.256000,4.744885
0.257000,4.749520
0.258000,4.754145
0.259000,4.758761
0.260000,4.763368
0.261000,4.767965
0.262000,4.772553
0.263000,4.777132
0.264000,4.781700
0.265000,4.786260
0.266000,4.790810
0.267000,4.795350
0.268000,4.799881
0.269000,4.804402
0.270000,4.808914
0.271000,4.813416
0.272000,4.817908
0.273000,4.822390
0.274000,4.826863
0.275000,4.831326
0.276000,4.835779
0.277000,4.840222
0.278000,4.844656
0.279000,4.849080
0.280000,4.853493
0.281000,4.857897
0.282000,4.862291
0.283000,4.866675
0.284000,4.871050
0.285000,4.875414
0.286000,4.879768
0.287000,4.884112
0.288000,4.888446
0.289000,4.892771
0.290000,4.897085
0.291000,4.901389
0.292000,4.905683
0.293000,4.909967
0.294000,4.914240
0.295000,4.918504
0.296000,4.922758
0.297000,4.927001
0.298000,4.931234
0.299000,4.935457
0.300000,4.939670
0.301000,4.943873
0.302000,4.948066
0.303000,4.952248
0.304000,4.956420
0.305000,5.647805
0.306000,5.651543
0.307000,5.655188
0.308000,5.658773
0.309000,5.662315
0.310000,5.665821
0.311000,5.669296
0.312000,5.672742
0.313000,5.676161
0.314000,5.679553
0.315000,5.682920
0.316000,5.686262
0.317000,5.689579
0.318000,5.692872
0.319000,5.696141
0.320000,5.699386
0.321000,5.702609
0.322000,5.705808
0.323000,5.708985
0.324000,5.712139
0.325000,5.715272
0.326000,5.718382
0.327000,5.721472
0.328000,5.724539
0.329000,5.727586
0.330000,5.730612
0.331000,5.733618
0.332000,5.736603
0.333000,5.739568
0.334000,5.742513
0.335000,5.745438
0.336000,5.748344
0.337000,5.751230
0.338000,5.754097
0.339000,5.756945
0.340000,5.759774
0.341000,5.762585
0.342000,5.765377
0.343000,5.768150
0.344000,5.770905
0.345000,5.773642
0.346000,5.776361
0.347000,5.779062
0.348000,5.781746
0.349000,5.784412
0.350000,5.787061
0.351000,5.789692
0.352000,5.792306
0.353000,5.794904
0.354000,5.797484
0.355000,5.800048
0.356000,5.802595
0.357000,5.805125
0.358000,5.807640
0.359000,5.810138
0.360000,5.812619
0.361000,5.815085
0.362000,5.817535
0.363000,5.819969
0.364000,5.822388
0.365000,5.824791
0.366000,5.827178
0.367000,5.829550
0.368000,5.831907
0.369000,5.834249
0.370000,5.836576
0.371000,5.838888
0.372000,5.841185
0.373000,-0.439718
0.374000,-4.953490
0.375000,-4.952388
0.376000,-4.951516
0.377000,-4.950785
0.378000,-4.950149
0.379000,-4.949587
0.380000,-4.949088
0.381000,-4.948646
0.382000,-4.948259
0.383000,-4.947924
0.384000,-4.947641
0.385000,-4.947407
0.386000,-4.947221
0.387000,-4.947083
0.388000,-4.946990
0.389000,-4.946941
0.390000,-4.946936
0.391000,-4.946973
0.392000,-4.947050
0.393000,-4.947168
0.394000,-4.947324
0.395000,-4.947519
0.396000,-4.947752
0.397000,-4.948021
0.398000,-4.948328
0.399000,-4.948670
0.400000,-4.949048
0.401000,-4.949461
0.402000,-4.949909
0.403000,-4.950391
0.404000,-4.950908
0.405000,-4.951459
0.406000,-4.952043
0.407000,-4.952660
0.408000,-4.953311
0.409000,-4.953994
0.410000,-4.954710
0.411000,-4.955458
0.412000,-4.956237
0.413000,-4.957048
0.414000,1.325295
0.415000,2.207996
0.416000,2.206668
0.417000,2.205208
0.418000,2.203647
0.419000,2.202003
0.420000,2.200284
0.421000,2.198498
0.422000,2.196649
0.423000,2.194739
0.424000,2.192771
0.425000,2.190747
0.426000,2.188669
0.427000,2.186540
0.428000,2.184360
0.429000,2.182132
0.430000,2.179856
0.431000,2.177535
0.432000,2.175169
0.433000,2.172760
0.434000,2.170309
0.435000,2.167817
0.436000,2.165285
0.437000,2.162714
0.438000,2.160105
0.439000,2.157459
0.440000,2.154777
0.441000,2.152059
0.442000,2.149306
0.443000,2.146519
0.444000,2.143699
0.445000,2.140846
0.446000,2.137960
0.447000,2.135043
0.448000,2.132095
0.449000,2.129117
0.450000,2.126109
0.451000,2.123071
0.452000,2.120005
0.453000,2.116910
0.454000,2.113787
0.455000,2.110637
0.456000,2.107460
0.457000,2.104256
0.458000,2.101026
0.459000,2.097771
0.460000,2.094490
0.461000,2.091185
0.462000,2.087855
0.463000,2.084502
0.464000,2.081124
0.465000,2.077724
0.466000,2.074301
0.467000,2.070855
0.468000,2.067388
0.469000,2.063898
0.470000,2.060388
0.471000,2.056856
0.472000,2.053304
0.473000,2.049732
0.474000,2.046140
0.475000,2.042528
0.476000,2.038898
0.477000,2.035248
0.478000,2.031580
0.479000,2.027894
0.480000,2.024190
0.481000,2.020468
0.482000,2.016729
0.483000,2.012974
0.484000,2.009202
0.485000,2.005413
0.486000,2.001609
0.487000,1.997789
0.488000,1.993954
0.489000,1.990104
0.490000,1.986239
0.491000,1.982360
0.492000,1.978466
0.493000,1.974559
0.494000,1.970638
0.495000,1.966704
0.496000,1.962756
0.497000,1.958796
0.498000,1.954824
0.499000,1.950839
0.500000,1.946843
0.501000,1.942835
0.502000,1.938815
0.503000,1.934784
0.504000,1.930742
0.505000,1.926690
0.506000,1.922627
0.507000,1.918555
0.508000,1.914472
0.509000,1.910380
0.510000,1.906278
0.511000,1.902167
0.512000,1.898047
0.513000,1.893918
0.514000,1.889781
0.515000,1.885636
0.516000,4.630376
0.517000,4.628426
0.518000,4.626905
0.519000,4.625636
0.520000,4.624529
0.521000,4.623540
0.522000,4.622645
0.523000,4.621831
0.524000,4.621092
0.525000,4.620422
0.526000,4.619821
0.527000,4.619285
0.528000,4.618813
0.529000,4.618403
0.530000,4.618056
0.531000,4.617768
0.532000,4.617540
0.533000,4.617370
0.534000,4.617257
0.535000,4.617200
0.536000,4.617198
0.537000,4.617250
0.538000,4.617355
0.539000,4.617512
0.540000,4.617721
0.541000,4.617980
0.542000,4.618288
0.543000,4.618645
0.544000,4.619050
0.545000,4.619502
0.546000,4.620001
0.547000,4.620545
0.548000,4.621133
0.549000,4.621766
0.550000,4.622442
0.551000,4.623161
0.552000,4.623922
0.553000,4.624724
0.554000,4.625567
0.555000,4.626450
0.556000,4.627373
0.557000,4.628335
0.558000,4.629335
0.559000,4.630373
0.560000,4.631448
0.561000,4.632560
0.562000,4.633708
0.563000,4.634892
0.564000,4.636111
0.565000,4.637365
0.566000,4.638653
0.567000,4.639974
0.568000,4.641329
0.569000,4.642717
0.570000,4.644137
0.571000,4.645589
0.572000,4.647072
0.573000,4.648586
0.574000,4.650131
0.575000,4.651707
0.576000,4.653311
0.577000,4.654946
0.578000,4.656609
0.579000,4.658301
0.580000,4.660020
0.581000,4.661768
0.582000,4.663543
0.583000,4.665345
0.584000,4.667173
0.585000,4.669028
0.586000,4.670909
0.587000,4.672815
0.588000,4.674746
0.589000,4.676702
0.590000,4.678683
0.591000,4.680688
0.592000,4.682716
0.593000,4.684768
0.594000,4.686843
0.595000,4.688941
0.596000,4.691061
0.597000,4.693203
0.598000,4.695367
0.599000,4.697553
0.600000,4.699759
0.601000,4.701987
0.602000,4.704235
0.603000,4.706503
0.604000,4.708792
0.605000,4.711100
0.606000,4.713427
0.607000,4.715773
0.608000,4.718138
0.609000,4.720521
0.610000,4.722923
0.611000,4.725343
0.612000,4.727780
0.613000,4.730234
0.614000,4.732706
0.615000,4.735195
0.616000,4.737699
0.617000,1.598628
0.618000,1.599205
0.619000,1.599414
0.620000,1.599410
0.621000,1.599271
0.622000,1.599035
0.623000,1.598724
0.624000,1.598349
0.625000,1.597915
0.626000,1.597427
0.627000,1.596886
0.628000,1.596295
0.629000,1.595655
0.630000,1.594967
0.631000,1.594233
0.632000,1.593452
0.633000,1.592627
0.634000,1.591759
0.635000,1.590847
0.636000,1.589894
0.637000,1.588899
0.638000,1.587864
0.639000,1.586790
0.640000,1.585677
0.641000,1.584526
0.642000,1.583338
0.643000,1.582113
0.644000,1.580853
0.645000,1.579557
0.646000,1.578227
0.647000,1.576862
0.648000,1.575465
0.649000,1.574035
0.650000,1.572572
0.651000,1.571078
0.652000,1.569553
0.653000,3.335143
0.654000,3.336329
0.655000,3.338046
0.656000,3.340071
0.657000,3.342290
0.658000,3.344644
0.659000,3.347104
0.660000,3.349654
0.661000,3.352284
0.662000,3.354988
0.663000,3.357764
0.664000,3.360607
0.665000,3.363517
0.666000,3.366491
0.667000,3.369528
0.668000,3.372625
0.669000,3.375781
0.670000,3.378996
0.671000,3.382266
0.672000,3.385592
0.673000,3.388972
0.674000,3.392405
0.675000,3.395889
0.676000,3.399423
0.677000,3.403007
0.678000,3.406639
0.679000,3.410318
0.680000,3.414043
0.681000,3.417813
0.682000,3.421628
0.683000,3.425486
0.684000,3.429386
0.685000,3.433328
0.686000,3.437311
0.687000,3.441334
0.688000,3.445396
0.689000,3.449496
0.690000,3.453635
0.691000,3.457810
0.692000,3.462022
0.693000,3.466269
0.694000,3.470551
0.695000,3.474868
0.696000,3.479218
0.697000,3.483602
0.698000,3.488017
0.699000,3.492465
0.700000,3.496944
0.701000,3.501454
0.702000,3.505993
0.703000,3.510563
0.704000,3.515161
0.705000,3.519788
0.706000,3.524443
0.707000,3.529125
0.708000,3.533834
0.709000,3.538570
0.710000,3.543332
0.711000,3.548119
0.712000,3.552932
0.713000,3.557769
0.714000,3.562630
0.715000,3.567514
0.716000,3.572422
0.717000,3.577353
0.718000,3.582306
0.719000,-2.695905
0.720000,-2.690908
0.721000,-2.685891
0.722000,-2.680853
0.723000,-2.675794
0.724000,-2.670716
0.725000,-2.665618
0.726000,-2.660502
0.727000,-2.655366
0.728000,-2.650212
0.729000,-2.645041
0.730000,-2.639851
0.731000,-2.634645
0.732000,-2.629422
0.733000,-2.624182
0.734000,-2.618926
0.735000,-2.613655
0.736000,-2.608368
0.737000,-2.603065
0.738000,-2.597749
0.739000,-2.592417
0.740000,-2.587072
0.741000,-2.581713
0.742000,-2.576340
0.743000,-2.570955
0.744000,-2.565557
0.745000,-2.560146
0.746000,-2.554723
0.747000,-2.549288
0.748000,-2.543841
0.749000,-2.538384
0.750000,-2.532915
0.751000,-2.527436
0.752000,-2.521946
0.753000,-2.516446
0.754000,-3.001811
0.755000,-2.996139
0.756000,-2.990407
0.757000,-2.984623
0.758000,-2.978795
0.759000,-2.972928
0.760000,-2.967024
0.761000,-2.961086
0.762000,-2.955116
0.763000,-2.949116
0.764000,-2.943087
0.765000,-2.937032
0.766000,-2.930951
0.767000,-2.924846
0.768000,-2.918718
0.769000,-2.912568
0.770000,-2.906397
0.771000,-2.900206
0.772000,-2.893996
0.773000,-2.887769
0.774000,-2.881524
0.775000,-2.875263
0.776000,-2.868988
0.777000,-2.862697
0.778000,-2.856393
0.779000,-2.850077
0.780000,-2.843747
0.781000,-2.837407
0.782000,-0.294089
0.783000,-0.335427
0.784000,-0.374334
0.785000,-0.411059
0.786000,-0.445876
0.787000,-0.477015
0.788000,-0.505719
0.789000,-0.532363
0.790000,-0.557264
0.791000,-0.580694
0.792000,-0.601346
0.793000,-0.620173
0.794000,-0.637464
0.795000,-0.653459
0.796000,-0.668362
0.797000,-0.681270
0.798000,-0.692859
0.799000,-0.703338
0.800000,-0.712883
0.801000,-0.721641
0.802000,-0.729036
0.803000,-0.735520
0.804000,-0.741237
0.805000,-0.746309
0.806000,-0.750838
0.807000,-0.754464
0.808000,-0.757481
0.809000,-0.759985
0.810000,-0.762057
0.811000,-0.763767
0.812000,-0.764836
0.813000,-0.765479
0.814000,-0.765765
0.815000,-0.765749
0.816000,-0.765480
0.817000,-0.764775
0.818000,-0.763779
0.819000,-0.762537
0.820000,-0.761089
0.821000,-0.759468
0.822000,-0.757626
0.823000,-0.755625
0.824000,-0.753489
0.825000,-0.751240
0.826000,-0.748895
0.827000,-0.746397
0.828000,-0.743794
0.829000,-0.741102
0.830000,-0.738337
0.831000,-0.735510
0.832000,-0.732593
0.833000,-0.729614
0.834000,-0.726582
0.835000,-0.723506
0.836000,-0.720393
0.837000,-0.717212
0.838000,-0.713985
0.839000,-0.710721
0.840000,-0.707424
0.841000,-0.704101
0.842000,-0.700793
0.843000,-0.697484
0.844000,-0.694176
0.845000,-0.690866
0.846000,-0.687557
0.847000,-0.684211
0.848000,-0.680845
0.849000,-0.677464
0.850000,-0.674070
0.851000,-0.670664
0.852000,-0.667286
0.853000,-0.663919
0.854000,-0.660560
0.855000,-0.657210
0.856000,-0.653865
0.857000,-0.650526
0.858000,-0.647192
0.859000,-0.643861
0.860000,-0.640533
0.861000,-0.637208
0.862000,-0.633885
0.863000,-0.630564
0.864000,-0.627245
0.865000,-0.623926
0.866000,-0.620609
0.867000,-0.617292
0.868000,-0.613977
0.869000,-0.610661
0.870000,-0.607346
0.871000,-0.604032
0.872000,-0.600754
0.873000,-0.597496
0.874000,-0.594253
0.875000,-0.591023
0.876000,-0.587804
0.877000,-0.584632
0.878000,-0.581485
0.879000,-0.578361
0.880000,-0.575256
0.881000,-0.572166
0.882000,-0.569126
0.883000,-0.566116
0.884000,-0.563131
0.885000,-0.560166
0.886000,-0.557219
0.887000,-0.554287
0.888000,-0.551367
0.889000,-0.548457
0.890000,-0.545556
0.891000,-0.542662
0.892000,-0.539774
0.893000,-0.536891
0.894000,-0.534012
0.895000,-0.531136
0.896000,-0.528264
0.897000,-0.525467
0.898000,-0.522710
0.899000,-0.519986
0.900000,-0.517289
0.901000,-0.514616
0.902000,-0.511962
0.903000,-0.509324
0.904000,-0.506700
0.905000,-0.504087
0.906000,-0.501484
0.907000,-0.498889
0.908000,-0.496301
0.909000,-0.493718
0.910000,-0.491140
0.911000,-0.488565
0.912000,-0.485994
0.913000,-0.483426
0.914000,-0.480859
0.915000,-0.478294
0.916000,-0.475731
0.917000,-0.473206
0.918000,-0.470700
0.919000,-0.468210
0.920000,-0.465734
0.921000,-0.463270
0.922000,-0.460852
0.923000,-0.458460
0.924000,-0.456091
0.925000,-0.453741
0.926000,-0.451407
0.927000,-0.449085
0.928000,-0.446775
0.929000,-0.444474
0.930000,-0.442181
0.931000,-0.439894
0.932000,-0.437612
0.933000,-0.435335
0.934000,-0.433062
0.935000,-0.430791
0.936000,-0.428523
0.937000,-0.426294
0.938000,-0.424085
0.939000,-0.421894
0.940000,-0.419716
0.941000,-0.417550
0.942000,-0.415395
0.943000,-0.413247
0.944000,-0.411107
0.945000,-0.408972
0.946000,-0.406843
0.947000,-0.404754
0.948000,-0.402687
0.949000,-0.400638
0.950000,-0.398605
0.951000,-0.396585
0.952000,-0.394575
0.953000,-0.392575
0.954000,-0.390582
0.955000,-0.388596
0.956000,-0.386615
0.957000,-0.384638
0.958000,-0.382665
0.959000,-0.380694
0.960000,-0.378727
0.961000,-0.376761
0.962000,-0.374797
0.963000,-0.372834
0.964000,-0.370872
0.965000,-0.368911
0.966000,-0.366951
0.967000,-0.365028
0.968000,-0.363123
0.969000,-0.361235
0.970000,-0.359360
0.971000,-0.357497
0.972000,-0.355642
0.973000,-0.353796
0.974000,-0.351956
0.975000,-0.350121
0.976000,-0.348291
0.977000,-0.346501
0.978000,-0.344733
0.979000,-0.342984
0.980000,-0.341250
0.981000,-0.339528
0.982000,-0.337855
0.983000,-0.336209
0.984000,-0.334586
0.985000,-0.332983
0.986000,-0.331396
0.987000,-0.329823
0.988000,-0.328261
0.989000,-0.326709
0.990000,-0.325165
0.991000,-0.323628
0.992000,-0.322096
0.993000,-0.320569
0.994000,-0.319046
0.995000,-0.317526
0.996000,-0.316009
0.997000,-0.314494
0.998000,-0.312981
0.999000,-0.311469
1.000000,-0.309959
1.001000,-0.308449
1.002000,-0.306940
1.003000,-0.305432
1.004000,-0.303924
1.005000,-0.302417
1.006000,-0.300909
1.007000,-0.299402
1.008000,-0.297895
1.009000,-0.296388
1.010000,-0.294880
1.011000,-0.293373
1.012000,-0.291865
1.013000,-0.290358
1.014000,-0.288850
1.015000,-0.287342
1.016000,-0.285834
1.017000,-0.284362
1.018000,-0.282909
1.019000,-0.281471
1.020000,-0.280047
1.021000,-0.278633
1.022000,-0.277228
1.023000,-0.275831
1.024000,-0.274440
1.025000,-0.273055
1.026000,-0.271674
1.027000,-0.270297
1.028000,-0.268923
1.029000,-0.267551
1.030000,-0.266182
1.031000,-0.264814
1.032000,-0.263448
1.033000,-0.262083
1.034000,-0.260719
1.035000,-0.259355
1.036000,-0.257992
1.037000,-0.256630
1.038000,-0.255268
1.039000,-0.253906
1.040000,-0.252544
1.041000,-0.251182
1.042000,-0.249895
1.043000,-0.248644
1.044000,-0.247425
1.045000,-0.246232
1.046000,-0.245061
1.047000,-0.243909
1.048000,-0.242773
1.049000,-0.241650
1.050000,-0.240537
1.051000,-0.239435
1.052000,-0.238376
1.053000,-0.237343
1.054000,-0.236331
1.055000,-0.235337
1.056000,-0.234358
1.057000,-0.233391
1.058000,-0.232435
1.059000,-0.231488
1.060000,-0.230548
1.061000,-0.229615
1.062000,-0.228686
1.063000,-0.227762
1.064000,-0.226842
1.065000,-0.225924
1.066000,-0.225010
1.067000,-0.224097
1.068000,-0.223186
1.069000,-0.222276
1.070000,-0.221367
1.071000,-0.220460
1.072000,-0.219553
1.073000,-0.218647
1.074000,-0.217741
1.075000,-0.216835
1.076000,-0.215930
1.077000,-0.215025
1.078000,-0.214120
1.079000,-0.213216
1.080000,-0.212311
1.081000,-0.211406
1.082000,-0.210501
1.083000,-0.209596
1.084000,-0.208691
1.085000,-0.207786
1.086000,-0.206881
1.087000,-0.205976
1.088000,-0.205070
1.089000,-0.204165
1.090000,-0.203259
1.091000,-0.202353
1.092000,-0.201447
1.093000,-0.200541
1.094000,-0.199635
1.095000,-0.198728
1.096000,-0.197821
1.097000,-0.196914
1.098000,-0.196007
1.099000,-0.195100
1.100000,-0.194193
1.101000,-0.193285
1.102000,-0.192377
1.103000,-0.191469
1.104000,-0.190561
1.105000,-0.189653
1.106000,-0.188744
1.107000,-0.187836
1.108000,-0.186927
1.109000,-0.186018
1.110000,-0.185109
1.111000,-0.184200
1.112000,-0.183290
1.113000,-0.182381
1.114000,-0.181471
1.115000,-0.180561
1.116000,-0.179651
1.117000,-0.178741
1.118000,-0.177831
1.119000,-0.176920
1.120000,-0.176010
1.121000,-0.175099
1.122000,-0.174188
1.123000,-0.173277
1.124000,-0.172366
1.125000,-0.171454
1.126000,-0.170543
1.127000,-0.169631
1.128000,-0.168720
1.129000,-0.167808
1.130000,-0.166896
1.131000,-0.165984
1.132000,-0.165108
1.133000,-0.164251
1.134000,-0.163410
1.135000,-0.162582
1.136000,-0.161764
1.137000,-0.160957
1.138000,-0.160156
1.139000,-0.159363
1.140000,-0.158575
1.141000,-0.157791
1.142000,-0.157012
1.143000,-0.156235
1.144000,-0.155462
1.145000,-0.154690
1.146000,-0.153921
1.147000,-0.153153
1.148000,-0.152386
1.149000,-0.151621
1.150000,-0.150856
1.151000,-0.150092
1.152000,-0.149329
1.153000,-0.148566
1.154000,-0.147804
1.155000,-0.147042
1.156000,-0.146280
1.157000,-0.145592
1.158000,-0.144942
1.159000,-0.144323
1.160000,-0.143730
1.161000,-0.143160
1.162000,-0.142609
1.163000,-0.142073
1.164000,-0.141551
1.165000,-0.141040
1.166000,-0.140539
1.167000,-0.140045
1.168000,-0.139558
1.169000,-0.139077
1.170000,-0.138600
1.171000,-0.138128
1.172000,-0.137585
1.173000,-0.137007
1.174000,-0.136400
1.175000,-0.135769
1.176000,-0.135117
1.177000,-0.134448
1.178000,-0.133764
1.179000,-0.133068
1.180000,-0.132361
1.181000,-0.131645
1.182000,-0.131032
1.183000,-0.130469
1.184000,-0.129948
1.185000,-0.129462
1.186000,-0.129005
1.187000,-0.128574
1.188000,-0.128163
1.189000,-0.127770
1.190000,-0.127392
1.191000,-0.127027
1.192000,-0.126635
1.193000,-0.126234
1.194000,-0.125824
1.195000,-0.125408
1.196000,-0.124985
1.197000,-0.124558
1.198000,-0.124126
1.199000,-0.123691
1.200000,-0.123252
1.201000,-0.122812
1.202000,-0.122369
1.203000,-0.121924
1.204000,-0.121477
1.205000,-0.121030
1.206000,-0.120581
1.207000,-0.120131
1.208000,-0.119681
1.209000,-0.119229
1.210000,-0.118777
1.211000,-0.118325
1.212000,-0.117909
1.213000,-0.117511
1.214000,-0.117128
1.215000,-0.116759
1.216000,-0.116400
1.217000,-0.116014
1.218000,-0.115616
1.219000,-0.115210
1.220000,-0.114795
1.221000,-0.114375
1.222000,-0.113948
1.223000,-0.113517
1.224000,-0.113082
1.225000,-0.112643
1.226000,-0.112202
1.227000,-0.111721
1.228000,-0.111220
1.229000,-0.110701
1.230000,-0.110168
1.231000,-0.109622
1.232000,-0.109140
1.233000,-0.108686
1.234000,-0.108256
1.235000,-0.107846
1.236000,-0.107453
1.237000,-0.107075
1.238000,-0.106708
1.239000,-0.106352
1.240000,-0.106004
1.241000,-0.105663
1.242000,-0.105329
1.243000,-0.104999
1.244000,-0.104674
1.245000,-0.104352
1.246000,-0.104034
1.247000,-0.103717
1.248000,-0.103403
1.249000,-0.103091
1.250000,-0.102781
1.251000,-0.102471
1.252000,-0.102163
1.253000,-0.101855
1.254000,-0.101549
1.255000,-0.101242
1.256000,-0.100937
1.257000,-0.100631
1.258000,-0.100326
1.259000,-0.100022
1.260000,-0.099717
1.261000,-0.099413
1.262000,-0.099072
1.263000,-0.098712
1.264000,-0.098337
1.265000,-0.097949
1.266000,-0.097550
1.267000,-0.097178
1.268000,-0.096816
1.269000,-0.096464
1.270000,-0.096120
1.271000,-0.095781
1.272000,-0.095412
1.273000,-0.095028
1.274000,-0.094632
1.275000,-0.094227
1.276000,-0.093813
1.277000,-0.093428
1.278000,-0.093056
1.279000,-0.092695
1.280000,-0.092343
1.281000,-0.091998
1.282000,-0.091660
1.283000,-0.091327
1.284000,-0.090999
1.285000,-0.090674
1.286000,-0.090352
1.287000,-0.090033
1.288000,-0.089717
1.289000,-0.089402
1.290000,-0.089089
1.291000,-0.088777
1.292000,-0.088466
1.293000,-0.088156
1.294000,-0.087847
1.295000,-0.087539
1.296000,-0.087231
1.297000,-0.086924
1.298000,-0.086617
1.299000,-0.086310
1.300000,-0.086004
1.301000,-0.085698
1.302000,-0.085392
1.303000,-0.085086
1.304000,-0.084780
1.305000,-0.084474
1.306000,-0.084169
1.307000,-0.083863
1.308000,-0.083557
1.309000,-0.083252
1.310000,-0.082946
1.311000,-0.082641
1.312000,-0.082335
1.313000,-0.082030
1.314000,-0.081724
1.315000,-0.081419
1.316000,-0.081113
1.317000,-0.080808
1.318000,-0.080502
1.319000,-0.080197
1.320000,-0.079891
1.321000,-0.079585
1.322000,-0.079280
1.323000,-0.078974
1.324000,-0.078668
1.325000,-0.078363
1.326000,-0.078057
1.327000,-0.077751
1.328000,-0.077445
1.329000,-0.077139
1.330000,-0.076833
1.331000,-0.076528
1.332000,-0.076222
1.333000,-0.075916
1.334000,-0.075610
1.335000,-0.075304
1.336000,-0.074998
1.337000,-0.074692
1.338000,-0.074385
1.339000,-0.074079
1.340000,-0.073773
1.341000,-0.073467
1.342000,-0.073161
1.343000,-0.072855
1.344000,-0.072548
1.345000,-0.072242
1.346000,-0.071936
1.347000,-0.071630
1.348000,-0.071323
1.349000,-0.071017
1.350000,-0.070710
1.351000,-0.070404
1.352000,-0.070098
1.353000,-0.069791
1.354000,-0.069485
1.355000,-0.069178
1.356000,-0.068872
1.357000,-0.068565
1.358000,-0.068259
1.359000,-0.067952
1.360000,-0.067646
1.361000,-0.067339
1.362000,-0.067032
1.363000,-0.066726
1.364000,-0.066419
1.365000,-0.066112
1.366000,-0.065806
1.367000,-0.065499
1.368000,-0.065192
1.369000,-0.064886
1.370000,-0.064579
1.371000,-0.064272
1.372000,-0.063965
1.373000,-0.063659
1.374000,-0.063352
1.375000,-0.063045
1.376000,-0.062738
1.377000,-0.062431
1.378000,-0.062124
1.379000,-0.061817
1.380000,-0.061510
1.381000,-0.061204
1.382000,-0.060897
1.383000,-0.060590
1.384000,-0.060283
1.385000,-0.059976
1.386000,-0.059669
1.387000,-0.059362
1.388000,-0.059055
1.389000,-0.058748
1.390000,-0.058441
1.391000,-0.058134
1.392000,-0.057826
1.393000,-0.057519
1.394000,-0.057212
1.395000,-0.056905
1.396000,-0.056598
1.397000,-0.056291
1.398000,-0.055984
1.399000,-0.055677
1.400000,-0.055369
1.401000,-0.055062
1.402000,-0.054755
1.403000,-0.054448
1.404000,-0.054141
1.405000,-0.053834
1.406000,-0.053526
1.407000,-0.053219
1.408000,-0.052912
1.409000,-0.052605
1.410000,-0.052297
1.411000,-0.051990
1.412000,-0.051683
1.413000,-0.051375
1.414000,-0.051068
1.415000,-0.050761
1.416000,-0.050454
1.417000,-0.050146
1.418000,-0.049839
1.419000,-0.049532
1.420000,-0.049224
1.421000,-0.048917
1.422000,-0.048609
1.423000,-0.048302
1.424000,-0.047995
1.425000,-0.047687
1.426000,-0.047380
1.427000,-0.047073
1.428000,-0.046765
1.429000,-0.046458
1.430000,-0.046150
1.431000,-0.045843
1.432000,-0.045572
1.433000,-0.045320
1.434000,-0.045084
1.435000,-0.044861
1.436000,-0.044649
1.437000,-0.044447
1.438000,-0.044252
1.439000,-0.044064
1.440000,-0.043882
1.441000,-0.043704
1.442000,-0.043494
1.443000,-0.043268
1.444000,-0.043029
1.445000,-0.042780
1.446000,-0.042521
1.447000,-0.042255
1.448000,-0.041982
1.449000,-0.041704
1.450000,-0.041421
1.451000,-0.041134
1.452000,-0.040955
1.453000,-0.040828
1.454000,-0.040747
1.455000,-0.040703
1.456000,-0.040691
1.457000,-0.040631
1.458000,-0.040558
1.459000,-0.040472
1.460000,-0.040375
1.461000,-0.040270
1.462000,-0.040120
1.463000,-0.039945
1.464000,-0.039750
1.465000,-0.039537
1.466000,-0.039309
1.467000,-0.039179
1.468000,-0.039094
1.469000,-0.039047
1.470000,-0.039033
1.471000,-0.039045
1.472000,-0.038970
1.473000,-0.038859
1.474000,-0.038716
1.475000,-0.038547
1.476000,-0.038357
1.477000,-0.038185
1.478000,-0.038015
1.479000,-0.037849
1.480000,-0.037684
1.481000,-0.037522
1.482000,-0.037361
1.483000,-0.037201
1.484000,-0.037042
1.485000,-0.036884
1.486000,-0.036727
1.487000,-0.036607
1.488000,-0.036507
1.489000,-0.036423
1.490000,-0.036352
1.491000,-0.036293
1.492000,-0.036243
1.493000,-0.036202
1.494000,-0.036167
1.495000,-0.036138
1.496000,-0.036114
1.497000,-0.036021
1.498000,-0.035893
1.499000,-0.035738
1.500000,-0.035558
1.501000,-0.035358
1.502000,-0.035177
1.503000,-0.035001
1.504000,-0.034829
1.505000,-0.034659
1.506000,-0.034493
1.507000,-0.034328
1.508000,-0.034165
1.509000,-0.034003
1.510000,-0.033843
1.511000,-0.033684
1.512000,-0.033563
1.513000,-0.033461
1.514000,-0.033375
1.515000,-0.033303
1.516000,-0.033243
1.517000,-0.033229
1.518000,-0.033242
1.519000,-0.033278
1.520000,-0.033333
1.521000,-0.033404
1.522000,-0.033415
1.523000,-0.033400
1.524000,-0.033363
1.525000,-0.033308
1.526000,-0.033237
1.527000,-0.033117
1.528000,-0.032966
1.529000,-0.032791
1.530000,-0.032595
1.531000,-0.032381
1.532000,-0.032189
1.533000,-0.032003
1.534000,-0.031822
1.535000,-0.031646
1.536000,-0.031473
1.537000,-0.031303
1.538000,-0.031135
1.539000,-0.030970
1.540000,-0.030806
1.541000,-0.030644
1.542000,-0.030521
1.543000,-0.030416
1.544000,-0.030329
1.545000,-0.030255
1.546000,-0.030194
1.547000,-0.030179
1.548000,-0.030191
1.549000,-0.030226
1.550000,-0.030280
1.551000,-0.030350
1.552000,-0.030360
1.553000,-0.030344
1.554000,-0.030307
1.555000,-0.030251
1.556000,-0.030180
1.557000,-0.030096
1.558000,-0.030001
1.559000,-0.029897
1.560000,-0.029784
1.561000,-0.029666
1.562000,-0.029505
1.563000,-0.029320
1.564000,-0.029116
1.565000,-0.028895
1.566000,-0.028661
1.567000,-0.028415
1.568000,-0.028158
1.569000,-0.027894
1.570000,-0.027622
1.571000,-0.027345
1.572000,-0.027172
1.573000,-0.027052
1.574000,-0.026975
1.575000,-0.026935
1.576000,-0.026926
1.577000,-0.026980
1.578000,-0.027074
1.579000,-0.027203
1.580000,-0.027360
1.581000,-0.027542
1.582000,-0.027633
1.583000,-0.027686
1.584000,-0.027707
1.585000,-0.027700
1.586000,-0.027670
1.587000,-0.027583
1.588000,-0.027462
1.589000,-0.027311
1.590000,-0.027135
1.591000,-0.026938
1.592000,-0.026723
1.593000,-0.026494
1.594000,-0.026251
1.595000,-0.025999
1.596000,-0.025737
1.597000,-0.025578
1.598000,-0.025469
1.599000,-0.025402
1.600000,-0.025370
1.601000,-0.025367
1.602000,-0.025353
1.603000,-0.025341
1.604000,-0.025331
1.605000,-0.025323
1.606000,-0.025316
1.607000,-0.025273
1.608000,-0.025213
1.609000,-0.025139
1.610000,-0.025051
1.611000,-0.024954
1.612000,-0.024847
1.613000,-0.024733
1.614000,-0.024612
1.615000,-0.024487
1.616000,-0.024356
1.617000,-0.024259
1.618000,-0.024177
1.619000,-0.024109
1.620000,-0.024051
1.621000,-0.024002
1.622000,-0.023962
1.623000,-0.023927
1.624000,-0.023899
1.625000,-0.023875
1.626000,-0.023855
1.627000,-0.023801
1.628000,-0.023731
1.629000,-0.023649
1.630000,-0.023555
1.631000,-0.023451
1.632000,-0.023340
1.633000,-0.023221
1.634000,-0.023097
1.635000,-0.022969
1.636000,-0.022836
1.637000,-0.022736
1.638000,-0.022653
1.639000,-0.022583
1.640000,-0.022524
1.641000,-0.022474
1.642000,-0.022469
1.643000,-0.022489
1.644000,-0.022531
1.645000,-0.022591
1.646000,-0.022666
1.647000,-0.022680
1.648000,-0.022667
1.649000,-0.022633
1.650000,-0.022579
1.651000,-0.022510
1.652000,-0.022427
1.653000,-0.022333
1.654000,-0.022229
1.655000,-0.022117
1.656000,-0.021999
1.657000,-0.021838
1.658000,-0.021654
1.659000,-0.021450
1.660000,-0.021229
1.661000,-0.020994
1.662000,-0.020858
1.663000,-0.020768
1.664000,-0.020717
1.665000,-0.020698
1.666000,-0.020707
1.667000,-0.020739
1.668000,-0.020790
1.669000,-0.020858
1.670000,-0.020940
1.671000,-0.021033
1.672000,-0.021026
1.673000,-0.020971
1.674000,-0.020876
1.675000,-0.020748
1.676000,-0.020591
1.677000,-0.020409
1.678000,-0.020208
1.679000,-0.019989
1.680000,-0.019757
1.681000,-0.019512
1.682000,-0.019404
1.683000,-0.019362
1.684000,-0.019376
1.685000,-0.019436
1.686000,-0.019536
1.687000,-0.019632
1.688000,-0.019738
1.689000,-0.019852
1.690000,-0.019972
1.691000,-0.020098
1.692000,-0.020118
1.693000,-0.020086
1.694000,-0.020010
1.695000,-0.019898
1.696000,-0.019755
1.697000,-0.019585
1.698000,-0.019393
1.699000,-0.019183
1.700000,-0.018957
1.701000,-0.018718
1.702000,-0.018541
1.703000,-0.018393
1.704000,-0.018267
1.705000,-0.018162
1.706000,-0.018073
1.707000,-0.018072
1.708000,-0.018120
1.709000,-0.018209
1.710000,-0.018334
1.711000,-0.018488
1.712000,-0.018592
1.713000,-0.018681
1.714000,-0.018755
1.715000,-0.018818
1.716000,-0.018872
1.717000,-0.018843
1.718000,-0.018770
1.719000,-0.018660
1.720000,-0.018518
1.721000,-0.018350
1.722000,-0.018159
1.723000,-0.017950
1.724000,-0.017725
1.725000,-0.017487
1.726000,-0.017237
1.727000,-0.017051
1.728000,-0.016895
1.729000,-0.016763
1.730000,-0.016653
1.731000,-0.016559
1.732000,-0.016554
1.733000,-0.016599
1.734000,-0.016686
1.735000,-0.016808
1.736000,-0.016960
1.737000,-0.017063
1.738000,-0.017150
1.739000,-0.017223
1.740000,-0.017285
1.741000,-0.017338
1.742000,-0.017308
1.743000,-0.017235
1.744000,-0.017124
1.745000,-0.016982
1.746000,-0.016813
1.747000,-0.016659
1.748000,-0.016505
1.749000,-0.016351
1.750000,-0.016197
1.751000,-0.016042
1.752000,-0.015962
1.753000,-0.015918
1.754000,-0.015906
1.755000,-0.015920
1.756000,-0.015957
1.757000,-0.015975
1.758000,-0.015991
1.759000,-0.016004
1.760000,-0.016015
1.761000,-0.016025
1.762000,-0.015959
1.763000,-0.015855
1.764000,-0.015719
1.765000,-0.015555
1.766000,-0.015368
1.767000,-0.015236
1.768000,-0.015124
1.769000,-0.015030
1.770000,-0.014951
1.771000,-0.014885
1.772000,-0.014902
1.773000,-0.014966
1.774000,-0.015069
1.775000,-0.015204
1.776000,-0.015367
1.777000,-0.015480
1.778000,-0.015575
1.779000,-0.015655
1.780000,-0.015723
1.781000,-0.015780
1.782000,-0.015755
1.783000,-0.015684
1.784000,-0.015576
1.785000,-0.015437
1.786000,-0.015270
1.787000,-0.015081
1.788000,-0.014873
1.789000,-0.014649
1.790000,-0.014411
1.791000,-0.014162
1.792000,-0.013977
1.793000,-0.013821
1.794000,-0.013689
1.795000,-0.013579
1.796000,-0.013486
1.797000,-0.013481
1.798000,-0.013526
1.799000,-0.013613
1.800000,-0.013735
1.801000,-0.013886
1.802000,-0.013990
1.803000,-0.014077
1.804000,-0.014150
1.805000,-0.014212
1.806000,-0.014264
1.807000,-0.014235
1.808000,-0.014161
1.809000,-0.014050
1.810000,-0.013908
1.811000,-0.013739
1.812000,-0.013622
1.813000,-0.013523
1.814000,-0.013440
1.815000,-0.013370
1.816000,-0.013311
1.817000,-0.013262
1.818000,-0.013220
1.819000,-0.013185
1.820000,-0.013156
1.821000,-0.013131
1.822000,-0.013147
1.823000,-0.013185
1.824000,-0.013241
1.825000,-0.013313
1.826000,-0.013399
1.827000,-0.013384
1.828000,-0.013324
1.829000,-0.013224
1.830000,-0.013091
1.831000,-0.012930
1.832000,-0.012782
1.833000,-0.012633
1.834000,-0.012484
1.835000,-0.012333
1.836000,-0.012182
1.837000,-0.012141
1.838000,-0.012155
1.839000,-0.012216
1.840000,-0.012316
1.841000,-0.012449
1.842000,-0.012537
1.843000,-0.012611
1.844000,-0.012673
1.845000,-0.012726
1.846000,-0.012770
1.847000,-0.012734
1.848000,-0.012655
1.849000,-0.012539
1.850000,-0.012393
1.851000,-0.012221
1.852000,-0.012101
1.853000,-0.012000
1.854000,-0.011914
1.855000,-0.011843
1.856000,-0.011782
1.857000,-0.011768
1.858000,-0.011781
1.859000,-0.011816
1.860000,-0.011870
1.861000,-0.011940
1.862000,-0.011987
1.863000,-0.012027
1.864000,-0.012060
1.865000,-0.012088
1.866000,-0.012112
1.867000,-0.012058
1.868000,-0.011964
1.869000,-0.011836
1.870000,-0.011679
1.871000,-0.011499
1.872000,-0.011297
1.873000,-0.011079
1.874000,-0.010846
1.875000,-0.010601
1.876000,-0.010346
1.877000,-0.010230
1.878000,-0.010180
1.879000,-0.010188
1.880000,-0.010243
1.881000,-0.010338
1.882000,-0.010467
1.883000,-0.010625
1.884000,-0.010807
1.885000,-0.011009
1.886000,-0.011229
1.887000,-0.011315
1.888000,-0.011339
1.889000,-0.011310
1.890000,-0.011238
1.891000,-0.011127
1.892000,-0.010986
1.893000,-0.010818
1.894000,-0.010627
1.895000,-0.010418
1.896000,-0.010193
1.897000,-0.010101
1.898000,-0.010074
1.899000,-0.010099
1.900000,-0.010169
1.901000,-0.010277
1.902000,-0.010380
1.903000,-0.010492
1.904000,-0.010610
1.905000,-0.010734
1.906000,-0.010863
1.907000,-0.010886
1.908000,-0.010857
1.909000,-0.010783
1.910000,-0.010672
1.911000,-0.010530
1.912000,-0.010435
1.913000,-0.010355
1.914000,-0.010287
1.915000,-0.010231
1.916000,-0.010183
1.917000,-0.010106
1.918000,-0.010016
1.919000,-0.009917
1.920000,-0.009808
1.921000,-0.009693
1.922000,-0.009607
1.923000,-0.009536
1.924000,-0.009476
1.925000,-0.009425
1.926000,-0.009382
1.927000,-0.009346
1.928000,-0.009316
1.929000,-0.009290
1.930000,-0.009269
1.931000,-0.009251
1.932000,-0.009273
1.933000,-0.009315
1.934000,-0.009376
1.935000,-0.009451
1.936000,-0.009540
1.937000,-0.009601
1.938000,-0.009654
1.939000,-0.009698
1.940000,-0.009735
1.941000,-0.009766
1.942000,-0.009719
1.943000,-0.009630
1.944000,-0.009507
1.945000,-0.009354
1.946000,-0.009176
1.947000,-0.009052
1.948000,-0.008947
1.949000,-0.008858
1.950000,-0.008783
1.951000,-0.008721
1.952000,-0.008741
1.953000,-0.008808
1.954000,-0.008913
1.955000,-0.009050
1.956000,-0.009214
1.957000,-0.009328
1.958000,-0.009424
1.959000,-0.009505
1.960000,-0.009574
1.961000,-0.009631
1.962000,-0.009606
1.963000,-0.009536
1.964000,-0.009428
1.965000,-0.009289
1.966000,-0.009122
1.967000,-0.008933
1.968000,-0.008725
1.969000,-0.008501
1.970000,-0.008263
1.971000,-0.008014
1.972000,-0.007865
1.973000,-0.007765
1.974000,-0.007705
1.9