time,eye_theta_error_l,eye_theta_error_r
0.115000,-0.633426,-0.524180
0.116000,-0.623199,-0.500441
0.117000,-0.591600,-0.463648
0.118000,-0.547284,-0.431912
0.119000,-0.500441,-0.392570
0.120000,-0.451070,-0.351904
0.121000,-0.405834,-0.317056
0.122000,-0.358771,-0.281392
0.123000,-0.317056,-0.252318
0.124000,-0.281392,-0.222801
0.125000,-0.252318,-0.192884
0.126000,-0.222801,-0.170212
0.127000,-0.200399,-0.154997
0.128000,-0.170212,-0.124355
0.129000,-0.147361,-0.108942
0.130000,-0.132040,-0.101215
0.131000,-0.116655,-0.085727
0.132000,-0.101215,-0.077967
0.133000,-0.085727,-0.062419
0.134000,-0.070197,-0.054633
0.135000,-0.062419,-0.046841
0.136000,-0.054633,-0.039043
0.137000,-0.046841,-0.039043
0.138000,-0.039043,-0.031240
0.139000,-0.039043,-0.023433
0.140000,-0.031240,-0.023433
0.141000,-0.023433,-0.023433
0.142000,-0.023433,-0.023433
0.143000,-0.023433,-0.015624
0.144000,-0.023433,-0.015624
0.145000,-0.015624,-0.007812
0.146000,-0.007812,-0.007812
0.147000,-0.007812,-0.007812
0.148000,-0.007812,-0.007812
0.149000,-0.007812,-0.007812
0.150000,-0.007812,-0.007812
0.151000,-0.007812,-0.007812
0.152000,-0.007812,-0.007812
0.153000,-0.007812,-0.007812
0.154000,-0.007812,0.000000
0.155000,-0.007812,0.000000
0.156000,-0.007812,0.000000
0.157000,-0.007812,0.000000
0.158000,0.000000,0.000000
0.159000,0.000000,0.000000
0.160000,0.000000,0.000000
0.161000,0.000000,0.000000
0.162000,0.000000,0.000000
0.163000,0.000000,0.000000
0.164000,0.000000,0.000000
0.165000,0.000000,0.000000
0.166000,0.000000,0.000000
0.167000,0.000000,0.000000
0.168000,0.000000,0.000000
0.169000,0.000000,0.000000
0.170000,0.000000,0.000000
0.171000,0.000000,0.000000
0.172000,0.000000,0.000000
0.173000,0.000000,0.000000
0.174000,0.000000,0.000000
0.175000,0.000000,0.000000
0.176000,0.000000,0.000000
0.177000,0.000000,0.000000
0.178000,0.000000,0.000000
0.179000,0.000000,0.000000
0.180000,0.000000,0.000000
0.181000,0.000000,0.000000
0.182000,0.000000,0.000000
0.183000,0.000000,0.000000
0.184000,0.000000,0.000000
0.185000,0.000000,0.000000
0.186000,0.000000,0.000000
0.187000,0.000000,0.000000
0.188000,0.000000,0.000000
0.189000,0.000000,0.000000
0.190000,0.000000,0.000000
0.191000,0.000000,0.000000
0.192000,0.000000,0.000000
0.193000,0.000000,0.000000
0.194000,0.000000,0.000000
0.195000,0.000000,0.000000
0.196000,0.000000,0.000000
0.197000,0.000000,0.000000
0.198000,0.000000,0.000000
0.199000,0.000000,0.000000
0.200000,0.000000,0.000000
0.201000,0.000000,0.000000
0.202000,0.000000,0.000000
0.203000,0.000000,0.000000
0.204000,0.000000,0.000000
0.205000,0.000000,0.000000
0.206000,0.000000,0.000000
0.207000,0.000000,0.000000
0.208000,0.000000,0.000000
0.209000,0.000000,0.000000
0.210000,0.000000,0.000000
0.211000,0.638482,0.658333
0.212000,0.628332,0.648482
0.213000,0.612820,0.628332
0.214000,0.596963,0.612820
0.215000,0.552962,0.591600
0.216000,0.500441,0.541568
0.217000,0.444722,0.482221
0.218000,0.399221,0.431912
0.219000,0.358771,0.385883
0.220000,0.309986,0.338066
0.221000,0.274167,0.302885
0.222000,0.244979,0.266913
0.223000,0.215358,0.237612
0.224000,0.185348,0.207890
0.225000,0.162614,0.177790
0.226000,0.147361,0.154997
0.227000,0.116655,0.132040
0.228000,0.101215,0.108942
0.229000,0.093477,0.093477
0.230000,0.077967,0.085727
0.231000,0.070197,0.077967
0.232000,0.062419,0.062419
0.233000,0.046841,0.054633
0.234000,0.046841,0.046841
0.235000,0.039043,0.046841
0.236000,0.031240,0.031240
0.237000,0.031240,0.031240
0.238000,0.023433,0.031240
0.239000,0.023433,0.023433
0.240000,0.015624,0.015624
0.241000,0.015624,0.015624
0.242000,0.015624,0.015624
0.243000,0.015624,0.015624
0.244000,0.007812,0.015624
0.245000,0.007812,0.007812
0.246000,0.007812,0.007812
0.247000,0.007812,0.007812
0.248000,0.000000,0.007812
0.249000,0.000000,0.000000
0.250000,0.000000,0.000000
0.251000,0.000000,0.000000
0.252000,0.000000,0.000000
0.253000,0.000000,0.000000
0.254000,0.000000,0.000000
0.255000,0.000000,0.000000
0.256000,0.000000,0.000000
0.257000,0.000000,0.000000
0.258000,0.000000,0.000000
0.259000,0.000000,0.000000
0.260000,0.000000,0.000000
0.261000,0.000000,0.000000
0.262000,0.000000,0.000000
0.263000,0.000000,0.000000
0.264000,0.000000,0.000000
0.265000,0.000000,0.000000
0.266000,0.000000,0.000000
0.267000,0.000000,0.000000
0.268000,0.000000,0.000000
0.269000,0.000000,0.000000
0.270000,0.000000,0.000000
0.271000,0.000000,0.000000
0.272000,0.000000,0.000000
0.273000,0.000000,0.000000
0.274000,0.000000,0.000000
0.275000,0.000000,0.000000
0.276000,0.000000,0.000000
0.277000,0.000000,0.000000
0.278000,0.000000,0.000000
0.279000,0.000000,0.000000
0.280000,0.000000,0.000000
0.281000,0.000000,0.000000
0.282000,0.000000,0.000000
0.283000,0.000000,0.000000
0.284000,0.000000,0.000000
0.285000,0.000000,0.000000
0.286000,0.000000,0.000000
0.287000,0.000000,0.000000
0.288000,0.000000,0.000000
0.289000,0.000000,0.000000
0.290000,0.000000,0.000000
0.291000,0.000000,0.000000
0.292000,0.000000,0.000000
0.293000,0.000000,0.000000
0.294000,0.000000,0.000000
0.295000,0.000000,0.000000
0.296000,0.000000,0.000000
0.297000,0.000000,0.000000
0.298000,0.000000,0.000000
0.299000,0.000000,0.000000
0.300000,0.000000,0.000000
0.301000,0.000000,0.000000
0.302000,0.000000,0.000000
0.303000,0.000000,0.000000
0.304000,0.000000,0.000000
0.305000,0.000000,0.000000
0.306000,0.000000,0.000000
0.307000,0.000000,0.000000
0.308000,0.000000,0.000000
0.309000,0.000000,0.000000
0.310000,0.000000,0.000000
0.311000,0.000000,0.000000
0.312000,0.000000,0.000000
0.313000,0.000000,0.000000
0.314000,0.000000,0.000000
0.315000,0.000000,0.000000
0.316000,0.618029,0.547284
0.317000,0.591600,0.518304
0.318000,0.552962,0.482221
0.319000,0.506435,0.451070
0.320000,0.463648,0.405834
0.321000,0.418949,0.365602
0.322000,0.379159,0.331096
0.323000,0.338066,0.295752
0.324000,0.302885,0.266913
0.325000,0.266913,0.230220
0.326000,0.237612,0.200399
0.327000,0.200399,0.185348
0.328000,0.177790,0.154997
0.329000,0.154997,0.139709
0.330000,0.139709,0.124355
0.331000,0.124355,0.108942
0.332000,0.108942,0.093477
0.333000,0.093477,0.077967
0.334000,0.077967,0.070197
0.335000,0.062419,0.062419
0.336000,0.062419,0.054633
0.337000,0.046841,0.046841
0.338000,0.046841,0.039043
0.339000,0.039043,0.031240
0.340000,0.031240,0.031240
0.341000,0.031240,0.023433
0.342000,0.023433,0.023433
0.343000,0.015624,0.023433
0.344000,0.015624,0.015624
0.345000,0.015624,0.015624
0.346000,0.015624,0.007812
0.347000,0.015624,0.007812
0.348000,0.007812,0.007812
0.349000,0.007812,0.007812
0.350000,0.007812,0.007812
0.351000,0.007812,0.007812
0.352000,0.007812,0.007812
0.353000,0.000000,0.007812
0.354000,0.000000,0.007812
0.355000,0.000000,0.000000
0.356000,0.000000,0.000000
0.357000,0.000000,0.000000
0.358000,0.000000,0.000000
0.359000,0.000000,0.000000
0.360000,0.000000,0.000000
0.361000,0.000000,0.000000
0.362000,0.000000,0.000000
0.363000,0.000000,0.000000
0.364000,0.000000,0.000000
0.365000,0.000000,0.000000
0.366000,0.000000,0.000000
0.367000,0.000000,0.000000
0.368000,0.000000,0.000000
0.369000,0.000000,0.000000
0.370000,0.000000,0.000000
0.371000,0.000000,0.000000
0.372000,0.000000,0.000000
0.373000,0.000000,0.000000
0.374000,0.000000,0.000000
0.375000,0.000000,0.000000
0.376000,0.000000,0.000000
0.377000,0.000000,0.000000
0.378000,0.000000,0.000000
0.379000,0.000000,0.000000
0.380000,0.000000,0.000000
0.381000,0.000000,0.000000
0.382000,0.000000,0.000000
0.383000,0.000000,0.000000
0.384000,0.000000,0.000000
0.385000,0.000000,0.000000
0.386000,0.000000,0.000000
0.387000,0.000000,0.000000
0.388000,0.000000,0.000000
0.389000,0.000000,0.000000
0.390000,0.000000,0.000000
0.391000,0.000000,0.000000
0.392000,0.000000,0.000000
0.393000,0.000000,0.000000
0.394000,0.000000,0.000000
0.395000,0.000000,0.000000
0.396000,0.000000,0.000000
0.397000,0.000000,0.000000
0.398000,0.000000,0.000000
0.399000,0.000000,0.000000
0.400000,0.000000,0.000000
0.401000,0.000000,0.000000
0.402000,0.000000,0.000000
0.403000,0.000000,0.000000
0.404000,0.000000,0.000000
0.405000,0.000000,0.000000
0.406000,0.000000,0.000000
0.407000,0.000000,0.000000
0.408000,0.000000,0.000000
0.409000,0.000000,0.000000
0.410000,0.000000,0.000000
0.411000,0.000000,0.000000
0.412000,0.000000,0.000000
0.413000,0.000000,0.000