time,eye_theta_error_l,eye_theta_error_r
0.198000,-0.687004,-0.638482
0.199000,-0.677593,-0.628332
0.200000,-0.668036,-0.607573
0.201000,-0.653426,-0.575276
0.202000,-0.628332,-0.535811
0.203000,-0.586198,-0.500441
0.204000,-0.541568,-0.457378
0.205000,-0.494407,-0.412410
0.206000,-0.444722,-0.379159
0.207000,-0.399221,-0.338066
0.208000,-0.365602,-0.302885
0.209000,-0.317056,-0.266913
0.210000,-0.281392,-0.237612
0.211000,-0.244979,-0.207890
0.212000,-0.207890,-0.177790
0.213000,-0.185348,-0.154997
0.214000,-0.154997,-0.124355
0.215000,-0.139709,-0.108942
0.216000,-0.108942,-0.093477
0.217000,-0.093477,-0.077967
0.218000,-0.077967,-0.062419
0.219000,-0.062419,-0.046841
0.220000,-0.046841,-0.031240
0.221000,-0.046841,-0.031240
0.222000,-0.031240,-0.015624
0.223000,-0.015624,-0.015624
0.224000,-0.015624,-0.015624
0.225000,-0.015624,0.000000
0.226000,0.000000,0.000000
0.227000,0.000000,0.000000
0.228000,0.000000,0.000000
0.229000,0.000000,0.000000
0.230000,0.000000,0.000000
0.231000,0.000000,0.000000
0.232000,0.000000,0.007812
0.233000,0.000000,0.007812
0.234000,0.007812,0.007812
0.235000,0.007812,0.007812
0.236000,0.007812,0.007812
0.237000,0.007812,0.007812
0.238000,0.007812,0.007812
0.239000,0.000000,0.000000
0.240000,0.000000,0.000000
0.241000,0.000000,0.000000
0.242000,0.000000,0.000000
0.243000,0.000000,0.000000
0.244000,0.000000,0.000000
0.245000,0.000000,0.000000
0.246000,0.000000,0.000000
0.247000,0.000000,0.000000
0.248000,0.000000,0.000000
0.249000,0.000000,0.000000
0.250000,0.000000,0.000000
0.251000,0.000000,0.000000
0.252000,0.000000,0.000000
0.253000,0.000000,0.000000
0.254000,0.000000,0.000000
0.255000,0.000000,0.000000
0.256000,0.000000,0.000000
0.257000,0.000000,0.000000
0.258000,0.000000,0.000000
0.259000,0.000000,0.000000
0.260000,0.000000,0.000000
0.261000,0.000000,0.000000
0.262000,0.000000,0.000000
0.263000,0.000000,0.000000
0.264000,0.000000,0.000000
0.265000,0.000000,0.000000
0.266000,0.000000,0.000000
0.267000,0.000000,0.000000
0.268000,0.000000,0.000000
0.269000,0.000000,0.000000
0.270000,0.000000,0.000000
0.271000,0.000000,0.000000
0.272000,0.000000,0.000000
0.273000,0.000000,0.000000
0.274000,0.000000,0.000000
0.275000,0.000000,0.000000
0.276000,0.000000,0.000000
0.277000,0.000000,0.000000
0.278000,0.000000,0.000000
0.279000,0.000000,0.000000
0.280000,0.000000,0.000000
0.281000,0.000000,0.000000
0.282000,0.000000,0.000000
0.283000,0.000000,0.000000
0.284000,0.000000,0.000000
0.285000,0.000000,0.000000
0.286000,0.000000,0.000000
0.287000,0.000000,0.000000
0.288000,0.000000,0.000000
0.289000,0.000000,0.000000
0.290000,0.000000,0.000000
0.291000,0.000000,0.000000
0.292000,0.000000,0.000000
0.293000,0.000000,0.000000
0.294000,0.000000,0.000000
0.295000,0.000000,0.000000
0.296000,0.000000,0.000000
0.297000,0.000000,0.000000
0.298000,0.000000,0.000000
0.299000,0.000000,0.000000
0.300000,0.000000,0.000000
0.301000,0.000000,0.000000
0.302000,0.000000,0.000000
0.303000,0.000000,0.000000
0.304000,0.000000,0.000000
0.305000,0.000000,0.000000
0.306000,0.000000,0.000000
0.307000,0.000000,0.000000
0.308000,0.000000,0.000000
0.309000,0.000000,0.000000
0.310000,0.000000,0.000000
0.311000,0.000000,0.000000
0.312000,0.000000,0.000000
0.313000,0.000000,0.000000
0.314000,0.000000,0.000000
0.315000,0.000000,0.000000
0.316000,0.000000,0.000000
0.317000,0.000000,0.000000
0.318000,0.000000,0.000000
0.319000,0.000000,0.000000
0.320000,0.000000,0.000000
0.321000,0.000000,0.000000
0.322000,0.000000,0.000000
0.323000,0.000000,0.000000
0.324000,0.000000,0.000000
0.325000,0.000000,0.000000
0.326000,0.000000,0.000000
0.327000,0.000000,0.000000
0.328000,0.000000,0.000000
0.329000,0.000000,0.000000
0.330000,0.000000,0.000000
0.331000,0.000000,0.000000
0.332000,0.000000,0.000000
0.333000,0.000000,0.000000
0.334000,0.000000,0.000000
0.335000,0.000000,0.000000
0.336000,0.000000,0.000000
0.337000,0.000000,0.000000
0.338000,0.000000,0.000000
0.339000,0.000000,0.000000
0.340000,0.000000,0.000000
0.341000,0.000000,0.000000
0.342000,0.000000,0.000000
0.343000,0.000000,0.000000
0.344000,0.000000,0.000000
0.345000,0.000000,0.000000
0.346000,0.000000,0.000000
0.347000,0.000000,0.000000
0.348000,0.000000,0.000000
0.349000,0.000000,0.000000
0.350000,0.000000,0.000000
0.351000,0.000000,0.000000
0.352000,0.000000,0.000000
0.353000,0.000000,0.000000
0.354000,0.000000,0.000000
0.355000,0.000000,0.000000
0.356000,0.672833,0.691657
0.357000,0.663203,0.682317
0.358000,0.653426,0.668036
0.359000,0.638482,0.653426
0.360000,0.623199,0.638482
0.361000,0.580756,0.618029
0.362000,0.535811,0.564198
0.363000,0.488334,0.518304
0.364000,0.444722,0.469878
0.365000,0.399221,0.425450
0.366000,0.351904,0.379159
0.367000,0.317056,0.338066
0.368000,0.274167,0.295752
0.369000,0.244979,0.259630
0.370000,0.207890,0.222801
0.371000,0.177790,0.192884
0.372000,0.154997,0.162614
0.373000,0.132040,0.139709
0.374000,0.108942,0.116655
0.375000,0.093477,0.101215
0.376000,0.077967,0.077967
0.377000,0.062419,0.062419
0.378000,0.046841,0.046841
0.379000,0.039043,0.046841
0.380000,0.031240,0.031240
0.381000,0.015624,0.031240
0.382000,0.015624,0.015624
0.383000,0.007812,0.015624
0.384000,0.000000,0.000000
0.385000,0.000000,0.000000
0.386000,0.000000,0.000000
0.387000,0.000000,0.000000
0.388000,0.000000,0.000000
0.389000,-0.007812,0.000000
0.390000,-0.007812,0.000000
0.391000,-0.007812,-0.015624
0.392000,-0.007812,-0.015624
0.393000,-0.007812,-0.015624
0.394000,-0.007812,-0.015624
0.395000,-0.007812,-0.007812
0.396000,-0.007812,0.000000
0.397000,-0.007812,0.000000
0.398000,-0.007812,0.000000
0.399000,0.000000,0.000000
0.400000,0.000000,0.000000
0.401000,0.000000,0.000000
0.402000,0.000000,0.000000
0.403000,0.000000,0.000000
0.404000,0.000000,0.000000
0.405000,0.000000,0.000000
0.406000,0.000000,0.000000
0.407000,0.000000,0.000000
0.408000,0.000000,0.000000
0.409000,0.000000,0.000000
0.410000,0.000000,0.000000
0.411000,0.000000,0.000000
0.412000,0.000000,0.000000
0.413000,0.000000,0.000000
0.414000,0.000000,0.000000
0.415000,0.000000,0.000000
0.416000,0.000000,0.000000
0.417000,0.000000,0.000000
0.418000,0.000000,0.000000
0.419000,0.000000,0.000000
0.420000,0.000000,0.000000
0.421000,0.000000,0.000000
0.422000,0.000000,0.000000
0.423000,0.000000,0.000000
0.424000,0.000000,0.000000
0.425000,0.000000,0.000000
0.426000,0.000000,0.000000
0.427000,0.000000,0.000000
0.428000,0.000000,0.000000
0.429000,0.000000,0.000000
0.430000,0.000000,0.000000
0.431000,0.000000,0.000000
0.432000,0.000000,0.000000
0.433000,0.000000,0.000000
0.434000,0.000000,0.000000
0.435000,0.000000,0.000000
0.436000,0.000000,0.000000
0.437000,0.000000,0.000000
0.438000,0.000000,0.000000
0.439000,0.000000,0.000000
0.440000,0.000000,0.000000
0.441000,0.000000,0.000000
0.442000,0.000000,0.000000
0.443000,0.000000,0.000000
0.444000,0.000000,0.000000
0.445000,0.000000,0.000000
0.446000,0.000000,0.000000
0.447000,0.000000,0.000000
0.448000,0.000000,0.000000
0.449000,0.000000,0.000000
0.450000,0.000000,0.000000
0.451000,0.000000,0.000000
0.452000,0.000000,0.000000
0.453000,0.000000,0.000000
0.454000,0.000000,0.000000
0.455000,0.000000,0.000000
0.456000,0.000000,0.000000
0.457000,0.000000,0.000000
0.458000,0.000000,0.000000
0.459000,0.000000,0.000000
0.460000,0.000000,0.000000
0.461000,0.000000,0.000000
0.462000,0.000000,0.000000
0.463000,0.000000,0.000000
0.464000,0.000000,0.000000
0.465000,0.000000,0.000000
0.466000,0.000000,0.000000
0.467000,0.000000,0.000000
0.468000,0.000000,0.000000
0.469000,0.000000,0.000000
0.470000,0.000000,0.000000
0.471000,0.000000,0.000000
0.472000,0.000000,0.000000
0.473000,0.000000,0.000000
0.474000,0.000000,0.000000
0.475000,0.000000,0.000000
0.476000,0.000000,0.000000
0.477000,0.000000,0.000000
0.478000,0.000000,0.000000
0.479000,0.000000,0.000000
0.480000,0.000000,0.000000
0.481000,0.000000,0.000000
0.482000,0.000000,0.000000
0.483000,0.000000,0.000000
0.484000,0.000000,0.000000
0.485000,0.000000,0.000000
0.486000,0.000000,0.000000
0.487000,0.000000,0.000000
0.488000,0.000000,0.000000
0.489000,0.000000,0.000000
0.490000,0.000000,0.000000
0.491000,0.633426,0.580756
0.492000,0.618029,0.564198
0.493000,0.591600,0.541568
0.494000,0.552962,0.512389
0.495000,0.524180,0.482221
0.496000,0.482221,0.438337
0.497000,0.438337,0.405834
0.498000,0.405834,0.372398
0.499000,0.365602,0.331096
0.500000,0.331096,0.302885
0.501000,0.295752,0.266913
0.502000,0.259630,0.237612
0.503000,0.230220,0.207890
0.504000,0.200399,0.185348
0.505000,0.170212,0.162614
0.506000,0.147361,0.139709
0.507000,0.124355,0.124355
0.508000,0.108942,0.093477
0.509000,0.085727,0.077967
0.510000,0.070197,0.077967
0.511000,0.062419,0.062419
0.512000,0.046841,0.046841
0.513000,0.039043,0.031240
0.514000,0.031240,0.031240
0.515000,0.023433,0.015624
0.516000,0.015624,0.015624
0.517000,0.007812,0.015624
0.518000,0.007812,0.007812
0.519000,0.007812,0.000000
0.520000,0.000000,0.000000
0.521000,0.000000,0.000000
0.522000,-0.007812,0.000000
0.523000,-0.007812,0.000000
0.524000,-0.007812,0.000000
0.525000,-0.007812,0.000000
0.526000,-0.007812,0.000000
0.527000,-0.007812,0.000000
0.528000,-0.007812,0.000000
0.529000,-0.007812,0.000000
0.530000,-0.007812,0.000000
0.531000,-0.007812,0.000000
0.532000,-0.007812,0.000000
0.533000,-0.007812,0.000000
0.534000,-0.007812,0.000000
0.535000,0.000000,-0.007812
0.536000,0.000000,0.000000
0.537000,0.000000,0.000000
0.538000,0.000000,0.000000
0.539000,0.000000,0.000000
0.540000,0.000000,0.000000
0.541000,0.000000,0.000000
0.542000,0.000000,0.000000
0.543000,0.000000,0.000000
0.544000,0.000000,0.000000
0.545000,0.000000,0.000000
0.546000,0.000000,0.000000
0.547000,0.000000,0.000000
0.548000,0.000000,0.000000
0.549000,0.000000,0.000000
0.550000,0.000000,0.000000
0.551000,0.000000,0.000000
0.552000,0.000000,0.000000
0.553000,0.000000,0.000000
0.554000,0.000000,0.000000
0.555000,0.000000,0.000000
0.556000,0.000000,0.000000
0.557000,0.000000,0.000000
0.558000,0.000000,0.000000
0.559000,0.000000,0.000000
0.560000,0.000000,0.000000
0.561000,0.000000,0.000000
0.562000,0.000000,0.000000
0.563000,0.000000,0.000000
0.564000,0.000000,0.000000
0.565000,0.000000,0.000000
0.566000,0.000000,0.000000
0.567000,0.000000,0.000000
0.568000,0.000000,0.000000
0.569000,0.000000,0.000000
0.570000,0.000000,0.000000
0.571000,0.000000,0.000000
0.572000,0.000000,0.000000
0.573000,0.000000,0.000000
0.574000,0.000000,0.000000
0.575000,0.000000,0.000000
0.576000,0.000000,0.000000
0.577000,0.000000,0.000000
0.578000,0.000000,0.000000
0.579000,0.000000,0.000000
0.580000,0.000000,0.000000
0.581000,0.000000,0.000000
0.582000,0.000000,0.000000
0.583000,0.000000,0.000000
0.584000,0.000000,0.000000
0.585000,0.000000,0.000000
0.586000,0.000000,0.000000
0.587000,0.000000,0.000000
0.588000,0.000000,0.000000
0.589000,0.000000,0.000000
0.590000,0.000000,0.000000
0.591000,0.000000,0.000000
0.592000,0.000000,0.000000
0.593000,0.000000,0.000000
0.594000,0.000000,0.000000
0.595000,0.000000,0.000000
0.596000,0.000000,0.000000
0.597000,0.000000,0.000000
0.598000,0.000000,0.000000
0.599000,0.000000,0.000000
0.600000,0.000000,0.000000
0.601000,0.000000,0.000000
0.602000,0.000000,0.000000
0.603000,0.000000,0.000000
0.604000,0.000000,0.000000
0.605000,0.000000,0.000000
0.606000,0.000000,0.000000
0.607000,0.000000,0.000000
0.608000,0.000000,0.000000
0.609000,0.000000,0.000000
0.610000,0.000000,0.000000
0.611000,0.000000,0.000000
0.612000,0.000000,0.000000
0.613000,0.000000,0.000000
0.614000,0.000000,0.000000
0.615000,0.000000,0.000000
0.616000,0.000000,0.000000
0.617000,0.000000,0.000000
0.618000,0.000000,0.000000
0.619000,0.000000,0.000000
0.620000,0.000000,0.000000
0.621000,0.000000,0.000000
0.622000,0.000000,0.000000
0.623000,0.000000,0.000000
0.624000,0.000000,0.000000
0.625000,0.000000,0.000000
0.626000,0.000000,0.000000
0.627000,0.000000,0.000000
0.628000,0.000000,0.000000
0.629000,0.000000,0.000000
0.630000,0.000000,0.000000
0.631000,0.000000,0.000000
0.632000,0.000000,0.000000
0.633000,0.000000,0.000000
0.634000,0.000000,0.000000
0.635000,0.000000,0.000000
0.636000,0.000000,0.000000
0.637000,0.000000,0.000000
0.638000,0.000000,0.000000
0.639000,0.000000,0.000000
0.640000,0.000000,0.000000
0.641000,0.000000,0.000000
0.642000,0.000000,0.000000
0.643000,0.000000,0.000000
0.644000,0.000000,0.000000
0.645000,0.000000,0.000000
0.646000,0.000000,0.000000
0.647000,0.000000,0.000000
0.648000,0.00