time,eye_theta_error_l,eye_theta_error_r
0.191000,-0.777524,-0.748977
0.192000,-0.777524,-0.748977
0.193000,-0.777524,-0.748977
0.194000,-0.777524,-0.748977
0.195000,-0.777524,-0.748977
0.196000,-0.623199,-0.564198
0.197000,-0.623199,-0.564198
0.198000,-0.623199,-0.564198
0.199000,-0.623199,-0.564198
0.200000,-0.623199,-0.564198
0.201000,-0.200399,-0.177790
0.202000,-0.200399,-0.177790
0.203000,-0.200399,-0.177790
0.204000,-0.200399,-0.177790
0.205000,-0.200399,-0.177790
0.206000,0.000000,0.007812
0.207000,0.000000,0.007812
0.208000,0.000000,0.007812
0.209000,0.000000,0.007812
0.210000,0.000000,0.007812
0.211000,0.046841,0.039043
0.212000,0.046841,0.039043
0.213000,0.046841,0.039043
0.214000,0.046841,0.039043
0.215000,0.046841,0.039043
0.216000,0.039043,0.039043
0.217000,0.039043,0.039043
0.218000,0.039043,0.039043
0.219000,0.039043,0.039043
0.220000,0.039043,0.039043
0.221000,0.023433,0.031240
0.222000,0.023433,0.031240
0.223000,0.023433,0.031240
0.224000,0.023433,0.031240
0.225000,0.023433,0.031240
0.226000,0.039043,0.031240
0.227000,0.039043,0.031240
0.228000,0.039043,0.031240
0.229000,0.039043,0.031240
0.230000,0.039043,0.031240
0.231000,0.031240,0.039043
0.232000,0.031240,0.039043
0.233000,0.031240,0.039043
0.234000,0.031240,0.039043
0.235000,0.031240,0.039043
0.236000,0.031240,0.039043
0.237000,0.031240,0.039043
0.238000,0.031240,0.039043
0.239000,0.031240,0.039043
0.240000,0.031240,0.039043
0.241000,0.031240,0.039043
0.242000,0.031240,0.039043
0.243000,0.031240,0.039043
0.244000,0.031240,0.039043
0.245000,0.031240,0.039043
0.246000,0.039043,0.039043
0.247000,0.039043,0.039043
0.248000,0.039043,0.039043
0.249000,0.039043,0.039043
0.250000,0.039043,0.039043
0.251000,0.039043,0.046841
0.252000,0.039043,0.046841
0.253000,0.039043,0.046841
0.254000,0.039043,0.046841
0.255000,0.039043,0.046841
0.256000,0.039043,0.046841
0.257000,0.039043,0.046841
0.258000,0.039043,0.046841
0.259000,0.039043,0.046841
0.260000,0.039043,0.046841
0.261000,0.039043,0.046841
0.262000,0.039043,0.046841
0.263000,0.039043,0.046841
0.264000,0.039043,0.046841
0.265000,0.039043,0.046841
0.266000,0.046841,0.046841
0.267000,0.046841,0.046841
0.268000,0.046841,0.046841
0.269000,0.046841,0.046841
0.270000,0.046841,0.046841
0.271000,0.046841,0.046841
0.272000,0.046841,0.046841
0.273000,0.046841,0.046841
0.274000,0.046841,0.046841
0.275000,0.046841,0.046841
0.276000,0.046841,0.054633
0.277000,0.046841,0.054633
0.278000,0.046841,0.054633
0.279000,0.046841,0.054633
0.280000,0.046841,0.054633
0.281000,0.039043,0.046841
0.282000,0.039043,0.046841
0.283000,0.039043,0.046841
0.284000,0.039043,0.046841
0.285000,0.039043,0.046841
0.286000,0.046841,0.054633
0.287000,0.046841,0.054633
0.288000,0.046841,0.054633
0.289000,0.046841,0.054633
0.290000,0.046841,0.054633
0.291000,0.054633,0.046841
0.292000,0.054633,0.046841
0.293000,0.054633,0.046841
0.294000,0.054633,0.046841
0.295000,0.054633,0.046841
0.296000,0.054633,0.054633
0.297000,0.054633,0.054633
0.298000,0.054633,0.054633
0.299000,0.054633,0.054633
0.300000,0.054633,0.054633
0.301000,0.046841,0.062419
0.302000,0.046841,0.062419
0.303000,0.046841,0.062419
0.304000,0.046841,0.062419
0.305000,0.046841,0.062419
0.306000,0.046841,0.054633
0.307000,0.046841,0.054633
0.308000,0.046841,0.054633
0.309000,0.046841,0.054633
0.310000,0.046841,0.054633
0.311000,0.062419,0.054633
0.312000,0.062419,0.054633
0.313000,0.062419,0.054633
0.314000,0.062419,0.054633
0.315000,0.062419,0.054633
0.316000,0.046841,0.062419
0.317000,0.046841,0.062419
0.318000,0.046841,0.062419
0.319000,0.046841,0.062419
0.320000,0.046841,0.062419
0.321000,0.062419,0.054633
0.322000,0.062419,0.054633
0.323000,0.062419,0.054633
0.324000,0.062419,0.054633
0.325000,0.062419,0.054633
0.326000,0.062419,0.062419
0.327000,0.062419,0.062419
0.328000,0.062419,0.062419
0.329000,0.062419,0.062419
0.330000,0.062419,0.062419
0.331000,0.054633,0.054633
0.332000,0.054633,0.054633
0.333000,0.054633,0.054633
0.334000,0.054633,0.054633
0.335000,0.054633,0.054633
0.336000,0.054633,0.062419
0.337000,0.054633,0.062419
0.338000,0.054633,0.062419
0.339000,0.054633,0.062419
0.340000,0.054633,0.062419
0.341000,0.062419,0.054633
0.342000,0.062419,0.054633
0.343000,0.062419,0.054633
0.344000,0.062419,0.054633
0.345000,0.062419,0.054633
0.346000,0.054633,0.062419
0.347000,0.054633,0.062419
0.348000,0.054633,0.062419
0.349000,0.054633,0.062419
0.350000,0.054633,0.062419
0.351000,0.062419,0.062419
0.352000,0.062419,0.062419
0.353000,0.062419,0.062419
0.354000,0.062419,0.062419
0.355000,0.062419,0.062419
0.356000,0.054633,0.046841
0.357000,0.054633,0.046841
0.358000,0.054633,0.046841
0.359000,0.054633,0.046841
0.360000,0.054633,0.046841
0.361000,0.062419,0.054633
0.362000,0.062419,0.054633
0.363000,0.062419,0.054633
0.364000,0.062419,0.054633
0.365000,0.062419,0.054633
0.366000,0.054633,0.054633
0.367000,0.054633,0.054633
0.368000,0.054633,0.054633
0.369000,0.054633,0.054633
0.370000,0.054633,0.054633
0.371000,0.062419,0.054633
0.372000,0.062419,0.054633
0.373000,0.062419,0.054633
0.374000,0.062419,0.054633
0.375000,0.062419,0.054633
0.376000,0.046841,0.054633
0.377000,0.046841,0.054633
0.378000,0.046841,0.054633
0.379000,0.046841,0.054633
0.380000,0.046841,0.054633
0.381000,0.054633,0.054633
0.382000,0.054633,0.054633
0.383000,0.054633,0.054633
0.384000,0.054633,0.054633
0.385000,0.054633,0.054633
0.386000,0.054633,0.046841
0.387000,0.054633,0.046841
0.388000,0.054633,0.046841
0.389000,0.054633,0.046841
0.390000,0.054633,0.046841
0.391000,0.054633,0.046841
0.392000,0.054633,0.046841
0.393000,0.054633,0.046841
0.394000,0.054633,0.046841
0.395000,0.054633,0.046841
0.396000,0.054633,0.046841
0.397000,0.054633,0.046841
0.398000,0.054633,0.046841
0.399000,0.054633,0.046841
0.400000,0.054633,0.046841
0.401000,0.046841,0.046841
0.402000,0.046841,0.046841
0.403000,0.046841,0.046841
0.404000,0.046841,0.046841
0.405000,0.046841,0.046841
0.406000,0.046841,0.046841
0.407000,0.046841,0.046841
0.408000,0.046841,0.046841
0.409000,0.046841,0.046841
0.410000,0.046841,0.046841
0.411000,0.046841,0.039043
0.412000,0.046841,0.039043
0.413000,0.046841,0.039043
0.414000,0.046841,0.039043
0.415000,0.046841,0.039043
0.416000,0.046841,0.039043
0.417000,0.046841,0.039043
0.418000,0.046841,0.039043
0.419000,0.046841,0.039043
0.420000,0.046841,0.039043
0.421000,0.046841,0.039043
0.422000,0.046841,0.039043
0.423000,0.046841,0.039043
0.424000,0.046841,0.039043
0.425000,0.046841,0.039043
0.426000,0.039043,0.046841
0.427000,0.039043,0.046841
0.428000,0.039043,0.046841
0.429000,0.039043,0.046841
0.430000,0.039043,0.046841
0.431000,0.039043,0.031240
0.432000,0.039043,0.031240
0.433000,0.039043,0.031240
0.434000,0.039043,0.031240
0.435000,0.039043,0.031240
0.436000,0.039043,0.031240
0.437000,0.039043,0.031240
0.438000,0.039043,0.031240
0.439000,0.039043,0.031240
0.440000,0.039043,0.031240
0.441000,0.046841,0.039043
0.442000,0.046841,0.039043
0.443000,0.046841,0.039043
0.444000,0.046841,0.039043
0.445000,0.046841,0.039043
0.446000,0.031240,0.039043
0.447000,0.031240,0.039043
0.448000,0.031240,0.039043
0.449000,0.031240,0.039043
0.450000,0.031240,0.039043
0.451000,0.039043,0.023433
0.452000,0.039043,0.023433
0.453000,0.039043,0.023433
0.454000,0.039043,0.023433
0.455000,0.039043,0.023433
0.456000,0.031240,0.039043
0.457000,0.031240,0.039043
0.458000,0.031240,0.039043
0.459000,0.031240,0.039043
0.460000,0.031240,0.039043
0.461000,0.039043,0.031240
0.462000,0.039043,0.031240
0.463000,0.039043,0.031240
0.464000,0.039043,0.031240
0.465000,0.039043,0.031240
0.466000,0.031240,0.031240
0.467000,0.031240,0.031240
0.468000,0.031240,0.031240
0.469000,0.031240,0.031240
0.470000,0.031240,0.031240
0.471000,0.031240,0.015624
0.472000,0.031240,0.015624
0.473000,0.031240,0.015624
0.474000,0.031240,0.015624
0.475000,0.031240,0.015624
0.476000,0.031240,0.031240
0.477000,0.031240,0.031240
0.478000,0.031240,0.031240
0.479000,0.031240,0.031240
0.480000,0.031240,0.031240
0.481000,0.031240,0.023433
0.482000,0.031240,0.023433
0.483000,0.031240,0.023433
0.484000,0.031240,0.023433
0.485000,0.031240,0.023433
0.486000,0.031240,0.023433
0.487000,0.031240,0.023433
0.488000,0.031240,0.023433
0.489000,0.031240,0.023433
0.490000,0.031240,0.023433
0.491000,0.015624,0.023433
0.492000,0.015624,0.023433
0.493000,0.015624,0.023433
0.494000,0.015624,0.023433
0.495000,0.015624,0.023433
0.496000,0.023433,0.023433
0.497000,0.023433,0.023433
0.498000,0.023433,0.023433
0.499000,0.023433,0.023433
0.500000,0.023433,0.023433
0.501000,0.023433,0.023433
0.502000,0.023433,0.023433
0.503000,0.023433,0.023433
0.504000,0.023433,0.023433
0.505000,0.023433,0.023433
0.506000,0.023433,0.015624
0.507000,0.023433,0.015624
0.508000,0.023433,0.015624
0.509000,0.023433,0.015624
0.510000,0.023433,0.015624
0.511000,0.023433,0.015624
0.512000,0.023433,0.015624
0.513000,0.023433,0.015624
0.514000,0.023433,0.015624
0.515000,0.023433,0.015624
0.516000,0.007812,0.015624
0.517000,0.007812,0.015624
0.518000,0.007812,0.015624
0.519000,0.007812,0.015624
0.520000,0.007812,0.015624
0.521000,-0.007812,0.000000
0.522000,-0.007812,0.000000
0.523000,-0.007812,0.000000
0.524000,-0.007812,0.000000
0.525000,-0.007812,0.000000
0.526000,-0.007812,-0.015624
0.527000,-0.007812,-0.015624
0.528000,-0.007812,-0.015624
0.529000,-0.007812,-0.015624
0.530000,-0.007812,-0.015624
0.531000,-0.023433,-0.023433
0.532000,-0.023433,-0.023433
0.533000,-0.023433,-0.023433
0.534000,-0.023433,-0.023433
0.535000,-0.023433,-0.023433
0.536000,-0.023433,-0.023433
0.537000,-0.023433,-0.023433
0.538000,-0.023433,-0.023433
0.539000,-0.023433,-0.023433
0.540000,-0.023433,-0.023433
0.541000,-0.015624,-0.007812
0.542000,-0.015624,-0.007812
0.543000,-0.015624,-0.007812
0.544000,-0.015624,-0.007812
0.545000,-0.015624,-0.007812
0.546000,-0.031240,-0.023433
0.547000,-0.031240,-0.023433
0.548000,-0.031240,-0.023433
0.549000,-0.031240,-0.023433
0.550000,-0.031240,-0.023433
0.551000,-0.015624,-0.023433
0.552000,-0.015624,-0.023433
0.553000,-0.015624,-0.023433
0.554000,-0.015624,-0.023433
0.555000,-0.015624,-0.023433
0.556000,-0.023433,-0.015624
0.557000,-0.023433,-0.015624
0.558000,-0.023433,-0.015624
0.559000,-0.023433,-0.015624
0.560000,-0.023433,-0.015624
0.561000,-0.023433,-0.023433
0.562000,-0.023433,-0.023433
0.563000,-0.023433,-0.023433
0.564000,-0.023433,-0.023433
0.565000,-0.023433,-0.023433
0.566000,-0.023433,-0.031240
0.567000,-0.023433,-0.031240
0.568000,-0.023433,-0.031240
0.569000,-0.023433,-0.031240
0.570000,-0.023433,-0.031240
0.571000,-0.023433,-0.015624
0.572000,-0.023433,-0.015624
0.573000,-0.023433,-0.015624
0.574000,-0.023433,-0.015624
0.575000,-0.023433,-0.015624
0.576000,-0.031240,-0.023433
0.577000,-0.031240,-0.023433
0.578000,-0.031240,-0.023433
0.579000,-0.031240,-0.023433
0.580000,-0.031240,-0.023433
0.581000,-0.031240,-0.023433
0.582000,-0.031240,-0.023433
0.583000,-0.031240,-0.023433
0.584000,-0.031240,-0.023433
0.585000,-0.031240,-0.023433
0.586000,-0.031240,-0.023433
0.587000,-0.031240,-0.023433
0.588000,-0.031240,-0.023433
0.589000,-0.031240,-0.023433
0.590000,-0.031240,-0.023433
0.591000,-0.031240,-0.023433
0.592000,-0.031240,-0.023433
0.593000,-0.031240,-0.023433
0.594000,-0.031240,-0.023433
0.595000,-0.031240,-0.023433
0.596000,-0.031240,-0.031240
0.597000,-0.031240,-0.031240
0.598000,-0.031240,-0.031240
0.599000,-0.031240,-0.031240
0.600000,-0.031240,-0.031240
0.601000,-0.031240,-0.031240
0.602000,-0.031240,-0.031240
0.603000,-0.031240,-0.031240
0.604000,-0.031240,-0.031240
0.605000,-0.031240,-0.031240
0.606000,-0.023433,-0.031240
0.607000,-0.023433,-0.031240
0.608000,-0.023433,-0.031240
0.609000,-0.023433,-0.031240
0.610000,-0.023433,-0.031240
0.611000,-0.039043,-0.031240
0.612000,-0.039043,-0.031240
0.613000,-0.039043,-0.031240
0.614000,-0.039043,-0.031240
0.615000,-0.039043,-0.031240
0.616000,-0.039043,-0.031240
0.617000,-0.039043,-0.031240
0.618000,-0.039043,-0.031240
0.619000,-0.039043,-0.031240
0.620000,-0.039043,-0.031240
0.621000,-0.031240,-0.031240
0.622000,-0.031240,-0.031240
0.623000,-0.031240,-0.031240
0.624000,-0.031240,-0.031240
0.625000,-0.031240,-0.031240
0.626000,-0.031240,-0.031240
0.627000,-0.031240,-0.031240
0.628000,-0.031240,-0.031240
0.629000,-0.031240,-0.031240
0.630000,-0.031240,-0.031240
0.631000,-0.046841,-0.039043
0.632000,-0.046841,-0.039043
0.633000,-0.046841,-0.039043
0.634000,-0.046841,-0.039043
0.635000,-0.046841,-0.039043
0.636000,-0.031240,-0.031240
0.637000,-0.031240,-0.031240
0.638000,-0.031240,-0.031240
0.639000,-0.031240,-0.031240
0.640000,-0.031240,-0.031240
0.641000,-0.039043,-0.031240
0.642000,-0.039043,-0.031240
0.643000,-0.039043,-0.031240
0.644000,-0.039043,-0.031240
0.645000,-0.039043,-0.031240
0.646000,-0.039043,-0.031240
0.647000,-0.039043,-0.031240
0.648000,-0.039043,-0.031240
0.649000,-0.039043,-0.031240
0.650000,-0.039043,-0.031240
0.651000,-0.039043,-0.046841
0.652000,-0.039043,-0.046841
0.653000,-0.039043,-0.046841
0.654000,-0.039043,-0.046841
0.655000,-0.039043,-0.046841
0.656000,-0.046841,-0.039043
0.657000,-0.046841,-0.039043
0.658000,-0.046841,-0.039043
0.659000,-0.046841,-0.039043
0.660000,-0.046841,-0.039043
0.661000,-0.046841,-0.039043
0.662000,-0.046841,-0.039043
0.663000,-0.046841,-0.039043
0.664000,-0.046841,-0.039043
0.665000,-0.046841,-0.039043
0.666000,-0.046841,-0.039043
0.667000,-0.046841,-0.039043
0.668000,-0.046841,-0.039043
0.669000,-0.046841,-0.039043
0.670000,-0.046841,-0.039043
0.671000,-0.046841,-0.039043
0.672000,-0.046841,-0.039043
0.673000,-0.046841,-0.039043
0.674000,-0.046841,-0.039043
0.675000,-0.046841,-0.039043
0.676000,-0.046841,-0.039043
0.677000,-0.046841,-0.039043
0.678000,-0.046841,-0.039043
0.679000,-0.046841,-0.039043
0.680000,-0.046841,-0.039043
0.681000,-0.046841,-0.046841
0.682000,-0.046841,-0.046841
0.683000,-0.046841,-0.046841
0.684000,-0.046841,-0.046841
0.685000,-0.046841,-0.046841
0.686000,-0.046841,-0.046841
0.687000,-0.046841,-0.046841
0.688000,-0.046841,-0.046841
0.689000,-0.046841,-0.046841
0.690000,-0.046841,-0.046841
0.691000,-0.046841,-0.046841
0.692000,-0.046841,-0.046841
0.693000,-0.046841,-0.046841
0.694000,-0.046841,-0.046841
0.695000,-0.046841,-0.046841
0.696000,-0.046841,-0.046841
0.697000,-0.046841,-0.046841
0.698000,-0.046841,-0.046841
0.699000,-0.046841,-0.046841
0.700000,-0.046841,-0.046841
0.701000,-0.046841,-0.046841
0.702000,-0.046841,-0.046841
0.703000,-0.046841,-0.046841
0.704000,-0.046841,-0.046841
0.705000,-0.046841,-0.046841
0.706000,-0.046841,-0.046841
0.707000,-0.046841,-0.046841
0.708000,-0.046841,-0.046841
0.709000,-0.046841,-0.046841
0.710000,-0.046841,-0.046841
0.711000,-0.046841,-0.046841
0.712000,-0.046841,-0.046841
0.713000,-0.046841,-0.046841
0.714000,-0.046841,-0.046841
0.715000,-0.046841,-0.046841
0.716000,-0.046841,-0.046841
0.717000,-0.046841,-0.046841
0.718000,-0.046841,-0.046841
0.719000,-0.046841,-0.046841
0.720000,-0.046841,-0.046841
0.721000,-0.046841,-0.046841
0.722000,-0.046841,-0.046841
0.723000,-0.046841,-0.046841
0.724000,-0.046841,-0.046841
0.725000,-0.046841,-0.046841
0.726000,-0.054633,-0.046841
0.727000,-0.054633,-0.046841
0.728000,-0.054633,-0.046841
0.729000,-0.054633,-0.046841
0.730000,-0.054633,-0.046841
0.731000,-0.046841,-0.054633
0.732000,-0.046841,-0.054633
0.733000,-0.046841,-0.054633
0.734000,-0.046841,-0.054633
0.735000,-0.046841,-0.054633
0.736000,-0.046841,-0.046841
0.737000,-0.046841,-0.046841
0.738000,-0.046841,-0.046841
0.739000,-0.046841,-0.046841
0.740000,-0.046841,-0.046841
0.741000,-0.046841,-0.046841
0.742000,-0.046841,-0.046841
0.743000,-0.046841,-0.046841
0.744000,-0.046841,-0.046841
0.745000,-0.046841,-0.046841
0.746000,-0.046841,-0.046841
0.747000,-0.046841,-0.046841
0.748000,-0.046841,-0.046841
0.749000,-0.046841,-0.046841
0.750000,-0.046841,-0.046841
0.751000,-0.046841,-0.046841
0.752000,-0.046841,-0.046841
0.753000,-0.046841,-0.046841
0.754000,-0.046841,-0.046841
0.755000,-0.046841,-0.046841
0.756000,-0.046841,-0.046841
0.757000,-0.046841,-0.046841
0.758000,-0.046841,-0.046841
0.759000,-0.046841,-0.046841
0.760000,-0.046841,-0.046841
0.761000,-0.046841,-0.046841
0.762000,-0.046841,-0.046841
0.763000,-0.046841,-0.046841
0.764000,-0.046841,-0.046841
0.765000,-0.046841,-0.046841
0.766000,-0.046841,-0.046841
0.767000,-0.046841,-0.046841
0.768000,-0.046841,-0.046841
0.769000,-0.046841,-0.046841
0.770000,-0.046841,-0.046841
0.771000,-0.039043,-0.054633
0.772000,-0.039043,-0.054633
0.773000,-0.039043,-0.054633
0.774000,-0.039043,-0.054633
0.775000,-0.039043,-0.054633
0.776000,-0.046841,-0.046841
0.777000,-0.046841,-0.046841
0.778000,-0.046841,-0.046841
0.779000,-0.046841,-0.046841
0.780000,-0.046841,-0.046841
0.781000,-0.039043,-0.046841
0.782000,-0.039043,-0.046841
0.783000,-0.039043,-0.046841
0.784000,-0.039043,-0.046841
0.785000,-0.039043,-0.046841
0.786000,-0.046841,-0.039043
0.787000,-0.046841,-0.039043
0.788000,-0.046841,-0.039043
0.789000,-0.046841,-0.039043
0.790000,-0.046841,-0.039043
0.791000,-0.039043,-0.039043
0.792000,-0.039043,-0.039043
0.793000,-0.039043,-0.039043
0.794000,-0.039043,-0.039043
0.795000,-0.039043,-0.039043
0.796000,-0.039043,-0.046841
0.797000,-0.039043,-0.046841
0.798000,-0.039043,-0.046841
0.799000,-0.039043,-0.046841
0.800000,-0.039043,-0.046841
0.801000,-0.039043,-0.046841
0.802000,-0.039043,-0.046841
0.803000,-0.039043,-0.046841
0.804000,-0.039043,-0.046841
0.805000,-0.039043,-0.046841
0.806000,-0.039043,-0.039043
0.807000,-0.039043,-0.039043
0.808000,-0.039043,-0.039043
0.809000,-0.039043,-0.039043
0.810000,-0.039043,-0.039043
0.811000,-0.039043,-0.039043
0.812000,-0.039043,-0.039043
0.813000,-0.039043,-0.039043
0.814000,-0.039043,-0.039043
0.815000,-0.039043,-0.039043
0.816000,-0.031240,-0.039043
0.817000,-0.031240,-0.039043
0.818000,-0.031240,-0.039043
0.819000,-0.031240,-0.039043
0.820000,-0.031240,-0.039043
0.821000,-0.031240,-0.039043
0.822000,-0.031240,-0.039043
0.823000,-0.031240,-0.039043
0.824000,-0.031240,-0.039043
0.825000,-0.031240,-0.039043
0.826000,-0.031240,-0.039043
0.827000,-0.031240,-0.039043
0.828000,-0.031240,-0.039043
0.829000,-0.031240,-0.039043
0.830000,-0.031240,-0.039043
0.831000,-0.031240,-0.031240
0.832000,-0.031240,-0.031240
0.833000,-0.031240,-0.031240
0.834000,-0.031240,-0.031240
0.835000,-0.031240,-0.031240
0.836000,-0.031240,-0.039043
0.837000,-0.031240,-0.039043
0.838000,-0.031240,-0.039043
0.839000,-0.031240,-0.039043
0.840000,-0.031240,-0.039043
0.841000,-0.031240,-0.031240
0.842000,-0.031240,-0.031240
0.843000,-0.031240,-0.031240
0.844000,-0.031240,-0.031240
0.845000,-0.031240,-0.031240
0.846000,-0.031240,-0.031240
0.847000,-0.031240,-0.031240
0.848000,-0.031240,-0.031240
0.849000,-0.031240,-0.031240
0.850000,-0.031240,-0.031240
0.851000,-0.023433,-0.031240
0.852000,-0.023433,-0.031240
0.853000,-0.023433,-0.031240
0.854000,-0.023433,-0.031240
0.855000,-0.023433,-0.031240
0.856000,-0.023433,-0.031240
0.857000,-0.023433,-0.031240
0.858000,-0.023433,-0.031240
0.859000,-0.023433,-0.031240
0.860000,-0.023433,-0.031240
0.861000,-0.023433,-0.031240
0.862000,-0.023433,-0.031240
0.863000,-0.023433,-0.031240
0.864000,-0.023433,-0.031240
0.865000,-0.023433,-0.031240
0.866000,-0.031240,-0.031240
0.867000,-0.031240,-0.031240
0.868000,-0.031240,-0.031240
0.869000,-0.031240,-0.031240
0.870000,-0.031240,-0.031240
0.871000,-0.023433,-0.023433
0.872000,-0.023433,-0.023433
0.873000,-0.023433,-0.023433
0.874000,-0.023433,-0.023433
0.875000,-0.023433,-0.023433
0.876000,-0.031240,-0.023433
0.877000,-0.031240,-0.023433
0.878000,-0.031240,-0.023433
0.879000,-0.031240,-0.023433
0.880000,-0.031240,-0.023433
0.881000,-0.015624,-0.023433
0.882000,-0.015624,-0.023433
0.883000,-0.015624,-0.023433
0.884000,-0.015624,-0.023433
0.885000,-0.015624,-0.023433
0.886000,-0.031240,-0.023433
0.887000,-0.031240,-0.023433
0.888000,-0.031240,-0.023433
0.889000,-0.031240,-0.023433
0.890000,-0.031240,-0.023433
0.891000,-0.015624,-0.031240
0.892000,-0.015624,-0.031240
0.893000,-0.015624,-0.031240
0.894000,-0.015624,-0.031240
0.895000,-0.015624,-0.031240
0.896000,-0.023433,-0.023433
0.897000,-0.023433,-0.023433
0.898000,-0.023433,-0.023433
0.899000,-0.023433,-0.023433
0.900000,-0.023433,-0.023433
0.901000,-0.023433,-0.023433
0.902000,-0.023433,-0.023433
0.903000,-0.023433,-0.023433
0.904000,-0.023433,-0.023433
0.905000,-0.023433,-0.023433
0.906000,-0.023433,-0.023433
0.907000,-0.023433,-0.023433
0.908000,-0.023433,-0.023433
0.909000,-0.023433,-0.023433
0.910000,-0.023433,-0.023433
0.911000,-0.007812,-0.023433
0.912000,-0.007812,-0.023433
0.913000,-0.007812,-0.023433
0.914000,-0.007812,-0.023433
0.915000,-0.007812,-0.023433
0.916000,-0.023433,-0.015624
0.917000,-0.023433,-0.015624
0.918000,-0.023433,-0.015624
0.919000,-0.023433,-0.015624
0.920000,-0.023433,-0.015624
0.921000,-0.015624,-0.023433
0.922000,-0.015624,-0.023433
0.923000,-0.015624,-0.023433
0.924000,-0.015624,-0.023433
0.925000,-0.015624,-0.023433
0.926000,-0.015624,-0.023433
0.927000,-0.015624,-0.023433
0.928000,-0.015624,-0.023433
0.929000,-0.015624,-0.023433
0.930000,-0.015624,-0.023433
0.931000,-0.015624,-0.015624
0.932000,-0.015624,-0.015624
0.933000,-0.015624,-0.015624
0.934000,-0.015624,-0.015624
0.935000,-0.015624,-0.015624
0.936000,-0.015624,-0.007812
0.937000,-0.015624,-0.007812
0.938000,-0.015624,-0.007812
0.939000,-0.015624,-0.007812
0.940000,-0.015624,-0.007812
0.941000,0.000000,0.007812
0.942000,0.000000,0.007812
0.943000,0.000000,0.007812
0.944000,0.000000,0.007812
0.945000,0.000000,0.007812
0.946000,0.015624,0.007812
0.947000,0.015624,0.007812
0.948000,0.015624,0.007812
0.949000,0.015624,0.007812
0.950000,0.015624,0.007812
0.951000,0.015624,0.015624
0.952000,0.015624,0.015624
0.953000,0.015624,0.015624
0.954000,0.015624,0.015624
0.955000,0.015624,0.015624
0.956000,0.015624,0.015624
0.957000,0.015624,0.015624
0.958000,0.015624,0.015624
0.959000,0.015624,0.015624
0.960000,0.015624,0.015624
0.961000,0.015624,0.015624
0.962000,0.015624,0.015624
0.963000,0.015624,0.015624
0.964000,0.015624,0.015624
0.965000,0.015624,0.015624
0.966000,0.015624,0.015624
0.967000,0.015624,0.015624
0.968000,0.015624,0.015624
0.969000,0.015624,0.015624
0.970000,0.015624,0.015624
0.971000,0.015624,0.023433
0.972000,0.015624,0.023433
0.973000,0.015624,0.023433
0.974000,0.015624,0.023433
0.975000,0.015624,0.023433
0.976000,0.015624,0.015624
0.977000,0.015624,0.015624
0.978000,0.015624,0.015624
0.979000,0.015624,0.015624
0.980000,0.015624,0.015624
0.981000,0.015624,0.023433
0.982000,0.015624,0.023433
0.983000,0.015624,0.023433
0.984000,0.015624,0.023433
0.985000,0.015624,0.023433
0.986000,0.015624,0.023433
0.987000,0.015624,0.023433
0.988000,0.015624,0.023433
0.989000,0.015624,0.023433
0.990000,0.015624,0.023433
0.991000,0.015624,0.023433
0.992000,0.015624,0.023433
0.993000,0.015624,0.023433
0.994000,0.015624,0.023433
0.995000,0.015624,0.023433
0.996000,0.031240,0.023433
0.997000,0.031240,0.023433
0.998000,0.031240,0.023433
0.999000,0.031240,0.023433
1.000000,0.031240,0.023433
1.001000,0.015624,0.023433
1.002000,0.015624,0.023433
1.003000,0.015624,0.023433
1.004000,0.015624,0.023433
1.005000,0.015624,0.023433
1.006000,0.015624,0.015624
1.007000,0.015624,0.015624
1.008000,0.015624,0.015624
1.009000,0.015624,0.015624
1.010000,0.015624,0.015624
1.011000,0.023433,0.023433
1.012000,0.023433,0.023433
1.013000,0.023433,0.023433
1.014000,0.023433,0.023433
1.015000,0.023433,0.023433
1.016000,0.023433,0.023433
1.017000,0.023433,0.023433
1.018000,0.023433,0.023433
1.019000,0.023433,0.023433
1.020000,0.023433,0.023433
1.021000,0.023433,0.023433
1.022000,0.023433,0.023433
1.023000,0.023433,0.023433
1.024000,0.023433,0.023433
1.025000,0.023433,0.023433
1.026000,0.023433,0.031240
1.027000,0.023433,0.031240
1.028000,0.023433,0.031240
1.029000,0.023433,0.031240
1.030000,0.023433,0.031240
1.031000,0.023433,0.015624
1.032000,0.023433,0.015624
1.033000,0.023433,0.015624
1.034000,0.023433,0.015624
1.035000,0.023433,0.015624
1.036000,0.023433,0.031240
1.037000,0.023433,0.031240
1.038000,0.023433,0.031240
1.039000,0.023433,0.031240
1.040000,0.023433,0.031240
1.041000,0.015624,0.023433
1.042000,0.015624,0.023433
1.043000,0.015624,0.023433
1.044000,0.015624,0.023433
1.045000,0.015624,0.023433
1.046000,0.031240,0.023433
1.047000,0.031240,0.023433
1.048000,0.031240,0.023433
1.049000,0.031240,0.023433
1.050000,0.031240,0.023433
1.051000,0.023433,0.023433
1.052000,0.023433,0.023433
1.053000,0.023433,0.023433
1.054000,0.023433,0.023433
1.055000,0.023433,0.023433
1.056000,0.023433,0.039043
1.057000,0.023433,0.039043
1.058000,0.023433,0.039043
1.059000,0.023433,0.039043
1.060000,0.023433,0.039043
1.061000,0.023433,0.031240
1.062000,0.023433,0.031240
1.063000,0.023433,0.031240
1.064000,0.023433,0.031240
1.065000,0.023433,0.031240
1.066000,0.031240,0.031240
1.067000,0.031240,0.031240
1.068000,0.031240,0.031240
1.069000,0.031240,0.031240
1.070000,0.031240,0.031240
1.071000,0.023433,0.031240
1.072000,0.023433,0.031240
1.073000,0.023433,0.031240
1.074000,0.023433,0.031240
1.075000,0.023433,0.031240
1.076000,0.031240,0.031240
1.077000,0.031240,0.031240
1.078000,0.031240,0.031240
1.079000,0.031240,0.031240
1.080000,0.031240,0.031240
1.081000,0.031240,0.031240
1.082000,0.031240,0.031240
1.083000,0.031240,0.031240
1.084000,0.031240,0.031240
1.085000,0.031240,0.031240
1.086000,0.031240,0.031240
1.087000,0.031240,0.031240
1.088000,0.031240,0.031240
1.089000,0.031240,0.031240
1.090000,0.031240,0.031240
1.091000,0.031240,0.031240
1.092000,0.031240,0.031240
1.093000,0.031240,0.031240
1.094000,0.031240,0.031240
1.095000,0.031240,0.031240
1.096000,0.031240,0.039043
1.097000,0.031240,0.039043
1.098000,0.031240,0.039043
1.099000,0.031240,0.039043
1.100000,0.031240,0.039043
1.101000,0.031240,0.039043
1.102000,0.031240,0.039043
1.103000,0.031240,0.039043
1.104000,0.031240,0.039043
1.105000,0.031240,0.039043
1.106000,0.031240,0.039043
1.107000,0.031240,0.039043
1.108000,0.031240,0.039043
1.109000,0.031240,0.039043
1.110000,0.031240,0.039043
1.111000,0.031240,0.031240
1.112000,0.031240,0.031240
1.113000,0.031240,0.031240
1.114000,0.031240,0.031240
1.115000,0.031240,0.031240
1.116000,0.039043,0.039043
1.117000,0.039043,0.039043
1.118000,0.039043,0.039043
1.119000,0.039043,0.039043
1.120000,0.039043,0.039043
1.121000,0.039043,0.031240
1.122000,0.039043,0.031240
1.123000,0.039043,0.031240
1.124000,0.039043,0.031240
1.125000,0.039043,0.031240
1.126000,0.039043,0.039043
1.127000,0.039043,0.039043
1.128000,0.039043,0.039043
1.129000,0.039043,0.039043
1.130000,0.039043,0.039043
1.131000,0.031240,0.039043
1.132000,0.031240,0.039043
1.133000,0.031240,0.039043
1.134000,0.031240,0.039043
1.135000,0.031240,0.039043
1.136000,0.031240,0.039043
1.137000,0.031240,0.039043
1.138000,0.031240,0.039043
1.139000,0.031240,0.039043
1.140000,0.031240,0.039043
1.141000,0.039043,0.046841
1.142000,0.039043,0.046841
1.143000,0.039043,0.046841
1.144000,0.039043,0.046841
1.145000,0.039043,0.046841
1.146000,0.039043,0.031240
1.147000,0.039043,0.031240
1.148000,0.039043,0.031240
1.149000,0.039043,0.031240
1.150000,0.039043,0.031240
1.151000,0.031240,0.046841
1.152000,0.031240,0.046841
1.153000,0.031240,0.046841
1.154000,0.031240,0.046841
1.155000,0.031240,0.046841
1.156000,0.046841,0.031240
1.157000,0.046841,0.031240
1.158000,0.046841,0.031240
1.159000,0.046841,0.031240
1.160000,0.046841,0.031240
1.161000,0.031240,0.046841
1.162000,0.031240,0.046841
1.163000,0.031240,0.046841
1.164000,0.031240,0.046841
1.165000,0.031240,0.046841
1.166000,0.046841,0.039043
1.167000,0.046841,0.039043
1.168000,0.046841,0.039043
1.169000,0.046841,0.039043
1.170000,0.046841,0.039043
1.171000,0.039043,0.039043
1.172000,0.039043,0.039043
1.173000,0.039043,0.039043
1.174000,0.039043,0.039043
1.175000,0.039043,0.039043
1.176000,0.039043,0.039043
1.177000,0.039043,0.039043
1.178000,0.039043,0.039043
1.179000,0.039043,0.039043
1.180000,0.039043,0.039043
1.181000,0.039043,0.046841
1.182000,0.039043,0.046841
1.183000,0.039043,0.046841
1.184000,0.039043,0.046841
1.185000,0.039043,0.046841
1.186000,0.039043,0.039043
1.187000,0.039043,0.039043
1.188000,0.039043,0.039043
1.189000,0.039043,0.039043
1.190000,0.039043,0.039043
1.191000,0.046841,0.039043
1.192000,0.046841,0.039043
1.193000,0.046841,0.039043
1.194000,0.046841,0.039043
1.195000,0.046841,0.039043
1.196000,0.039043,0.039043
1.197000,0.039043,0.039043
1.198000,0.039043,0.039043
1.199000,0.039043,0.039043
1.200000,0.039043,0.039043
1.201000,0.039043,0.046841
1.202000,0.039043,0.046841
1.203000,0.039043,0.046841
1.204000,0.039043,0.046841
1.205000,0.039043,0.046841
1.206000,0.039043,0.031240
1.207000,0.039043,0.031240
1.208000,0.039043,0.031240
1.209000,0.039043,0.031240
1.210000,0.039043,0.031240
1.211000,0.046841,0.039043
1.212000,0.046841,0.039043
1.213000,0.046841,0.039043
1.214000,0.046841,0.039043
1.215000,0.046841,0.039043
1.216000,0.031240,0.039043
1.217000,0.031240,0.039043
1.218000,0.031240,0.039043
1.219000,0.031240,0.039043
1.220000,0.031240,0.039043
1.221000,0.046841,0.039043
1.222000,0.046841,0.039043
1.223000,0.046841,0.039043
1.224000,0.046841,0.039043
1.225000,0.046841,0.039043
1.226000,0.031240,0.039043
1.227000,0.031240,0.039043
1.228000,0.031240,0.039043
1.229000,0.031240,0.039043
1.230000,0.031240,0.039043
1.231000,0.046841,0.039043
1.232000,0.046841,0.039043
1.233000,0.046841,0.039043
1.234000,0.046841,0.039043
1.235000,0.046841,0.039043
1.236000,0.039043,0.039043
1.237000,0.039043,0.039043
1.238000,0.039043,0.039043
1.239000,0.039043,0.039043
1.240000,0.039043,0.039043
1.241000,0.039043,0.039043
1.242000,0.039043,0.039043
1.243000,0.039043,0.039043
1.244000,0.039043,0.039043
1.245000,0.039043,0.039043
1.246000,0.039043,0.031240
1.247000,0.039043,0.031240
1.248000,0.039043,0.031240
1.249000,0.039043,0.031240
1.250000,0.039043,0.031240
1.251000,0.039043,0.031240
1.252000,0.039043,0.031240
1.253000,0.039043,0.031240
1.254000,0.039043,0.031240
1.255000,0.039043,0.031240
1.256000,0.039043,0.039043
1.257000,0.039043,0.039043
1.258000,0.039043,0.039043
1.259000,0.039043,0.039043
1.260000,0.039043,0.039043
1.261000,0.031240,0.031240
1.262000,0.031240,0.031240
1.263000,0.031240,0.031240
1.264000,0.031240,0.031240
1.265000,0.031240,0.031240
1.266000,0.039043,0.031240
1.267000,0.039043,0.031240
1.268000,0.039043,0.031240
1.269000,0.039043,0.031240
1.270000,0.039043,0.031240
1.271000,0.031240,0.031240
1.272000,0.031240,0.031240
1.273000,0.031240,0.031240
1.274000,0.031240,0.031240
1.275000,0.031240,0.031240
1.276000,0.031240,0.031240
1.277000,0.031240,0.031240
1.278000,0.031240,0.031240
1.279000,0.031240,0.031240
1.280000,0.031240,0.031240
1.281000,0.031240,0.031240
1.282000,0.031240,0.031240
1.283000,0.031240,0.031240
1.284000,0.031240,0.031240
1.285000,0.031240,0.031240
1.286000,0.031240,0.031240
1.287000,0.031240,0.031240
1.288000,0.031240,0.031240
1.289000,0.031240,0.031240
1.290000,0.031240,0.031240
1.291000,0.031240,0.031240
1.292000,0.031240,0.031240
1.293000,0.031240,0.031240
1.294000,0.031240,0.031240
1.295000,0.031240,0.031240
1.296000,0.031240,0.023433
1.297000,0.031240,0.023433
1.298000,0.031240,0.023433
1.299000,0.031240,0.023433
1.300000,0.031240,0.023433
1.301000,0.031240,0.031240
1.302000,0.031240,0.031240
1.303000,0.031240,0.031240
1.304000,0.031240,0.031240
1.305000,0.031240,0.031240
1.306000,0.039043,0.031240
1.307000,0.039043,0.031240
1.308000,0.039043,0.031240
1.309000,0.039043,0.031240
1.310000,0.039043,0.031240
1.311000,0.031240,0.023433
1.312000,0.031240,0.023433
1.313000,0.031240,0.023433
1.314000,0.031240,0.023433
1.315000,0.031240,0.023433
1.316000,0.023433,0.031240
1.317000,0.023433,0.031240
1.318000,0.023433,0.031240
1.319000,0.023433,0.031240
1.320000,0.023433,0.031240
1.321000,0.023433,0.015624
1.322000,0.023433,0.015624
1.323000,0.023433,0.015624
1.324000,0.023433,0.015624
1.325000,0.023433,0.015624
1.326000,0.031240,0.031240
1.327000,0.031240,0.031240
1.328000,0.031240,0.031240
1.329000,0.031240,0.031240
1.330000,0.031240,0.031240
1.331000,0.031240,0.023433
1.332000,0.031240,0.023433
1.333000,0.031240,0.023433
1.334000,0.031240,0.023433
1.335000,0.031240,0.023433
1.336000,0.031240,0.023433
1.337000,0.031240,0.023433
1.338000,0.031240,0.023433
1.339000,0.031240,0.023433
1.340000,0.031240,0.023433
1.341000,0.023433,0.023433
1.342000,0.023433,0.023433
1.343000,0.023433,0.023433
1.344000,0.023433,0.023433
1.345000,0.023433,0.023433
1.346000,0.023433,0.023433
1.347000,0.023433,0.023433
1.348000,0.023433,0.023433
1.349000,0.023433,0.023433
1.350000,0.023433,0.023433
1.351000,0.023433,0.023433
1.352000,0.023433,0.023433
1.353000,0.023433,0.023433
1.354000,0.023433,0.023433
1.355000,0.023433,0.023433
1.356000,0.023433,0.023433
1.357000,0.023433,0.023433
1.358000,0.023433,0.023433
1.359000,0.023433,0.023433
1.360000,0.023433,0.023433
1.361000,0.023433,0.015624
1.362000,0.023433,0.015624
1.363000,0.023433,0.015624
1.364000,0.023433,0.015624
1.365000,0.023433,0.015624
1.366000,0.023433,0.015624
1.367000,0.023433,0.015624
1.368000,0.023433,0.015624
1.369000,0.023433,0.015624
1.370000,0.023433,0.015624
1.371000,0.023433,0.015624
1.372000,0.023433,0.015624
1.373000,0.023433,0.015624
1.374000,0.023433,0.015624
1.375000,0.023433,0.015624
1.376000,0.023433,0.015624
1.377000,0.023433,0.015624
1.378000,0.023433,0.015624
1.379000,0.023433,0.015624
1.380000,0.023433,0.015624
1.381000,0.015624,0.023433
1.382000,0.015624,0.023433
1.383000,0.015624,0.023433
1.384000,0.015624,0.023433
1.385000,0.015624,0.023433
1.386000,0.015624,0.023433
1.387000,0.015624,0.023433
1.388000,0.015624,0.023433
1.389000,0.015624,0.023433
1.390000,0.015624,0.023433
1.391000,0.023433,0.015624
1.392000,0.023433,0.015624
1.393000,0.023433,0.015624
1.394000,0.023433,0.015624
1.395000,0.023433,0.015624
1.396000,0.015624,0.015624
1.397000,0.015624,0.015624
1.398000,0.015624,0.015624
1.399000,0.015624,0.015624
1.400000,0.015624,0.015624
1.401000,0.015624,0.023433
1.402000,0.015624,0.023433
1.403000,0.015624,0.023433
1.404000,0.015624,0.023433
1.405000,0.015624,0.023433
1.406000,0.023433,0.007812
1.407000,0.023433,0.007812
1.408000,0.023433,0.007812
1.409000,0.023433,0.007812
1.410000,0.023433,0.007812
1.411000,0.015624,0.023433
1.412000,0.015624,0.023433
1.413000,0.015624,0.023433
1.414000,0.015624,0.023433
1.415000,0.015624,0.023433
1.416000,0.023433,0.007812
1.417000,0.023433,0.007812
1.418000,0.023433,0.007812
1.419000,0.023433,0.007812
1.420000,0.023433,0.007812
1.421000,0.015624,0.015624
1.422000,0.015624,0.015624
1.423000,0.015624,0.015624
1.424000,0.015624,0.015624
1.425000,0.015624,0.015624
1.426000,0.015624,0.015624
1.427000,0.015624,0.015624
1.428000,0.015624,0.015624
1.429000,0.015624,0.015624
1.430000,0.015624,0.015624
1.431000,0.015624,0.015624
1.432000,0.015624,0.015624
1.433000,0.015624,0.015624
1.434000,0.015624,0.015624
1.435000,0.015624,0.015624
1.436000,0.007812,0.015624
1.437000,0.007812,0.015624
1.438000,0.007812,0.015624
1.439000,0.007812,0.015624
1.440000,0.007812,0.015624
1.441000,0.007812,0.000000
1.442000,0.007812,0.000000
1.443000,0.007812,0.000000
1.444000,0.007812,0.000000
1.445000,0.007812,0.000000
1.446000,-0.007812,-0.007812
1.447000,-0.007812,-0.007812
1.448000,-0.007812,-0.007812
1.449000,-0.007812,-0.007812
1.450000,-0.007812,-0.007812
1.451000,-0.007812,-0.015624
1.452000,-0.007812,-0.015624
1.453000,-0.007812,-0.015624
1.454000,-0.007812,-0.015624
1.455000,-0.007812,-0.015624
1.456000,-0.015624,-0.007812
1.457000,-0.015624,-0.007812
1.458000,-0.015624,-0.007812
1.459000,-0.015624,-0.007812
1.460000,-0.015624,-0.007812
1.461000,-0.015624,-0.015624
1.462000,-0.015624,-0.015624
1.463000,-0.015624,-0.015624
1.464000,-0.015624,-0.015624
1.465000,-0.015624,-0.015624
1.466000,-0.015624,-0.007812
1.467000,-0.015624,-0.007812
1.468000,-0.015624,-0.007812
1.469000,-0.015624,-0.007812
1.470000,-0.015624,-0.007812
1.471000,-0.015624,-0.015624
1.472000,-0.015624,-0.015624
1.473000,-0.015624,-0.015624
1.474000,-0.015624,-0.015624
1.475000,-0.015624,-0.015624
1.476000,-0.015624,-0.007812
1.477000,-0.015624,-0.007812
1.478000,-0.015624,-0.007812
1.479000,-0.015624,-0.007812
1.480000,-0.015624,-0.007812
1.481000,-0.015624,-0.023433
1.482000,-0.015624,-0.023433
1.483000,-0.015624,-0.023433
1.484000,-0.015624,-0.023433
1.485000,-0.015624,-0.023433
1.486000,-0.015624,-0.015624
1.487000,-0.015624,-0.015624
1.488000,-0.015624,-0.015624
1.489000,-0.015624,-0.015624
1.490000,-0.015624,-0.015624
1.491000,-0.015624,-0.015624
1.492000,-0.015624,-0.015624
1.493000,-0.015624,-0.015624
1.494000,-0.015624,-0.015624
1.495000,-0.015624,-0.015624
1.496000,-0.015624,-0.015624
1.497000,-0.015624,-0.015624
1.498000,-0.015624,-0.015624
1.499000,-0.015624,-0.015624
1.500000,-0.015624,-0.015624
1.501000,-0.015624,-0.015624
1.502000,-0.015624,-0.015624
1.503000,-0.015624,-0.015624
1.504000,-0.015624,-0.015624
1.505000,-0.015624,-0.015624
1.506000,-0.023433,-0.015624
1.507000,-0.023433,-0.015624
1.508000,-0.023433,-0.015624
1.509000,-0.023433,-0.015624
1.510000,-0.023433,-0.015624
1.511000,-0.015624,-0.015624
1.512000,-0.015624,-0.015624
1.513000,-0.015624,-0.015624
1.514000,-0.015624,-0.015624
1.515000,-0.015624,-0.015624
1.516000,-0.023433,-0.015624
1.517000,-0.023433,-0.015624
1.518000,-0.023433,-0.015624
1.519000,-0.023433,-0.015624
1.520000,-0.023433,-0.015624
1.521000,-0.015624,-0.015624
1.522000,-0.015624,-0.015624
1.523000,-0.015624,-0.015624
1.524000,-0.015624,-0.015624
1.525000,-0.015624,-0.015624
1.526000,-0.015624,-0.015624
1.527000,-0.015624,-0.015624
1.528000,-0.015624,-0.015624
1.529000,-0.015624,-0.015624
1.530000,-0.015624,-0.015624
1.531000,-0.015624,-0.015624
1.532000,-0.015624,-0.015624
1.533000,-0.015624,-0.015624
1.534000,-0.015624,-0.015624
1.535000,-0.015624,-0.015624
1.536000,-0.023433,-0.015624
1.537000,-0.023433,-0.015624
1.538000,-0.023433,-0.015624
1.539000,-0.023433,-0.015624
1.540000,-0.023433,-0.015624
1.541000,-0.015624,-0.023433
1.542000,-0.015624,-0.023433
1.543000,-0.015624,-0.023433
1.544000,-0.015624,-0.023433
1.545000,-0.015624,-0.023433
1.546000,-0.031240,-0.015624
1.547000,-0.031240,-0.015624
1.548000,-0.031240,-0.015624
1.549000,-0.031240,-0.015624
1.550000,-0.031240,-0.015624
1.551000,-0.015624,-0.015624
1.552000,-0.015624,-0.015624
1.553000,-0.015624,-0.015624
1.554000,-0.015624,-0.015624
1.555000,-0.015624,-0.015624
1.556000,-0.023433,-0.015624
1.557000,-0.023433,-0.015624
1.558000,-0.023433,-0.015624
1.559000,-0.023433,-0.015624
1.560000,-0.023433,-0.015624
1.561000,-0.023433,-0.023433
1.562000,-0.023433,-0.023433
1.563000,-0.023433,-0.023433
1.564000,-0.023433,-0.023433
1.565000,-0.023433,-0.023433
1.566000,-0.023433,-0.015624
1.567000,-0.023433,-0.015624
1.568000,-0.023433,-0.015624
1.569000,-0.023433,-0.015624
1.570000,-0.023433,-0.015624
1.571000,-0.023433,-0.031240
1.572000,-0.023433,-0.031240
1.573000,-0.023433,-0.031240
1.574000,-0.023433,-0.031240
1.575000,-0.023433,-0.031240
1.576000,-0.023433,-0.015624
1.577000,-0.023433,-0.015624
1.578000,-0.023433,-0.015624
1.579000,-0.023433,-0.015624
1.580000,-0.023433,-0.015624
1.581000,-0.023433,-0.023433
1.582000,-0.023433,-0.023433
1.583000,-0.023433,-0.023433
1.584000,-0.023433,-0.023433
1.585000,-0.023433,-0.023433
1.586000,-0.023433,-0.023433
1.587000,-0.023433,-0.023433
1.588000,-0.023433,-0.023433
1.589000,-0.023433,-0.023433
1.590000,-0.023433,-0.023433
1.591000,-0.023433,-0.023433
1.592000,-0.023433,-0.023433
1.593000,-0.023433,-0.023433
1.594000,-0.023433,-0.023433
1.595000,-0.023433,-0.023433
1.596000,-0.031240,-0.023433
1.597000,-0.031240,-0.023433
1.598000,-0.031240,-0.023433
1.599000,-0.031240,-0.023433
1.600000,-0.031240,-0.023433
1.601000,-0.023433,-0.023433
1.602000,-0.023433,-0.023433
1.603000,-0.023433,-0.023433
1.604000,-0.023433,-0.023433
1.605000,-0.023433,-0.023433
1.606000,-0.031240,-0.023433
1.607000,-0.031240,-0.023433
1.608000,-0.031240,-0.023433
1.609000,-0.031240,-0.023433
1.610000,-0.031240,-0.023433
1.611000,-0.023433,-0.023433
1.612000,-0.023433,-0.023433
1.613000,-0.023433,-0.023433
1.614000,-0.023433,-0.023433
1.615000,-0.023433,-0.023433
1.616000,-0.023433,-0.023433
1.617000,-0.023433,-0.023433
1.618000,-0.023433,-0.023433
1.619000,-0.023433,-0.023433
1.620000,-0.023433,-0.023433
1.621000,-0.031240,-0.023433
1.622000,-0.031240,-0.023433
1.623000,-0.031240,-0.023433
1.624000,-0.031240,-0.023433
1.625000,-0.031240,-0.023433
1.626000,-0.023433,-0.031240
1.627000,-0.023433,-0.031240
1.628000,-0.023433,-0.031240
1.629000,-0.023433,-0.031240
1.630000,-0.023433,-0.031240
1.631000,-0.031240,-0.023433
1.632000,-0.031240,-0.023433
1.633000,-0.031240,-0.023433
1.634000,-0.031240,-0.023433
1.635000,-0.031240,-0.023433
1.636000,-0.023433,-0.031240
1.637000,-0.023433,-0.031240
1.638000,-0.023433,-0.031240
1.639000,-0.023433,-0.031240
1.640000,-0.023433,-0.031240
1.641000,-0.039043,-0.023433
1.642000,-0.039043,-0.023433
1.643000,-0.039043,-0.023433
1.644000,-0.039043,-0.023433
1.645000,-0.039043,-0.023433
1.646000,-0.031240,-0.023433
1.647000,-0.031240,-0.023433
1.648000,-0.031240,-0.023433
1.649000,-0.031240,-0.023433
1.650000,-0.031240,-0.023433
1.651000,-0.031240,-0.031240
1.652000,-0.031240,-0.031240
1.653000,-0.031240,-0.031240
1.654000,-0.031240,-0.031240
1.655000,-0.031240,-0.031240
1.656000,-0.031240,-0.023433
1.657000,-0.031240,-0.023433
1.658000,-0.031240,-0.023433
1.659000,-0.031240,-0.023433
1.660000,-0.031240,-0.023433
1.661000,-0.031240,-0.039043
1.662000,-0.031240,-0.039043
1.663000,-0.031240,-0.039043
1.664000,-0.031240,-0.039043
1.665000,-0.031240,-0.039043
1.666000,-0.031240,-0.023433
1.667000,-0.031240,-0.023433
1.668000,-0.031240,-0.023433
1.669000,-0.031240,-0.023433
1.670000,-0.031240,-0.023433
1.671000,-0.031240,-0.031240
1.672000,-0.031240,-0.031240
1.673000,-0.031240,-0.031240
1.674000,-0.031240,-0.031240
1.675000,-0.031240,-0.031240
1.676000,-0.031240,-0.031240
1.677000,-0.031240,-0.031240
1.678000,-0.031240,-0.031240
1.679000,-0.031240,-0.031240
1.680000,-0.031240,-0.031240
1.681000,-0.031240,-0.031240
1.682000,-0.031240,-0.031240
1.683000,-0.031240,-0.031240
1.684000,-0.031240,-0.031240
1.685000,-0.031240,-0.031240
1.686000,-0.031240,-0.031240
1.687000,-0.031240,-0.031240
1.688000,-0.031240,-0.031240
1.689000,-0.031240,-0.031240
1.690000,-0.031240,-0.031240
1.691000,-0.031240,-0.031240
1.692000,-0.031240,-0.031240
1.693000,-0.031240,-0.031240
1.694000,-0.031240,-0.031240
1.695000,-0.031240,-0.031240
1.696000,-0.031240,-0.031240
1.697000,-0.031240,-0.031240
1.698000,-0.031240,-0.031240
1.699000,-0.031240,-0.031240
1.700000,-0.031240,-0.031240
1.701000,-0.039043,-0.031240
1.702000,-0.039043,-0.031240
1.703000,-0.039043,-0.031240
1.704000,-0.039043,-0.031240
1.705000,-0.039043,-0.031240
1.706000,-0.031240,-0.031240
1.707000,-0.031240,-0.031240
1.708000,-0.031240,-0.031240
1.709000,-0.031240,-0.031240
1.710000,-0.031240,-0.031240
1.711000,-0.039043,-0.031240
1.712000,-0.039043,-0.031240
1.713000,-0.039043,-0.031240
1.714000,-0.039043,-0.031240
1.715000,-0.039043,-0.031240
1.716000,-0.031240,-0.031240
1.717000,-0.031240,-0.031240
1.718000,-0.031240,-0.031240
1.719000,-0.031240,-0.031240
1.720000,-0.031240,-0.031240
1.721000,-0.031240,-0.039043
1.722000,-0.031240,-0.039043
1.723000,-0.031240,-0.039043
1.724000,-0.031240,-0.039043
1.725000,-0.031240,-0.039043
1.726000,-0.039043,-0.031240
1.727000,-0.039043,-0.031240
1.728000,-0.039043,-0.031240
1.729000,-0.039043,-0.031240
1.730000,-0.039043,-0.031240
1.731000,-0.031240,-0.039043
1.732000,-0.031240,-0.039043
1.733000,-0.031240,-0.039043
1.734000,-0.031240,-0.039043
1.735000,-0.031240,-0.039043
1.736000,-0.031240,-0.031240
1.737000,-0.031240,-0.031240
1.738000,-0.031240,-0.031240
1.739000,-0.031240,-0.031240
1.740000,-0.031240,-0.031240
1.741000,-0.039043,-0.031240
1.742000,-0.039043,-0.031240
1.743000,-0.039043,-0.031240
1.744000,-0.039043,-0.031240
1.745000,-0.039043,-0.031240
1.746000,-0.031240,-0.039043
1.747000,-0.031240,-0.039043
1.748000,-0.031240,-0.039043
1.749000,-0.031240,-0.039043
1.750000,-0.031240,-0.039043
1.751000,-0.031240,-0.031240
1.752000,-0.031240,-0.031240
1.753000,-0.031240,-0.031240
1.754000,-0.031240,-0.031240
1.755000,-0.031240,-0.031240
1.756000,-0.031240,-0.031240
1.757000,-0.031240,-0.031240
1.758000,-0.031240,-0.031240
1.759000,-0.031240,-0.031240
1.760000,-0.031240,-0.031240
1.761000,-0.039043,-0.039043
1.762000,-0.039043,-0.039043
1.763000,-0.039043,-0.039043
1.764000,-0.039043,-0.039043
1.765000,-0.039043,-0.039043
1.766000,-0.031240,-0.031240
1.767000,-0.031240,-0.031240
1.768000,-0.031240,-0.031240
1.769000,-0.031240,-0.031240
1.770000,-0.031240,-0.031240
1.771000,-0.031240,-0.031240
1.772000,-0.031240,-0.031240
1.773000,-0.031240,-0.031240
1.774000,-0.031240,-0.031240
1.775000,-0.031240,-0.031240
1.776000,-0.031240,-0.031240
1.777000,-0.031240,-0.031240
1.778000,-0.031240,-0.031240
1.779000,-0.031240,-0.031240
1.780000,-0.031240,-0.031240
1.781000,-0.031240,-0.039043
1.782000,-0.031240,-0.039043
1.783000,-0.031240,-0.039043
1.784000,-0.031240,-0.039043
1.785000,-0.031240,-0.039043
1.786000,-0.039043,-0.031240
1.787000,-0.039043,-0.031240
1.788000,-0.039043,-0.031240
1.789000,-0.039043,-0.031240
1.790000,-0.039043,-0.031240
1.791000,-0.031240,-0.031240
1.792000,-0.031240,-0.031240
1.793000,-0.031240,-0.031240
1.794000,-0.031240,-0.031240
1.795000,-0.031240,-0.031240
1.796000,-0.031240,-0.031240
1.797000,-0.031240,-0.031240
1.798000,-0.031240,-0.031240
1.799000,-0.031240,-0.031240
1.800000,-0.031240,-0.031240
1.801000,-0.031240,-0.031240
1.802000,-0.031240,-0.031240
1.803000,-0.031240,-0.031240
1.804000,-0.031240,-0.031240
1.805000,-0.031240,-0.031240
1.806000,-0.023433,-0.039043
1.807000,-0.023433,-0.039043
1.808000,-0.023433,-0.039043
1.809000,-0.023433,-0.039043
1.810000,-0.023433,-0.039043
1.811000,-0.039043,-0.031240
1.812000,-0.039043,-0.031240
1.813000,-0.039043,-0.031240
1.814000,-0.039043,-0.031240
1.815000,-0.039043,-0.031240
1.816000,-0.023433,-0.031240
1.817000,-0.023433,-0.031240
1.818000,-0.023433,-0.031240
1.819000,-0.023433,-0.031240
1.820000,-0.023433,-0.031240
1.821000,-0.031240,-0.031240
1.822000,-0.031240,-0.031240
1.823000,-0.031240,-0.031240
1.824000,-0.031240,-0.031240
1.825000,-0.031240,-0.031240
1.826000,-0.031240,-0.031240
1.827000,-0.031240,-0.031240
1.828000,-0.031240,-0.031240
1.829000,-0.031240,-0.031240
1.830000,-0.031240,-0.031240
1.831000,-0.023433,-0.031240
1.832000,-0.023433,-0.031240
1.833000,-0.023433,-0.031240
1.834000,-0.023433,-0.031240
1.835000,-0.023433,-0.031240
1.836000,-0.031240,-0.023433
1.837000,-0.031240,-0.023433
1.838000,-0.031240,-0.023433
1.839000,-0.031240,-0.023433
1.840000,-0.031240,-0.023433
1.841000,-0.031240,-0.039043
1.842000,-0.031240,-0.039043
1.843000,-0.031240,-0.039043
1.844000,-0.031240,-0.039043
1.845000,-0.031240,-0.039043
1.846000,-0.015624,-0.023433
1.847000,-0.015624,-0.023433
1.848000,-0.015624,-0.023433
1.849000,-0.015624,-0.023433
1.850000,-0.015624,-0.023433
1.851000,-0.031240,-0.031240
1.852000,-0.031240,-0.031240
1.853000,-0.031240,-0.031240
1.854000,-0.031240,-0.031240
1.855000,-0.031240,-0.031240
1.856000,-0.023433,-0.031240
1.857000,-0.023433,-0.031240
1.858000,-0.023433,-0.031240
1.859000,-0.023433,-0.031240
1.860000,-0.023433,-0.031240
1.861000,-0.023433,-0.023433
1.862000,-0.023433,-0.023433
1.863000,-0.023433,-0.023433
1.864000,-0.023433,-0.023433
1.865000,-0.023433,-0.023433
1.866000,-0.023433,-0.031240
1.867000,-0.023433,-0.031240
1.868000,-0.023433,-0.031240
1.869000,-0.023433,-0.031240
1.870000,-0.023433,-0.031240
1.871000,-0.023433,-0.031240
1.872000,-0.023433,-0.031240
1.873000,-0.023433,-0.031240
1.874000,-0.023433,-0.031240
1.875000,-0.023433,-0.031240
1.876000,-0.023433,-0.015624
1.877000,-0.023433,-0.015624
1.878000,-0.023433,-0.015624
1.879000,-0.023433,-0.015624
1.880000,-0.023433,-0.015624
1.881000,-0.023433,-0.023433
1.882000,-0.023433,-0.023433
1.883000,-0.023433,-0.023433
1.884000,-0.023433,-0.023433
1.885000,-0.023433,-0.023433
1.886000,-0.023433,-0.023433
1.887000,-0.023433,-0.023433
1.888000,-0.023433,-0.023433
1.889000,-0.023433,-0.023433
1.890000,-0.023433,-0.023433
1.891000,-0.023433,-0.023433
1.892000,-0.023433,-0.023433
1.893000,-0.023433,-0.023433
1.894000,-0.023433,-0.023433
1.895000,-0.023433,-0.023433
1.896000,-0.015624,-0.023433
1.897000,-0.015624,-0.023433
1.898000,-0.015624,-0.023433
1.899000,-0.015624,-0.023433
1.900000,-0.015624,-0.023433
1.901000,-0.023433,-0.023433
1.902000,-0.023433,-0.023433
1.903000,-0.023433,-0.023433
1.904000,-0.023433,-0.023433
1.905000,-0.023433,-0.023433
1.906000,-0.015624,-0.023433
1.907000,-0.015624,-0.023433
1.908000,-0.015624,-0.023433
1.909000,-0.015624,-0.023433
1.910000,-0.015624,-0.023433
1.911000,-0.023433,-0.023433
1.912000,-0.023433,-0.023433
1.913000,-0.023433,-0.023433
1.914000,-0.023433,-0.023433
1.915000,-0.023433,-0.023433
1.916000,-0.023433,-0.023433
1.917000,-0.023433,-0.023433
1.918000,-0.023433,-0.023433
1.919000,-0.023433,-0.023433
1.920000,-0.023433,-0.023433
1.921000,-0.023433,-0.023433
1.922000,-0.023433,-0.023433
1.923000,-0.023433,-0.023433
1.924000,-0.023433,-0.023433
1.925000,-0.023433,-0.023433
1.926000,-0.015624,-0.023433
1.927000,-0.015624,-0.023433
1.928000,-0.015624,-0.023433
1.929000,-0.015624,-0.023433
1.930000,-0.015624,-0.023433
1.931000,-0.023433,-0.015624
1.932000,-0.023433,-0.015624
1.933000,-0.023433,-0.015624
1.934000,-0.023433,-0.015624
1.935000,-0.023433,-0.015624
1.936000,-0.007812,-0.023433
1.937000,-0.007812,-0.023433
1.938000,-0.007812,-0.023433
1.939000,-0.007812,-0.023433
1.940000,-0.007812,-0.023433
1.941000,-0.023433,-0.015624
1.942000,-0.023433,-0.015624
1.943000,-0.023433,-0.015624
1.944000,-0.023433,-0.015624
1.945000,-0.023433,-0.015624
1.946000,-0.015624,-0.023433
1.947000,-0.015624,-0.023433
1.948000,-0.015624,-0.023433
1.949000,-0.015624,-0.023433
1.950000,-0.015624,-0.023433
1.951000,-0.015624,-0.023433
1.952000,-0.015624,-0.023433
1.953000,-0.015624,-0.023433
1.954000,-0.015624,-0.023433
1.955000,-0.015624,-0.023433
1.956000,-0.015624,-0.015624
1.957000,-0.015624,-0.015624
1.958000,-0.015624,-0.015624
1.959000,-0.015624,-0.015624
1.960000,-0.015624,-0.015624
1.961000,-0.015624,-0.023433
1.962000,-0.015624,-0.023433
1.963000,-0.015624,-0.023433
1.964000,-0.015624,-0.023433
1.965000,-0.015624,-0.023433
1.966000,-0.015624,-0.007812
1.967000,-0.015624,-0.007812
1.968000,-0.015624,-0.007812
1.969000,-0.015624,-0.007812
1.970000,-0.015624,-0.007812
1.971000,-0.015624,-0.023433
1.972000,-0.015624,-0.023433
1.973000,-0.015624,-0.023433
1.974000,-0.015624,-0.023433
1.975000,-0.015624,-0.023433
1.976000,-0.015624,-0.015624
1.977000,-0.015624,-0.015624
1.978000,-0.015624,-0.015624
1.979000,-0.015624,-0.015624
1.980000,-0.015624,-0.015624
1.981000,-0.015624,-0.015624
1.982000,-0.015624,-0.015624
1.983000,-0.015624,-0.015624
1.984000,-0.015624,-0.015624
1.985000,-0.015624,-0.015624
1.986000,-0.015624,-0.015624
1.987000,-0.015624,-0.015624
1.988000,-0.015624,-0.015624
1.989000,-0.015624,-0.015624
1.990000,-0.015624,-0.015624
1.991000,-0.015624,-0.015624
1.992000,-0.015624,-0.015624
1.993000,-0.015624,-0.015624
1.994000,-0.015624,-0.015624
1.995000,-0.015624,-0.015624
1.996000,-0.007812,-0.015624
1.997000,-0.007812,-0.015624
1.998000,-0.007812,-0.015624
1.999000,-0.007812,-0.015624
2.000000,-0.007812,-0.015624
2.001000,-0.015624,-0.015624
2.002000,-0.015624,-0.015624
2.003000,-0.015624,-0.015624
2.004000,-0.015624,-0.015624
2.005000,-0.015624,-0.015624
2.006000,-0.007812,-0.015624
2.007000,-0.007812,-0.015624
2.008000,-0.007812,-0.015624
2.009000,-0.007812,-0.015624
2.010000,-0.007812,-0.015624
2.011000,-0.023433,-0.015624
2.012000,-0.023433,-0.015624
2.013000,-0.023433,-0.015624
2.014000,-0.023433,-0.015624
2.015000,-0.023433,-0.015624
2.016000,-0.007812,-0.015624
2.017000,-0.007812,-0.015624
2.018000,-0.007812,-0.015624
2.019000,-0.007812,-0.015624
2.020000,-0.007812,-0.015624
2.021000,-0.007812,-0.007812
2.022000,-0.007812,-0.007812
2.023000,-0.007812,-0.007812
2.024000,-0.007812,-0.007812
2.025000,-0.007812,-0.007812
2.026000,-0.015624,-0.015624
2.027000,-0.015624,-0.015624
2.028000,-0.015624,-0.015624
2.029000,-0.015624,-0.015624
2.030000,-0.015624,-0.015624
2.031000,-0.015624,-0.007812
2.032000,-0.015624,-0.007812
2.033000,-0.015624,-0.007812
2.034000,-0.015624,-0.007812
2.035000,-0.015624,-0.007812
2.036000,-0.007812,-0.007812
2.037000,-0.007812,-0.007812
2.038000,-0.007812,-0.007812
2.039000,-0.007812,-0.007812
2.040000,-0.007812,-0.007812
2.041000,0.000000,-0.007812
2.042000,0.000000,-0.007812
2.043000,0.000000,-0.007812
2.044000,0.000000,-0.007812
2.045000,0.000000,-0.007812
2.046000,0.000000,0.000000
2.047000,0.000000,0.000000
2.048000,0.000000,0.000000
2.049000,0.000000,0.000000
2.050000,0.000000,0.000000
2.051000,0.007812,0.007812
2.052000,0.007812,0.007812
2.053000,0.007812,0.007812
2.054000,0.007812,0.007812
2.055000,0.007812,0.007812
2.056000,0.007812,0.007812
2.057000,0.007812,0.007812
2.058000,0.007812,0.007812
2.059000,0.007812,0.007812
2.060000,0.007812,0.007812
2.061000,0.007812,0.015624
2.062000,0.007812,0.015624
2.063000,0.007812,0.015624
2.064000,0.007812,0.015624
2.065000,0.007812,0.015624
2.066000,0.007812,0.007812
2.067000,0.007812,0.007812
2.068000,0.007812,0.007812
2.069000,0.007812,0.007812
2.070000,0.007812,0.007812
2.071000,0.015624,0.015624
2.072000,0.015624,0.015624
2.073000,0.015624,0.015624
2.074000,0.015624,0.015624
2.075000,0.015624,0.015624
2.076000,0.007812,0.015624
2.077000,0.007812,0.015624
2.078000,0.007812,0.015624
2.079000,0.007812,0.015624
2.080000,0.007812,0.015624
2.081000,0.015624,0.015624
2.082000,0.015624,0.015624
2.083000,0.015624,0.015624
2.084000,0.015624,0.015624
2.085000,0.015624,0.015624
2.086000,0.007812,0.015624
2.087000,0.007812,0.015624
2.088000,0.007812,0.015624
2.089000,0.007812,0.015624
2.090000,0.007812,0.015624
2.091000,0.015624,0.000000
2.092000,0.015624,0.000000
2.093000,0.015624,0.000000
2.094000,0.015624,0.000000
2.095000,0.015624,0.000000
2.096000,0.015624,0.015624
2.097000,0.015624,0.015624
2.098000,0.015624,0.015624
2.099000,0.015624,0.015624
2.100000,0.015624,0.015624
2.101000,0.007812,0.015624
2.102000,0.007812,0.015624
2.103000,0.007812,0.015624
2.104000,0.007812,0.015624
2.105000,0.007812,0.015624
2.106000,0.015624,0.015624
2.107000,0.015624,0.015624
2.108000,0.015624,0.015624
2.109000,0.015624,0.015624
2.110000,0.015624,0.015624
2.111000,0.015624,0.007812
2.112000,0.015624,0.007812
2.113000,0.015624,0.007812
2.114000,0.015624,0.007812
2.115000,0.015624,0.007812
2.116000,0.015624,0.015624
2.117000,0.015624,0.015624
2.118000,0.015624,0.015624
2.119000,0.015624,0.015624
2.120000,0.015624,0.015624
2.121000,0.000000,0.015624
2.122000,0.000000,0.015624
2.123000,0.000000,0.015624
2.124000,0.000000,0.015624
2.125000,0.000000,0.015624
2.126000,0.015624,0.007812
2.127000,0.015624,0.007812
2.128000,0.015624,0.007812
2.129000,0.015624,0.007812
2.130000,0.015624,0.007812
2.131000,0.015624,0.023433
2.132000,0.015624,0.023433
2.133000,0.015624,0.023433
2.134000,0.015624,0.023433
2.135000,0.015624,0.023433
2.136000,0.015624,0.015624
2.137000,0.015624,0.015624
2.138000,0.015624,0.015624
2.139000,0.015624,0.015624
2.140000,0.015624,0.015624
2.141000,0.007812,0.015624
2.142000,0.007812,0.015624
2.143000,0.007812,0.015624
2.144000,0.007812,0.015624
2.145000,0.007812,0.015624
2.146000,0.015624,0.015624
2.147000,0.015624,0.015624
2.148000,0.015624,0.015624
2.149000,0.015624,0.015624
2.150000,0.015624,0.015624
2.151000,0.015624,0.015624
2.152000,0.015624,0.015624
2.153000,0.015624,0.015624
2.154000,0.015624,0.015624
2.155000,0.015624,0.015624
2.156000,0.007812,0.015624
2.157000,0.007812,0.015624
2.158000,0.007812,0.015624
2.159000,0.007812,0.015624
2.160000,0.007812,0.015624
2.161000,0.023433,0.015624
2.162000,0.023433,0.015624
2.163000,0.023433,0.015624
2.164000,0.023433,0.015624
2.165000,0.023433,0.015624
2.166000,0.015624,0.015624
2.167000,0.015624,0.015624
2.168000,0.015624,0.015624
2.169000,0.015624,0.015624
2.170000,0.015624,0.015624
2.171000,0.015624,0.015624
2.172000,0.015624,0.015624
2.173000,0.015624,0.015624
2.174000,0.015624,0.015624
2.175000,0.015624,0.015624
2.176000,0.015624,0.023433
2.177000,0.015624,0.023433
2.178000,0.015624,0.023433
2.179000,0.015624,0.023433
2.180000,0.015624,0.023433
2.181000,0.015624,0.015624
2.182000,0.015624,0.015624
2.183000,0.015624,0.015624
2.184000,0.015624,0.015624
2.185000,0.015624,0.015624
2.186000,0.015624,0.023433
2.187000,0.015624,0.023433
2.188000,0.015624,0.023433
2.189000,0.015624,0.023433
2.190000,0.015624,0.023433
2.191000,0.015624,0.023433
2.192000,0.015624,0.023433
2.193000,0.015624,0.023433
2.194000,0.015624,0.023433
2.195000,0.015624,0.023433
2.196000,0.015624,0.007812
2.197000,0.015624,0.007812
2.198000,0.015624,0.007812
2.199000,0.015624,0.007812
2.200000,0.015624,0.007812
2.201000,0.015624,0.023433
2.202000,0.015624,0.023433
2.203000,0.015624,0.023433
2.204000,0.015624,0.023433
2.205000,0.015624,0.023433
2.206000,0.015624,0.023433
2.207000,0.015624,0.023433
2.208000,0.015624,0.023433
2.209000,0.015624,0.023433
2.210000,0.015624,0.023433
2.211000,0.023433,0.015624
2.212000,0.023433,0.015624
2.213000,0.023433,0.015624
2.214000,0.023433,0.015624
2.215000,0.023433,0.015624
2.216000,0.023433,0.015624
2.217000,0.023433,0.015624
2.218000,0.023433,0.015624
2.219000,0.023433,0.015624
2.220000,0.023433,0.015624
2.221000,0.015624,0.023433
2.222000,0.015624,0.023433
2.223000,0.015624,0.023433
2.224000,0.015624,0.023433
2.225000,0.015624,0.023433
2.226000,0.023433,0.015624
2.227000,0.023433,0.015624
2.228000,0.023433,0.015624
2.229000,0.023433,0.015624
2.230000,0.023433,0.015624
2.231000,0.007812,0.031240
2.232000,0.007812,0.031240
2.233000,0.007812,0.031240
2.234000,0.007812,0.031240
2.235000,0.007812,0.031240
2.236000,0.023433,0.015624
2.237000,0.023433,0.015624
2.238000,0.023433,0.015624
2.239000,0.023433,0.015624
2.240000,0.023433,0.015624
2.241000,0.023433,0.023433
2.242000,0.023433,0.023433
2.243000,0.023433,0.023433
2.244000,0.023433,0.023433
2.245000,0.023433,0.023433
2.246000,0.015624,0.023433
2.247000,0.015624,0.023433
2.248000,0.015624,0.023433
2.249000,0.015624,0.023433
2.250000,0.015624,0.023433
2.251000,0.015624,0.023433
2.252000,0.015624,0.023433
2.253000,0.015624,0.023433
2.254000,0.015624,0.023433
2.255000,0.015624,0.023433
2.256000,0.031240,0.023433
2.257000,0.031240,0.023433
2.258000,0.031240,0.023433
2.259000,0.031240,0.023433
2.260000,0.031240,0.023433
2.261000,0.015624,0.023433
2.262000,0.015624,0.023433
2.263000,0.015624,0.023433
2.264000,0.015624,0.023433
2.265000,0.015624,0.023433
2.266000,0.023433,0.023433
2.267000,0.023433,0.023433
2.268000,0.023433,0.023433
2.269000,0.023433,0.023433
2.270000,0.023433,0.023433
2.271000,0.023433,0.023433
2.272000,0.023433,0.023433
2.273000,0.023433,0.023433
2.274000,0.023433,0.023433
2.275000,0.023433,0.023433
2.276000,0.023433,0.023433
2.277000,0.023433,0.023433
2.278000,0.023433,0.023433
2.279000,0.023433,0.023433
2.280000,0.023433,0.023433
2.281000,0.023433,0.023433
2.282000,0.023433,0.023433
2.283000,0.023433,0.023433
2.284000,0.023433,0.023433
2.285000,0.023433,0.023433
2.286000,0.023433,0.031240
2.287000,0.023433,0.031240
2.288000,0.023433,0.031240
2.289000,0.023433,0.031240
2.290000,0.023433,0.031240
2.291000,0.023433,0.023433
2.292000,0.023433,0.023433
2.293000,0.023433,0.023433
2.294000,0.023433,0.023433
2.295000,0.023433,0.023433
2.296000,0.023433,0.031240
2.297000,0.023433,0.031240
2.298000,0.023433,0.031240
2.299000,0.023433,0.031240
2.300000,0.023433,0.031240
2.301000,0.023433,0.023433
2.302000,0.023433,0.023433
2.303000,0.023433,0.023433
2.304000,0.023433,0.023433
2.305000,0.023433,0.023433
2.306000,0.023433,0.031240
2.307000,0.023433,0.031240
2.308000,0.023433,0.031240
2.309000,0.023433,0.031240
2.310000,0.023433,0.031240
2.311000,0.023433,0.015624
2.312000,0.023433,0.015624
2.313000,0.023433,0.015624
2.314000,0.023433,0.015624
2.315000,0.023433,0.015624
2.316000,0.023433,0.031240
2.317000,0.023433,0.031240
2.318000,0.023433,0.031240
2.319000,0.023433,0.031240
2.320000,0.023433,0.031240
2.321000,0.023433,0.031240
2.322000,0.023433,0.031240
2.323000,0.023433,0.031240
2.324000,0.023433,0.031240
2.325000,0.023433,0.031240
2.326000,0.031240,0.023433
2.327000,0.031240,0.023433
2.328000,0.031240,0.023433
2.329000,0.031240,0.023433
2.330000,0.031240,0.023433
2.331000,0.023433,0.031240
2.332000,0.023433,0.031240
2.333000,0.023433,0.031240
2.334000,0.023433,0.031240
2.335000,0.023433,0.031240
2.336000,0.031240,0.023433
2.337000,0.031240,0.023433
2.338000,0.031240,0.023433
2.339000,0.031240,0.023433
2.340000,0.031240,0.023433
2.341000,0.015624,0.023433
2.342000,0.015624,0.023433
2.343000,0.015624,0.023433
2.344000,0.015624,0.023433
2.345000,0.015624,0.023433
2.346000,0.031240,0.031240
2.347000,0.031240,0.031240
2.348000,0.031240,0.031240
2.349000,0.031240,0.031240
2.350000,0.031240,0.031240
2.351000,0.031240,0.031240
2.352000,0.031240,0.031240
2.353000,0.031240,0.031240
2.354000,0.031240,0.031240
2.355000,0.031240,0.031240
2.356000,0.023433,0.023433
2.357000,0.023433,0.023433
2.358000,0.023433,0.023433
2.359000,0.023433,0.023433
2.360000,0.023433,0.023433
2.361000,0.023433,0.031240
2.362000,0.023433,0.031240
2.363000,0.023433,0.031240
2.364000,0.023433,0.031240
2.365000,0.023433,0.031240
2.366000,0.031240,0.023433
2.367000,0.031240,0.023433
2.368000,0.031240,0.023433
2.369000,0.031240,0.023433
2.370000,0.031240,0.023433
2.371000,0.031240,0.031240
2.372000,0.031240,0.031240
2.373000,0.031240,0.031240
2.374000,0.031240,0.031240
2.375000,0.031240,0.031240
2.376000,0.023433,0.031240
2.377000,0.023433,0.031240
2.378000,0.023433,0.031240
2.379000,0.023433,0.031240
2.380000,0.023433,0.031240
2.381000,0.023433,0.023433
2.382000,0.023433,0.023433
2.383000,0.023433,0.023433
2.384000,0.023433,0.023433
2.385000,0.023433,0.023433
2.386000,0.031240,0.031240
2.387000,0.031240,0.031240
2.388000,0.031240,0.