time,base_heading,base_posX,base_posY,ball_posX,ball_posY
0.0000,2.2089,-3.0000,0.0000,0.0000,0.0000
0.0010,0.2523,-3.0000,-0.0000,2.1308,1.3228
0.0020,0.2569,-2.9997,0.0000,3.8051,1.7876
0.0030,0.2556,-2.9987,0.0000,3.7598,1.7664
0.0040,0.2519,-2.9970,0.0000,3.7049,1.7247
0.0050,0.2528,-2.9947,0.0000,3.6407,1.7141
0.0060,0.2526,-2.9918,0.0001,1.6251,1.1919
0.0070,0.2550,-2.9884,0.0001,4.2132,1.8777
0.0080,0.2483,-2.9846,0.0001,3.4547,1.6328
0.0090,0.2536,-2.9801,0.0002,2.8066,1.5001
0.0100,0.2568,-2.9753,0.0003,2.2956,1.3841
0.0110,0.2576,-2.9700,0.0003,1.8786,1.2775
0.0120,0.2560,-2.9644,0.0004,1.5323,1.1774
0.0130,0.2559,-2.9586,0.0005,2.3981,1.4021
0.0140,0.2541,-2.9524,0.0007,3.8884,1.7772
0.0150,0.2587,-2.9459,0.0008,1.9505,1.2964
0.0160,0.2539,-2.9389,0.0010,3.2994,1.6199
0.0170,0.2596,-2.9317,0.0012,3.1437,1.6147
0.0180,0.2530,-2.9240,0.0014,5.7687,2.2485
0.0190,0.2533,-2.9159,0.0016,3.2144,1.5883
0.0200,0.2560,-2.9073,0.0019,3.1626,1.5903
0.0210,0.2584,-2.8984,0.0021,3.1417,1.5988
0.0220,0.2606,-2.8892,0.0024,3.1160,1.6040
0.0230,0.2627,-2.8796,0.0028,3.0906,1.6082
0.0240,0.2568,-2.8697,0.0031,3.0886,1.5680
0.0250,0.2580,-2.8596,0.0035,3.0685,1.5680
0.0260,0.2590,-2.8491,0.0040,3.0492,1.5665
0.0270,0.2598,-2.8384,0.0044,3.0313,1.5645
0.0280,0.2605,-2.8273,0.0049,3.0148,1.5621
0.0290,0.2611,-2.8160,0.0054,2.9995,1.5596
0.0300,0.2578,-2.8045,0.0060,5.4740,2.1890
0.0310,0.2548,-2.7925,0.0066,3.1445,1.5530
0.0320,0.2625,-2.7802,0.0072,3.1471,1.5998
0.0330,0.2629,-2.7676,0.0079,3.1578,1.6024
0.0340,0.2633,-2.7547,0.0086,3.1601,1.6030
0.0350,0.2638,-2.7416,0.0093,3.1578,1.6024
0.0360,0.2642,-2.7283,0.0101,3.1530,1.6013
0.0370,0.2647,-2.7147,0.0109,3.1472,1.5998
0.0380,0.2652,-2.7010,0.0118,3.1412,1.5982
0.0390,0.2656,-2.6869,0.0127,3.1353,1.5966
0.0400,0.2661,-2.6727,0.0137,3.1299,1.5950
0.0410,0.2665,-2.6582,0.0147,3.1252,1.5935
0.0420,0.2669,-2.6436,0.0157,3.1211,1.5920
0.0430,0.2673,-2.6287,0.0168,3.1178,1.5906
0.0440,0.2677,-2.6136,0.0179,3.1152,1.5894
0.0450,0.2681,-2.5983,0.0191,3.1133,1.5882
0.0460,0.2685,-2.5829,0.0203,3.1121,1.5871
0.0470,0.2688,-2.5672,0.0216,3.1117,1.5861
0.0480,0.2692,-2.5513,0.0229,3.1119,1.5852
0.0490,0.2695,-2.5353,0.0243,3.1128,1.5843
0.0500,0.2698,-2.5191,0.0257,3.1144,1.5836
0.0510,0.2701,-2.5027,0.0271,3.1166,1.5829
0.0520,0.2704,-2.4861,0.0286,3.1194,1.5823
0.0530,0.2707,-2.4694,0.0302,3.1228,1.5818
0.0540,0.2709,-2.4525,0.0318,3.1268,1.5814
0.0550,0.2712,-2.4354,0.0335,3.1313,1.5810
0.0560,0.2714,-2.4182,0.0352,3.1364,1.5807
0.0570,0.2716,-2.4008,0.0369,3.1421,1.5805
0.0580,0.2718,-2.3833,0.0387,3.1482,1.5803
0.0590,0.2720,-2.3656,0.0406,3.1549,1.5802
0.0600,0.2721,-2.3477,0.0425,3.1620,1.5801
0.0610,0.2723,-2.3298,0.0445,3.1697,1.5801
0.0620,0.2724,-2.3117,0.0465,3.1778,1.5802
0.0630,0.2726,-2.2934,0.0486,3.1863,1.5803
0.0640,0.2727,-2.2750,0.0507,3.1953,1.5804
0.0650,0.2767,-2.2565,0.0529,2.0020,1.2622
0.0660,0.2769,-2.2379,0.0551,1.9355,1.2412
0.0670,0.2771,-2.2193,0.0574,4.7852,2.0495
0.0680,0.2740,-2.2006,0.0597,3.0173,1.5263
0.0690,0.2781,-2.1816,0.0621,4.9181,2.0891
0.0700,0.2750,-2.1625,0.0645,3.1602,1.5666
0.0710,0.2792,-2.1431,0.0670,2.0465,1.2681
0.0720,0.2795,-2.1238,0.0696,1.9960,1.2518
0.0730,0.2797,-2.1044,0.0722,4.7688,2.0461
0.0740,0.2765,-2.0849,0.0748,3.0689,1.5374
0.0750,0.2806,-2.0652,0.0776,2.0044,1.2504
0.0760,0.2807,-2.0455,0.0803,4.7276,2.0335
0.0770,0.2775,-2.0257,0.0831,3.0864,1.5395
0.0780,0.2854,-2.0057,0.0860,3.0973,1.5836
0.0790,0.2823,-1.9857,0.0889,2.0646,1.2636
0.0800,0.2825,-1.9656,0.0919,4.7568,2.0434
0.0810,0.2793,-1.9454,0.0949,3.1398,1.5535
0.0820,0.2834,-1.9251,0.0980,2.1085,1.2726
0.0830,0.2874,-1.9047,0.1012,3.0634,1.5696
0.0840,0.2802,-1.8844,0.1043,3.0716,1.5307
0.0850,0.2881,-1.8640,0.1076,3.0594,1.5666
0.0860,0.2887,-1.8435,0.1109,3.0674,1.5695
0.0870,0.2817,-1.8230,0.1142,3.0950,1.5372
0.0880,0.2896,-1.8024,0.1176,3.0948,1.5766
0.0890,0.2902,-1.7817,0.1210,3.1099,1.5818
0.0900,0.2910,-1.7610,0.1245,3.1258,1.5878
0.0910,0.2917,-1.7403,0.1280,3.1421,1.5942
0.0920,0.2887,-1.7195,0.1316,2.1875,1.2918
0.0930,0.2929,-1.6987,0.1352,3.0724,1.5740
0.0940,0.2936,-1.6779,0.1388,3.0639,1.5724
0.0950,0.2943,-1.6570,0.1425,3.0664,1.5744
0.0960,0.2951,-1.6361,0.1463,3.0754,1.5785
0.0970,0.2959,-1.6152,0.1501,3.0884,1.5839
0.0980,0.2967,-1.5943,0.1539,3.1036,1.5899
0.0990,0.2935,-1.5733,0.1578,2.2141,1.3026
0.1000,0.2977,-1.5523,0.1618,3.0420,1.5714
0.1010,0.2983,-1.5313,0.1657,3.0362,1.5703
0.1020,0.2990,-1.5103,0.1697,3.0409,1.5727
0.1030,0.2997,-1.4893,0.1738,3.0518,1.5770
0.1040,0.3004,-1.4683,0.1779,3.0663,1.5825
0.1050,0.3011,-1.4472,0.1820,3.0830,1.5887
0.1060,0.3018,-1.4262,0.1862,3.1010,1.5954
0.1070,0.3024,-1.4050,0.1904,3.1198,1.6023
0.1080,0.3031,-1.3839,0.1947,3.1391,1.6093
0.1090,0.2999,-1.3628,0.1990,2.3113,1.3352
0.1100,0.3040,-1.3417,0.2034,3.0892,1.5934
0.1110,0.3045,-1.3206,0.2078,3.0868,1.5929
0.1120,0.3051,-1.2995,0.2122,3.0939,1.5956
0.1130,0.3056,-1.2783,0.2167,3.1066,1.6002
0.1140,0.3062,-1.2572,0.2212,3.1227,1.6059
0.1150,0.3068,-1.2361,0.2257,3.1407,1.6122
0.1160,0.3074,-1.2149,0.2303,3.1598,1.6189
0.1170,0.3079,-1.1938,0.2349,3.1797,1.6259
0.1180,0.3085,-1.1726,0.2396,3.2000,1.6330
0.1190,0.3090,-1.1514,0.2443,3.2206,1.6401
0.1200,0.3096,-1.1303,0.2490,3.2413,1.6473
0.1210,0.3101,-1.1091,0.2538,3.2621,1.6545
0.1220,0.3106,-1.0879,0.2586,3.2830,1.6618
0.1230,0.3111,-1.0667,0.2635,3.3039,1.6690
0.1240,0.3116,-1.0455,0.2684,3.3248,1.6762
0.1250,0.3121,-1.0243,0.2733,3.3458,1.6835
0.1260,0.3126,-1.0030,0.2783,3.3667,1.6907
0.1270,0.3131,-0.9818,0.2833,3.3877,1.6979
0.1280,0.3135,-0.9606,0.2883,3.4087,1.7051
0.1290,0.3101,-0.9393,0.2934,2.6327,1.4380
0.1300,0.3140,-0.9181,0.2985,3.3671,1.6901
0.1310,0.3104,-0.8969,0.3037,2.6048,1.4269
0.1320,0.3142,-0.8758,0.3088,3.2967,1.6648
0.1330,0.3144,-0.8547,0.3140,3.2912,1.6624
0.1340,0.3108,-0.8336,0.3192,2.5778,1.4151
0.1350,0.3146,-0.8126,0.3245,3.2349,1.6415
0.1360,0.3148,-0.7916,0.3297,3.2328,1.6401
0.1370,0.3150,-0.7706,0.3350,3.2408,1.6423
0.1380,0.3114,-0.7497,0.3404,2.5753,1.4105
0.1390,0.3151,-0.7288,0.3457,3.2017,1.6270
0.1400,0.3153,-0.7079,0.3510,3.2035,1.6267
0.1410,0.3155,-0.6871,0.3564,3.2139,1.6295
0.1420,0.3118,-0.6663,0.3618,2.5835,1.4091
0.1430,0.3155,-0.6455,0.3673,3.1809,1.6160
0.1440,0.3155,-0.6249,0.3727,3.1842,1.6162
0.1450,0.3157,-0.6042,0.3782,3.1955,1.6191
0.1460,0.3119,-0.5836,0.3836,2.5961,1.4089
0.1470,0.3156,-0.5630,0.3891,3.1668,1.6068
0.1480,0.3156,-0.5425,0.3947,3.1711,1.6072
0.1490,0.3157,-0.5220,0.4002,3.1831,1.6103
0.1500,0.3119,-0.5016,0.4057,2.6120,1.4095
0.1510,0.3155,-0.4812,0.4113,3.1580,1.5990
0.1520,0.3154,-0.4609,0.4169,3.1633,1.5996
0.1530,0.3194,-0.4406,0.4225,2.6041,1.4293
0.1540,0.3197,-0.4204,0.4281,2.5799,1.4214
0.1550,0.3202,-0.4003,0.4337,2.5483,1.4114
0.1560,0.3168,-0.3803,0.4393,3.0256,1.5558
0.1570,0.3170,-0.3603,0.4449,3.0209,1.5540
0.1580,0.3171,-0.3405,0.4505,3.0277,1.5558
0.1590,0.3172,-0.3206,0.4561,3.0411,1.5595
0.1600,0.3172,-0.3008,0.4617,3.0584,1.5645
0.1610,0.3172,-0.2811,0.4674,3.0780,1.5701
0.1620,0.3172,-0.2614,0.4731,3.0989,1.5760
0.1630,0.3171,-0.2417,0.4787,3.1205,1.5822
0.1640,0.3171,-0.2221,0.4844,3.1425,1.5885
0.1650,0.3170,-0.2026,0.4901,3.1647,1.5948
0.1660,0.3169,-0.1831,0.4958,3.1869,1.6011
0.1670,0.3168,-0.1636,0.5015,3.2092,1.6074
0.1680,0.3167,-0.1442,0.5072,3.2314,1.6137
0.1690,0.3166,-0.1248,0.5130,3.2536,1.6199
0.1700,0.3165,-0.1055,0.5187,3.2757,1.6261
0.1710,0.3164,-0.0862,0.5245,3.2977,1.6322
0.1720,0.3162,-0.0669,0.5302,3.3196,1.6383
0.1730,0.3160,-0.0477,0.5360,3.3415,1.6443
0.1740,0.3159,-0.0285,0.5418,3.3633,1.6502
0.1750,0.3196,-0.0094,0.5476,2.8767,1.5027
0.1760,0.3158,0.0097,0.5534,3.3545,1.6463
0.1770,0.3157,0.0287,0.5592,3.3629,1.6481
0.1780,0.3194,0.0477,0.5650,2.8864,1.5038
0.1790,0.3196,0.0666,0.5708,2.8673,1.4975
0.1800,0.3198,0.0855,0.5766,2.8415,1.4891
0.1810,0.3200,0.1042,0.5823,2.8126,1.4799
0.1820,0.3202,0.1228,0.5881,2.7828,1.4703
0.1830,0.3205,0.1414,0.5939,2.7534,1.4609
0.1840,0.3208,0.1599,0.5996,2.7248,1.4518
0.1850,0.3249,0.1782,0.6054,3.0691,1.5792
0.1860,0.3255,0.1965,0.6111,3.0662,1.5798
0.1870,0.3223,0.2147,0.6168,2.7090,1.4499
0.1880,0.3227,0.2328,0.6225,3.5321,1.7259
0.1890,0.3270,0.2509,0.6283,3.0918,1.5917
0.1900,0.3237,0.2690,0.6340,2.7526,1.4673
0.1910,0.3280,0.2869,0.6397,3.0980,1.5961
0.1920,0.3247,0.3048,0.6454,2.7579,1.4711
0.1930,0.3289,0.3226,0.6511,3.0889,1.5953
0.1940,0.3296,0.3403,0.6568,3.0969,1.5996
0.1950,0.3264,0.3580,0.6625,2.7706,1.4790
0.1960,0.3267,0.3755,0.6681,2.7605,1.4763
0.1970,0.3231,0.3930,0.6738,3.0746,1.5715
0.1980,0.3229,0.4104,0.6794,3.0802,1.5728
0.1990,0.3227,0.4277,0.6850,3.0920,1.5758
0.2000,0.3223,0.4450,0.6907,3.1074,1.5798
0.2010,0.3219,0.4622,0.6963,3.1249,1.5843
0.2020,0.3214,0.4794,0.7019,3.1436,1.5891
0.2030,0.3210,0.4964,0.7075,3.1630,1.5940
0.2040,0.3244,0.5135,0.7131,2.8570,1.5012
0.2050,0.3203,0.5304,0.7187,3.1698,1.5943
0.2060,0.3199,0.5473,0.7243,3.1814,1.5968
0.2070,0.3194,0.5641,0.7298,3.1964,1.6004
0.2080,0.3228,0.5809,0.7354,2.8962,1.5099
0.2090,0.3187,0.5975,0.7409,3.1997,1.5995
0.2100,0.3182,0.6142,0.7464,3.2103,1.6017
0.2110,0.3216,0.6307,0.7520,2.9163,1.5135
0.2120,0.3214,0.6472,0.7575,2.9087,1.5105
0.2130,0.3213,0.6636,0.7630,2.8966,1.5061
0.2140,0.3212,0.6799,0.7684,2.8823,1.5012
0.2150,0.3211,0.6961,0.7739,2.8671,1.4960
0.2160,0.3249,0.7122,0.7793,3.1137,1.5883
0.2170,0.3252,0.7283,0.7847,3.1164,1.5900
0.2180,0.3256,0.7443,0.7901,3.1255,1.5941
0.2190,0.3260,0.7602,0.7955,3.1383,1.5995
0.2200,0.3265,0.7760,0.8009,3.1532,1.6058
0.2210,0.3270,0.7918,0.8062,3.1694,1.6126
0.2220,0.3275,0.8076,0.8116,3.1862,1.6196
0.2230,0.3279,0.8232,0.8169,3.2034,1.6267
0.2240,0.3245,0.8388,0.8222,2.9627,1.5367
0.2250,0.3285,0.8544,0.8275,3.2125,1.6314
0.2260,0.3250,0.8699,0.8328,2.9711,1.5408
0.2270,0.3250,0.8853,0.8381,2.9650,1.5390
0.2280,0.3250,0.9006,0.8434,2.9556,1.5358
0.2290,0.3249,0.9158,0.8486,2.9446,1.5320
0.2300,0.3248,0.9310,0.8538,2.9330,1.5279
0.2310,0.3207,0.9460,0.8590,3.1482,1.5906
0.2320,0.3202,0.9610,0.8642,3.1526,1.5910
0.2330,0.3196,0.9759,0.8693,3.1626,1.5929
0.2340,0.3228,0.9908,0.8744,2.9523,1.5305
0.2350,0.3185,1.0056,0.8796,3.1687,1.5928
0.2360,0.3178,1.0203,0.8847,3.1791,1.5948
0.2370,0.3171,1.0350,0.8897,3.1924,1.5976
0.2380,0.3241,1.0496,0.8948,2.8108,1.4865
0.2390,0.3201,1.0641,0.8999,2.9704,1.5317
0.2400,0.3198,1.0785,0.9049,2.9610,1.5282
0.2410,0.3195,1.0928,0.9099,2.9517,1.5248
0.2420,0.3231,1.1071,0.9148,3.1317,1.5928
0.2430,0.3232,1.1213,0.9198,3.1365,1.5947
0.2440,0.3233,1.1354,0.9247,3.1459,1.5984
0.2450,0.3236,1.1495,0.9296,3.1581,1.6032
0.2460,0.3238,1.1635,0.9345,3.1718,1.6085
0.2470,0.3240,1.1774,0.9394,3.1864,1.6142
0.2480,0.3243,1.1913,0.9443,3.2015,1.6200
0.2490,0.3245,1.2051,0.9491,3.2168,1.6259
0.2500,0.3209,1.2189,0.9539,3.0450,1.5609
0.2510,0.3208,1.2326,0.9587,3.0450,1.5609
0.2520,0.3206,1.2462,0.9635,3.0414,1.5596
0.2530,0.3203,1.2597,0.9683,3.0359,1.5575
0.2540,0.3200,1.2732,0.9730,3.0295,1.5550
0.2550,0.3196,1.2866,0.9777,3.0228,1.5524
0.2560,0.3193,1.2999,0.9824,3.0160,1.5497
0.2570,0.3189,1.3131,0.9871,3.0095,1.5471
0.2580,0.3185,1.3263,0.9917,3.0032,1.5446
0.2590,0.3181,1.3394,0.9963,2.9972,1.5422
0.2600,0.3177,1.3524,1.0009,2.9916,1.5399
0.2610,0.3173,1.3653,1.0055,2.9863,1.5377
0.2620,0.3208,1.3782,1.0100,3.1235,1.5899
0.2630,0.3207,1.3909,1.0145,3.1294,1.5919
0.2640,0.3207,1.4037,1.0190,3.1389,1.5954
0.2650,0.3207,1.4163,1.0235,3.1504,1.5996
0.2660,0.3208,1.4289,1.0279,3.1630,1.6042
0.2670,0.3209,1.4414,1.0324,3.1764,1.6091
0.2680,0.3210,1.4539,1.0368,3.1900,1.6141
0.2690,0.3172,1.4663,1.0412,3.0629,1.5654
0.2700,0.3170,1.4787,1.0456,3.0650,1.5659
0.2710,0.3166,1.4910,1.0499,3.0643,1.5654
0.2720,0.3162,1.5032,1.0542,3.0621,1.5643
0.2730,0.3158,1.5153,1.0585,3.0591,1.5629
0.2740,0.3192,1.5274,1.0628,2.9426,1.5305
0.2750,0.3190,1.5394,1.0670,2.9322,1.5271
0.2760,0.3151,1.5513,1.0713,3.0256,1.5518
0.2770,0.3147,1.5631,1.0755,3.0188,1.5493
0.2780,0.3143,1.5749,1.0796,3.0141,1.5474
0.2790,0.3177,1.5866,1.0838,3.1214,1.5885
0.2800,0.3175,1.5982,1.0879,3.1270,1.5903
0.2810,0.3175,1.6098,1.0920,3.1357,1.5934
0.2820,0.3174,1.6213,1.0961,3.1462,1.5970
0.2830,0.3174,1.6327,1.1001,3.1577,1.6011
0.2840,0.3174,1.6441,1.1041,3.1698,1.6053
0.2850,0.3135,1.6554,1.1082,3.0725,1.5675
0.2860,0.3131,1.6667,1.1121,3.0757,1.5683
0.2870,0.3166,1.6779,1.1161,2.9812,1.5431
0.2880,0.3164,1.6890,1.1201,2.9747,1.5410
0.2890,0.3163,1.7001,1.1240,2.9659,1.5383
0.2900,0.3162,1.7110,1.1279,2.9562,1.5353
0.2910,0.3123,1.7219,1.1317,3.0303,1.5541
0.2920,0.3119,1.7328,1.1355,3.0256,1.5524
0.2930,0.3153,1.7435,1.1393,3.1114,1.5856
0.2940,0.3151,1.7542,1.1431,3.1166,1.5872
0.2950,0.3150,1.7648,1.1469,3.1246,1.5899
0.2960,0.3149,1.7754,1.1506,3.1342,1.5932
0.2970,0.3148,1.7859,1.1543,3.1447,1.5968
0.2980,0.3108,1.7964,1.1580,3.0683,1.5666
0.2990,0.3104,1.8068,1.1617,3.0721,1.5676
0.3000,0.3137,1.8171,1.1654,2.9965,1.5480
0.3010,0.3135,1.8274,1.1690,2.9923,1.5467
0.3020,0.3134,1.8376,1.1726,2.9863,1.5448
0.3030,0.3132,1.8477,1.1762,2.9795,1.5427
0.3040,0.3092,1.8578,1.1797,3.0417,1.5579
0.3050,0.3087,1.8678,1.1832,3.0390,1.5568
0.3060,0.3121,1.8777,1.1867,3.1102,1.5844
0.3070,0.3118,1.8876,1.1902,3.1156,1.5861
0.3080,0.3116,1.8974,1.1937,3.1234,1.5886
0.3090,0.3115,1.9071,1.1971,3.1325,1.5916
0.3100,0.3074,1.9168,1.2005,3.0709,1.5668
0.3110,0.3108,1.9265,1.2039,3.0096,1.5518
0.3120,0.3106,1.9360,1.2072,3.0077,1.5512
0.3130,0.3104,1.9455,1.2106,3.0038,1.5500
0.3140,0.3102,1.9550,1.2139,2.9991,1.5486
0.3150,0.3061,1.9644,1.2172,3.0530,1.5613
0.3160,0.3096,1.9737,1.2205,3.1138,1.5851
0.3170,0.3093,1.9829,1.2237,3.1186,1.5866
0.3180,0.3091,1.9921,1.2269,3.1256,1.5889
0.3190,0.3089,2.0013,1.2301,3.1340,1.5916
0.3200,0.3048,2.0104,1.2333,3.0819,1.5704
0.3210,0.3082,2.0194,1.2365,3.0295,1.5580
0.3220,0.3079,2.0284,1.2396,3.0284,1.5576
0.3230,0.3077,2.0373,1.2427,3.0257,1.5568
0.3240,0.3074,2.0461,1.2458,3.0222,1.5557
0.3250,0.3033,2.0549,1.2489,3.0699,1.5665
0.3260,0.3067,2.0637,1.2519,3.1231,1.5874
0.3270,0.3064,2.0723,1.2549,3.1280,1.5889
0.3280,0.3062,2.0810,1.2579,3.1348,1.5911
0.3290,0.3059,2.0895,1.2609,3.0397,1.5610
0.3300,0.3057,2.0980,1.2639,3.0399,1.5611
0.3310,0.3055,2.1065,1.2668,3.0384,1.5606
0.3320,0.3053,2.1149,1.2697,3.0360,1.5599
0.3330,0.3051,2.1232,1.2726,3.0332,1.5591
0.3340,0.3009,2.1315,1.2755,3.0750,1.5683
0.3350,0.3043,2.1397,1.2783,3.1214,1.5866
0.3360,0.3040,2.1479,1.2811,3.1263,1.5880
0.3370,0.3037,2.1560,1.2839,3.1328,1.5901
0.3380,0.3034,2.1641,1.2867,3.0511,1.5644
0.3390,0.3032,2.1721,1.2895,3.0519,1.5647
0.3400,0.3029,2.1801,1.2922,3.0512,1.5645
0.3410,3.4729,2.1880,1.2949,3.0497,1.5640
0.3420,3.4751,2.1959,1.2977,3.0497,1.5640
0.3430,3.4779,2.2038,1.3004,3.0497,1.5640
0.3440,3.4812,2.2116,1.3031,3.0497,1.5640
0.3450,3.4851,2.2195,1.3059,3.0497,1.5640
0.3460,3.4895,2.2274,1.3088,3.0497,1.5640
0.3470,3.4946,2.2353,1.3116,3.0497,1.5640
0.3480,3.5001,2.2432,1.3145,3.0497,1.5640
0.3490,3.5063,2.2511,1.3175,3.0497,1.5640
0.3500,3.5129,2.2590,1.3205,3.0497,1.5640
0.3510,3.5200,2.2668,1.3235,3.0497,1.5640
0.3520,3.5277,2.2747,1.3267,3.0497,1.5640
0.3530,3.5358,2.2825,1.3299,3.0497,1.5640
0.3540,3.5444,2.2904,1.3331,3.0497,1.5640
0.3550,3.5534,2.2982,1.3364,3.0497,1.5640
0.3560,3.5630,2.3060,1.3399,3.0497,1.5640
0.3570,3.5729,2.3137,1.3433,3.0497,1.5640
0.3580,3.5833,2.3215,1.3469,3.0497,1.5640
0.3590,3.5942,2.3292,1.3505,3.0497,1.5640
0.3600,3.6054,2.3369,1.3543,3.0497,1.5640
0.3610,3.6171,2.3445,1.3581,3.0497,1.5640
0.3620,3.6292,2.3521,1.3620,3.0497,1.5640
0.3630,3.6417,2.3597,1.3660,3.0497,1.5640
0.3640,3.6546,2.3672,1.3701,3.0497,1.5640
0.3650,3.6679,2.3747,1.3744,3.0497,1.5640
0.3660,3.6816,2.3821,1.3787,3.0497,1.5640
0.3670,3.6956,2.3895,1.3831,3.0497,1.5640
0.3680,3.7101,2.3968,1.3876,3.0497,1.5640
0.3690,3.7249,2.4040,1.3922,3.0497,1.5640
0.3700,3.7401,2.4112,1.3969,3.0497,1.5640
0.3710,3.7556,2.4183,1.4018,3.0497,1.5640
0.3720,3.7715,2.4253,1.4067,3.0497,1.5640
0.3730,3.7878,2.4322,1.4118,3.0497,1.5640
0.3740,3.8044,2.4391,1.4170,3.0497,1.5640
0.3750,3.8214,2.4459,1.4222,3.0497,1.5640
0.3760,3.8387,2.4525,1.4276,3.0497,1.5640
0.3770,3.8563,2.4591,1.4331,3.0497,1.5640
0.3780,3.8743,2.4656,1.4387,3.0497,1.5640
0.3790,3.8927,2.4719,1.4445,3.0497,1.5640
0.3800,3.9113,2.4782,1.4503,3.0497,1.5640
0.3810,3.9303,2.4843,1.4562,3.0497,1.5640
0.3820,3.9496,2.4903,1.4623,3.0497,1.5640
0.3830,3.9693,2.4962,1.4684,3.0497,1.5640
0.3840,3.9892,2.5019,1.4747,3.0497,1.5640
0.3850,4.0094,2.5076,1.4811,3.0497,1.5640
0.3860,4.0296,2.5130,1.4875,3.0497,1.5640
0.3870,4.0500,2.5183,1.4940,3.0497,1.5640
0.3880,4.0704,2.5234,1.5006,3.0497,1.5640
0.3890,4.0908,2.5284,1.5072,3.0497,1.5640
0.3900,4.0965,2.5331,1.5138,3.0497,1.5640
0.3910,4.1167,2.5378,1.5205,3.0497,1.5640
0.3920,4.1366,2.5423,1.5270,3.0497,1.5640
0.3930,4.1566,2.5466,1.5336,3.0497,1.5640
0.3940,4.1623,2.5507,1.5403,3.0497,1.5640
0.3950,4.1823,2.5547,1.5468,3.0497,1.5640
0.3960,4.2025,2.5585,1.5534,3.0497,1.5640
0.3970,4.2231,2.5622,1.5599,3.0497,1.5640
0.3980,4.2441,2.5657,1.5665,3.0497,1.5640
0.3990,4.2511,2.5690,1.5731,3.0497,1.5640
0.4000,4.2722,2.5723,1.5797,3.0497,1.5640
0.4010,4.2937,2.5754,1.5862,3.0497,1.5640
0.4020,4.3156,2.5783,1.5928,3.0497,1.5640
0.4030,4.3379,2.5811,1.5994,3.0497,1.5640
0.4040,4.3462,2.5837,1.6061,3.0497,1.5640
0.4050,4.3539,2.5862,1.6127,3.0497,1.5640
0.4060,4.3753,2.5887,1.6192,3.0497,1.5640
0.4070,4.3971,2.5910,1.6257,3.0497,1.5640
0.4080,4.4051,2.5931,1.6322,3.0497,1.5640
0.4090,4.4125,2.5951,1.6386,3.0497,1.5640
0.4100,4.4193,2.5971,1.6449,3.0497,1.5640
0.4110,4.4397,2.5989,1.6511,3.0497,1.5640
0.4120,4.4607,2.6007,1.6573,3.0497,1.5640
0.4130,4.4824,2.6023,1.6635,3.0497,1.5640
0.4140,4.5046,2.6037,1.6696,3.0497,1.5640
0.4150,4.5273,2.6049,1.6756,3.0497,1.5640
0.4160,4.5505,2.6061,1.6815,3.0497,1.5640
0.4170,4.5741,2.6070,1.6873,3.0497,1.5640
0.4180,4.5981,2.6078,1.6930,3.0497,1.5640
0.4190,4.6225,2.6085,1.6987,3.0497,1.5640
0.4200,4.6473,2.6090,1.7042,3.0497,1.5640
0.4210,4.6724,2.6093,1.7096,3.0497,1.5640
0.4220,4.6976,2.6095,1.7149,3.0497,1.5640
0.4230,4.7231,2.6096,1.7201,3.0497,1.5640
0.4240,4.7487,2.6095,1.7252,3.0497,1.5640
0.4250,4.7744,2.6094,1.7302,3.0497,1.5640
0.4260,4.7870,2.6091,1.7350,3.0497,1.5640
0.4270,4.8113,2.6087,1.7398,3.0497,1.5640
0.4280,4.8360,2.6082,1.7444,3.0497,1.5640
0.4290,4.8607,2.6077,1.7489,3.0497,1.5640
0.4300,4.8853,2.6071,1.7531,3.0497,1.5640
0.4310,4.9098,2.6064,1.7571,3.0497,1.5640
0.4320,4.9208,2.6056,1.7609,3.0497,1.5640
0.4330,4.9431,2.6049,1.7644,3.0497,1.5640
0.4340,4.9662,2.6041,1.7678,3.0497,1.5640
0.4350,4.9901,2.6033,1.7709,3.0497,1.5640
0.4360,5.0148,2.6024,1.7739,3.0497,1.5640
0.4370,5.0403,2.6015,1.7768,3.0497,1.5640
0.4380,5.0665,2.6005,1.7796,3.0497,1.5640
0.4390,5.0933,2.5996,1.7823,3.0497,1.5640
0.4400,5.1206,2.5986,1.7848,3.0497,1.5640
0.4410,5.1482,2.5976,1.7871,3.0497,1.5640
0.4420,5.1759,2.5966,1.7892,3.0497,1.5640
0.4430,5.1912,2.5957,1.7910,3.0497,1.5640
0.4440,5.2173,2.5948,1.7926,3.0497,1.5640
0.4450,5.2444,2.5941,1.7940,3.0497,1.5640
0.4460,5.2723,2.5934,1.7952,3.0497,1.5640
0.4470,5.3004,2.5928,1.7962,3.0497,1.5640
0.4480,5.3289,2.5923,1.7969,3.0497,1.5640
0.4490,5.3450,2.5919,1.7974,3.0497,1.5640
0.4500,5.3718,2.5917,1.7976,3.0497,1.5640
0.4510,5.3998,2.5917,1.7977,3.0497,1.5640
0.4520,5.4285,2.5918,1.7976,3.0497,1.5640
0.4530,5.4450,2.5920,1.7973,3.0497,1.5640
0.4540,5.4720,2.5925,1.7968,3.0497,1.5640
0.4550,5.5003,2.5931,1.7962,3.0497,1.5640
0.4560,5.5294,2.5938,1.7954,3.0497,1.5640
0.4570,5.5590,2.5947,1.7946,3.0497,1.5640
0.4580,5.5888,2.5959,1.7936,3.0497,1.5640
0.4590,5.6188,2.5972,1.7924,3.0497,1.5640
0.4600,5.6490,2.5988,1.7912,3.0497,1.5640
0.4610,5.6794,2.6006,1.7899,3.0497,1.5640
0.4620,5.7100,2.6026,1.7885,3.0497,1.5640
0.4630,5.7288,2.6049,1.7870,3.0497,1.5640
0.4640,5.7579,2.6074,1.7855,3.0497,1.5640
0.4650,5.7757,2.6101,1.7839,3.0497,1.5640
0.4660,5.8041,2.6130,1.7823,3.0497,1.5640
0.4670,5.8341,2.6161,1.7807,3.0497,1.5640
0.4680,5.8649,2.6193,1.7791,3.0497,1.5640
0.4690,5.8959,2.6228,1.7776,3.0497,1.5640
0.4700,5.9271,2.6265,1.7761,3.0497,1.5640
0.4710,5.9469,2.6304,1.7746,3.0497,1.5640
0.4720,5.9641,2.6345,1.7732,3.0497,1.5640
0.4730,5.9925,2.6389,1.7717,3.0497,1.5640
0.4740,6.0101,2.6434,1.7704,3.0497,1.5640
0.4750,6.0387,2.6482,1.7691,3.0497,1.5640
0.4760,6.0564,2.6531,1.7678,3.0497,1.5640
0.4770,6.0849,2.6581,1.7667,3.0497,1.5640
0.4780,6.1153,2.6633,1.7656,3.0497,1.5640
0.4790,6.1342,2.6687,1.7647,3.0497,1.5640
0.4800,6.1635,2.6742,1.7639,3.0497,1.5640
0.4810,6.1938,2.6799,1.7632,3.0497,1.5640
0