time,arm_x_y_error
0.593000,0.000061
0.594000,0.000061
0.595000,0.000061
0.596000,0.000061
0.597000,0.000062
0.598000,0.000062
0.599000,0.000062
0.600000,0.000062
0.601000,0.000062
0.602000,0.000063
0.603000,0.000063
0.604000,0.000063
0.605000,0.000063
0.606000,0.000063
0.607000,0.000063
0.608000,0.000064
0.609000,0.000064
0.610000,0.000064
0.611000,0.000064
0.612000,0.000064
0.613000,0.000064
0.614000,0.000065
0.615000,0.000065
0.616000,0.000065
0.617000,0.000065
0.618000,0.000065
0.619000,0.000065
0.620000,0.000066
0.621000,0.000066
0.622000,0.000066
0.623000,0.000066
0.624000,0.000066
0.625000,0.000066
0.626000,0.000066
0.627000,0.000067
0.628000,0.000067
0.629000,0.000067
0.630000,0.000067
0.631000,0.000067
0.632000,0.000067
0.633000,0.000067
0.634000,0.000068
0.635000,0.000068
0.636000,0.000068
0.637000,0.000068
0.638000,0.000068
0.639000,0.000068
0.640000,0.000069
0.641000,0.000069
0.642000,0.000069
0.643000,0.000069
0.644000,0.000069
0.645000,0.000069
0.646000,0.000069
0.647000,0.000069
0.648000,0.000070
0.649000,0.000070
0.650000,0.000070
0.651000,0.000070
0.652000,0.000070
0.653000,0.000070
0.654000,0.000070
0.655000,0.000071
0.656000,0.000071
0.657000,0.000071
0.658000,0.000071
0.659000,0.000071
0.660000,0.000071
0.661000,0.000071
0.662000,0.000071
0.663000,0.000072
0.664000,0.000072
0.665000,0.000072
0.666000,0.000072
0.667000,0.000072
0.668000,0.000072
0.669000,0.000072
0.670000,0.000072
0.671000,0.000073
0.672000,0.000073
0.673000,0.000073
0.674000,0.000073
0.675000,0.000073
0.676000,0.000073
0.677000,0.000073
0.678000,0.000073
0.679000,0.000074
0.680000,0.000074
0.681000,0.000074
0.682000,0.000074
0.683000,0.000074
0.684000,0.000074
0.685000,0.000074
0.686000,0.000074
0.687000,0.000074
0.688000,0.000075
0.689000,0.000075
0.690000,0.000075
0.691000,0.000075
0.692000,0.000075
0.693000,0.000075
0.694000,0.000075
0.695000,0.000075
0.696000,0.000075
0.697000,0.000075
0.698000,0.000076
0.699000,0.000076
0.700000,0.000076
0.701000,0.000076
0.702000,0.000076
0.703000,0.000076
0.704000,0.000076
0.705000,0.000076
0.706000,0.000076
0.707000,0.000076
0.708000,0.000077
0.709000,0.000077
0.710000,0.000077
0.711000,0.000077
0.712000,0.000077
0.713000,0.000077
0.714000,0.000077
0.715000,0.000077
0.716000,0.000077
0.717000,0.000077
0.718000,0.000078
0.719000,0.000078
0.720000,0.000078
0.721000,0.000078
0.722000,0.000078
0.723000,0.000078
0.724000,0.000078
0.725000,0.000078
0.726000,0.000078
0.727000,0.000078
0.728000,0.000078
0.729000,0.000079
0.730000,0.000079
0.731000,0.000079
0.732000,0.000079
0.733000,0.000079
0.734000,0.000079
0.735000,0.000079
0.736000,0.000079
0.737000,0.000079
0.738000,0.000079
0.739000,0.000079
0.740000,0.000079
0.741000,0.000080
0.742000,0.000080
0.743000,0.000080
0.744000,0.000080
0.745000,0.000080
0.746000,0.000080
0.747000,0.000080
0.748000,0.000080
0.749000,0.000080
0.750000,0.000080
0.751000,0.000080
0.752000,0.000080
0.753000,0.000080
0.754000,0.000081
0.755000,0.000081
0.756000,0.000081
0.757000,0.000081
0.758000,0.000081
0.759000,0.000081
0.760000,0.000081
0.761000,0.000081
0.762000,0.000081
0.763000,0.000081
0.764000,0.000081
0.765000,0.000081
0.766000,0.000081
0.767000,0.000081
0.768000,0.000082
0.769000,0.000082
0.770000,0.000082
0.771000,0.000082
0.772000,0.000082
0.773000,0.000082
0.774000,0.000082
0.775000,0.000082
0.776000,0.000082
0.777000,0.000082
0.778000,0.000082
0.779000,0.000082
0.780000,0.000082
0.781000,0.000082
0.782000,0.000082
0.783000,0.000083
0.784000,0.000083
0.785000,0.000083
0.786000,0.000083
0.787000,0.000083
0.788000,0.000083
0.789000,0.000083
0.790000,0.000083
0.791000,0.000083
0.792000,0.000083
0.793000,0.000083
0.794000,0.000083
0.795000,0.000083
0.796000,0.000083
0.797000,0.000083
0.798000,0.000083
0.799000,0.000084
0.800000,0.000084
0.801000,0.000084
0.802000,0.000084
0.803000,0.000084
0.804000,0.000084
0.805000,0.000084
0.806000,0.000084
0.807000,0.000084
0.808000,0.000084
0.809000,0.000084
0.810000,0.000084
0.811000,0.000084
0.812000,0.000084
0.813000,0.000084
0.814000,0.000084
0.815000,0.000084
0.816000,0.000084
0.817000,0.000085
0.818000,0.000085
0.819000,0.000085
0.820000,0.000085
0.821000,0.000085
0.822000,0.000085
0.823000,0.000085
0.824000,0.000085
0.825000,0.000085
0.826000,0.000085
0.827000,0.000085
0.828000,0.000085
0.829000,0.000085
0.830000,0.000085
0.831000,0.000085
0.832000,0.000085
0.833000,0.000085
0.834000,0.000085
0.835000,0.000085
0.836000,0.000085
0.837000,0.000085
0.838000,0.000086
0.839000,0.000086
0.840000,0.000086
0.841000,0.000086
0.842000,0.000086
0.843000,0.000086
0.844000,0.000086
0.845000,0.000086
0.846000,0.000086
0.847000,0.000086
0.848000,0.000086
0.849000,0.000086
0.850000,0.000086
0.851000,0.000086
0.852000,0.000086
0.853000,0.000086
0.854000,0.000086
0.855000,0.000086
0.856000,0.000086
0.857000,0.000086
0.858000,0.000086
0.859000,0.000086
0.860000,0.000086
0.861000,0.000087
0.862000,0.000087
0.863000,0.000087
0.864000,0.000087
0.865000,0.000087
0.866000,0.000087
0.867000,0.000087
0.868000,0.000087
0.869000,0.000087
0.870000,0.000087
0.871000,0.000087
0.872000,0.000087
0.873000,0.000087
0.874000,0.000087
0.875000,0.000087
0.876000,0.000087
0.877000,0.000087
0.878000,0.000087
0.879000,0.000087
0.880000,0.000087
0.881000,0.000087
0.882000,0.000087
0.883000,0.000087
0.884000,0.000087
0.885000,0.000087
0.886000,0.000087
0.887000,0.000088
0.888000,0.000088
0.889000,0.000088
0.890000,0.000088
0.891000,0.000088
0.892000,0.000088
0.893000,0.000088
0.894000,0.000088
0.895000,0.000088
0.896000,0.000088
0.897000,0.000088
0.898000,0.000088
0.899000,0.000088
0.900000,0.000088
0.901000,0.000088
0.902000,0.000088
0.903000,0.000088
0.904000,0.000088
0.905000,0.000088
0.906000,0.000088
0.907000,0.000088
0.908000,0.000088
0.909000,0.000088
0.910000,0.000088
0.911000,0.000088
0.912000,0.000088
0.913000,0.000088
0.914000,0.000088
0.915000,0.000088
0.916000,0.000088
0.917000,0.000088
0.918000,0.000088
0.919000,0.000089
0.920000,0.000089
0.921000,0.000089
0.922000,0.000089
0.923000,0.000089
0.924000,0.000089
0.925000,0.000089
0.926000,0.000089
0.927000,0.000089
0.928000,0.000089
0.929000,0.000089
0.930000,0.000089
0.931000,0.000089
0.932000,0.000089
0.933000,0.000089
0.934000,0.000089
0.935000,0.000089
0.936000,0.000089
0.937000,0.000089
0.938000,0.000089
0.939000,0.000089
0.940000,0.000089
0.941000,0.000089
0.942000,0.000089
0.943000,0.000089
0.944000,0.000089
0.945000,0.000089
0.946000,0.000089
0.947000,0.000089
0.948000,0.000089
0.949000,0.000089
0.950000,0.000089
0.951000,0.000089
0.952000,0.000089
0.953000,0.000089
0.954000,0.000089
0.955000,0.000089
0.956000,0.000089
0.957000,0.000090
0.958000,0.000090
0.959000,0.000090
0.960000,0.000090
0.961000,0.000090
0.962000,0.000090
0.963000,0.000090
0.964000,0.000090
0.965000,0.000090
0.966000,0.000090
0.967000,0.000090
0.968000,0.000090
0.969000,0.000090
0.970000,0.000090
0.971000,0.000090
0.972000,0.000090
0.973000,0.000090
0.974000,0.000090
0.975000,0.000090
0.976000,0.000090
0.977000,0.000090
0.978000,0.000090
0.979000,0.000090
0.980000,0.000090
0.981000,0.000090
0.982000,0.000090
0.983000,0.000090
0.984000,0.000090
0.985000,0.000090
0.986000,0.000090
0.987000,0.000090
0.988000,0.000090
0.989000,0.000090
0.990000,0.000090
0.991000,0.000090
0.992000,0.000090
0.993000,0.000090
0.994000,0.000090
0.995000,0.000090
0.996000,0.000090
0.997000,0.000090
0.998000,0.000090
0.999000,0.000090
1.000000,0.000090
1.001000,0.000090
1.002000,0.000090
1.003000,0.000090
1.004000,0.000090
1.005000,0.000091
1.006000,0.000091
1.007000,0.000091
1.008000,0.000091
1.009000,0.000091
1.010000,0.000091
1.011000,0.000091
1.012000,0.000091
1.013000,0.000091
1.014000,0.000091
1.015000,0.000091
1.016000,0.000091
1.017000,0.000091
1.018000,0.000091
1.019000,0.000091
1.020000,0.000091
1.021000,0.000091
1.022000,0.000091
1.023000,0.000091
1.024000,0.000091
1.025000,0.000091
1.026000,0.000091
1.027000,0.000091
1.028000,0.000091
1.029000,0.000091
1.030000,0.000091
1.031000,0.000091
1.032000,0.000091
1.033000,0.000091
1.034000,0.000091
1.035000,0.000091
1.036000,0.000091
1.037000,0.000091
1.038000,0.000091
1.039000,0.000091
1.040000,0.000091
1.041000,0.000091
1.042000,0.000091
1.043000,0.000091
1.044000,0.000091
1.045000,0.000091
1.046000,0.000091
1.047000,0.000091
1.048000,0.000091
1.049000,0.000091
1.050000,0.000091
1.051000,0.000091
1.052000,0.000091
1.053000,0.000091
1.054000,0.000091
1.055000,0.000091
1.056000,0.000091
1.057000,0.000091
1.058000,0.000091
1.059000,0.000091
1.060000,0.000091
1.061000,0.000091
1.062000,0.000091
1.063000,0.000091
1.064000,0.000091
1.065000,0.000091
1.066000,0.000091
1.067000,0.000091
1.068000,0.000091
1.069000,0.000091
1.070000,0.000091
1.071000,0.000091
1.072000,0.000092
1.073000,0.000092
1.074000,0.000092
1.075000,0.000092
1.076000,0.000092
1.077000,0.000092
1.078000,0.000092
1.079000,0.000092
1.080000,0.000092
1.081000,0.000092
1.082000,0.000092
1.083000,0.000092
1.084000,0.000092
1.085000,0.000092
1.086000,0.000092
1.087000,0.000092
1.088000,0.000092
1.089000,0.000092
1.090000,0.000092
1.091000,0.000092
1.092000,0.000092
1.093000,0.000092
1.094000,0.000092
1.095000,0.000092
1.096000,0.000092
1.097000,0.000092
1.098000,0.000092
1.099000,0.000092
1.100000,0.000092
1.101000,0.000092
1.102000,0.000092
1.103000,0.000092
1.104000,0.000092
1.105000,0.000092
1.106000,0.000092
1.107000,0.000092
1.108000,0.000092
1.109000,0.000092
1.110000,0.000092
1.111000,0.000092
1.112000,0.000092
1.113000,0.000092
1.114000,0.000092
1.115000,0.000092
1.116000,0.000092
1.117000,0.000092
1.118000,0.000092
1.119000,0.000092
1.120000,0.000092
1.121000,0.000092
1.122000,0.000092
1.123000,0.000092
1.124000,0.000092
1.125000,0.000092
1.126000,0.000092
1.127000,0.000092
1.128000,0.000092
1.129000,0.000092
1.130000,0.000092
1.131000,0.000092
1.132000,0.000092
1.133000,0.000092
1.134000,0.000092
1.135000,0.000092
1.136000,0.000092
1.137000,0.000092
1.138000,0.000092
1.139000,0.000092
1.140000,0.000092
1.141000,0.000092
1.142000,0.000092
1.143000,0.000092
1.144000,0.000092
1.145000,0.000092
1.146000,0.000092
1.147000,0.000092
1.148000,0.000092
1.149000,0.000092
1.150000,0.000092
1.151000,0.000092
1.152000,0.000092
1.153000,0.000092
1.154000,0.000092
1.155000,0.000092
1.156000,0.000092
1.157000,0.000092
1.158000,0.000092
1.159000,0.000092
1.160000,0.000092
1.161000,0.000092
1.162000,0.000092
1.163000,0.000092
1.164000,0.000092
1.165000,0.000092
1.166000,0.000092
1.167000,0.000092
1.168000,0.000092
1.169000,0.000092
1.170000,0.000092
1.171000,0.000092
1.172000,0.000092
1.173000,0.000092
1.174000,0.000092
1.175000,0.000092
1.176000,0.000093
1.177000,0.000093
1.178000,0.000093
1.179000,0.000093
1.180000,0.000093
1.181000,0.000093
1.182000,0.000093
1.183000,0.000093
1.184000,0.000093
1.185000,0.000093
1.186000,0.000093
1.187000,0.000093
1.188000,0.000093
1.189000,0.000093
1.190000,0.000093
1.191000,0.000093
1.192000,0.000093
1.193000,0.000093
1.194000,0.000093
1.195000,0.000093
1.196000,0.000093
1.197000,0.000093
1.198000,0.000093
1.199000,0.000093
1.200000,0.000093
1.201000,0.000093
1.202000,0.000093
1.203000,0.000093
1.204000,0.000093
1.205000,0.000093
1.206000,0.000093
1.207000,0.000093
1.208000,0.000093
1.209000,0.000093
1.210000,0.000093
1.211000,0.000093
1.212000,0.000093
1.213000,0.000093
1.214000,0.000093
1.215000,0.000093
1.216000,0.000093
1.217000,0.000093
1.218000,0.000093
1.219000,0.000093
1.220000,0.000093
1.221000,0.000093
1.222000,0.000093
1.223000,0.000093
1.224000,0.000093
1.225000,0.000093
1.226000,0.000093
1.227000,0.000093
1.228000,0.000093
1.229000,0.000093
1.230000,0.000093
1.231000,0.000093
1.232000,0.000093
1.233000,0.000093
1.234000,0.000093
1.235000,0.000093
1.236000,0.000093
1.237000,0.000093
1.238000,0.000093
1.239000,0.000093
1.240000,0.000093
1.241000,0.000093
1.242000,0.000093
1.243000,0.000093
1.244000,0.000093
1.245000,0.000093
1.246000,0.000093
1.247000,0.000093
1.248000,0.000093
1.249000,0.000093
1.250000,0.000093
1.251000,0.000093
1.252000,0.000093
1.253000,0.000093
1.254000,0.000093
1.255000,0.000093
1.256000,0.000093
1.257000,0.000093
1.258000,0.000093
1.259000,0.000093
1.260000,0.000093
1.261000,0.000093
1.262000,0.000093
1.263000,0.000093
1.264000,0.000093
1.265000,0.000093
1.266000,0.000093
1.267000,0.000093
1.268000,0.000093
1.269000,0.000093
1.270000,0.000093
1.271000,0.000093
1.272000,0.000093
1.273000,0.000093
1.274000,0.000093
1.275000,0.000093
1.276000,0.000093
1.277000,0.000093
1.278000,0.000093
1.279000,0.000093
1.280000,0.000093
1.281000,0.000093
1.282000,0.000093
1.283000,0.000093
1.284000,0.000093
1.285000,0.000093
1.286000,0.000093
1.287000,0.000093
1.288000,0.000093
1.289000,0.000093
1.290000,0.000093
1.291000,0.000093
1.292000,0.000093
1.293000,0.000093
1.294000,0.000093
1.295000,0.000093
1.296000,0.000093
1.297000,0.000093
1.298000,0.000093
1.299000,0.000093
1.300000,0.000093
1.301000,0.000093
1.302000,0.000093
1.303000,0.000093
1.304000,0.000093
1.305000,0.000093
1.306000,0.000093
1.307000,0.000093
1.308000,0.000093
1.309000,0.000093
1.310000,0.000093
1.311000,0.000093
1.312000,0.000093
1.313000,0.000093
1.314000,0.000093
1.315000,0.000093
1.316000,0.000093
1.317000,0.000093
1.318000,0.000093
1.319000,0.000093
1.320000,0.000093
1.321000,0.000093
1.322000,0.000093
1.323000,0.000093
1.324000,0.000093
1.325000,0.000093
1.326000,0.000093
1.327000,0.000093
1.328000,0.000093
1.329000,0.000093
1.330000,0.000093
1.331000,0.000093
1.332000,0.000093
1.333000,0.000093
1.334000,0.000093
1.335000,0.000093
1.336000,0.000093
1.337000,0.000093
1.338000,0.000093
1.339000,0.000093
1.340000,0.000093
1.341000,0.000093
1.342000,0.000093
1.343000,0.000093
1.344000,0.000093
1.345000,0.000093
1.346000,0.000093
1.347000,0.000093
1.348000,0.000093
1.349000,0.000093
1.350000,0.000093
1.351000,0.000093
1.352000,0.000093
1.353000,0.000093
1.354000,0.000093
1.355000,0.000093
1.356000,0.000093
1.357000,0.000093
1.358000,0.000093
1.359000,0.000093
1.360000,0.000093
1.361000,0.000093
1.362000,0.000093
1.363000,0.000093
1.364000,0.000093
1.365000,0.000093
1.366000,0.000093
1.367000,0.000093
1.368000,0.000093
1.369000,0.000093
1.370000,0.000093
1.371000,0.000093
1.372000,0.000093
1.373000,0.000093
1.374000,0.000093
1.375000,0.000093
1.376000,0.000093
1.377000,0.000093
1.378000,0.000093
1.379000,0.000093
1.380000,0.000093
1.381000,0.000093
1.382000,0.000093
1.383000,0.000093
1.384000,0.000093
1.385000,0.000093
1.386000,0.000093
1.387000,0.000093
1.388000,0.000093
1.389000,0.000093
1.390000,0.000093
1.391000,0.000093
1.392000,0.000093
1.393000,0.000093
1.394000,0.000093
1.395000,0.000093
1.396000,0.000093
1.397000,0.000093
1.398000,0.000093
1.399000,0.000093
1.400000,0.000093
1.401000,0.000093
1.402000,0.000093
1.403000,0.000093
1.404000,0.000093
1.405000,0.000093
1.406000,0.000093
1.407000,0.000093
1.408000,0.000093
1.409000,0.000093
1.410000,0.000093
1.411000,0.000093
1.412000,0.000093
1.413000,0.000093
1.414000,0.000093
1.415000,0.000093
1.416000,0.000093
1.417000,0.000093
1.418000,0.000093
1.419000,0.000093
1.420000,0.000093
1.421000,0.000093
1.422000,0.000093
1.423000,0.000093
1.424000,0.000093
1.425000,0.000093
1.426000,0.000093
1.427000,0.000093
1.428000,0.000093
1.429000,0.000094
1.430000,0.000094
1.431000,0.000094
1.432000,0.000094
1.433000,0.000094
1.434000,0.000094
1.435000,0.000094
1.436000,0.000094
1.437000,0.000094
1.438000,0.000094
1.439000,0.000094
1.440000,0.000094
1.441000,0.000094
1.442000,0.000094
1.443000,0.000094
1.444000,0.000094
1.445000,0.000094
1.446000,0.000094
1.447000,0.000094
1.448000,0.000094
1.449000,0.000094
1.450000,0.000094
1.451000,0.000094
1.452000,0.000094
1.453000,0.000094
1.454000,0.000094
1.455000,0.000094
1.456000,0.000094
1.457000,0.000094
1.458000,0.000094
1.459000,0.000094
1.460000,0.000094
1.461000,0.000094
1.462000,0.000094
1.463000,0.000094
1.464000,0.000094
1.465000,0.000094
1.466000,0.000094
1.467000,0.000094
1.468000,0.000094
1.469000,0.000094
1.470000,0.000094
1.471000,0.000094
1.472000,0.000094
1.473000,0.000094
1.474000,0.000094
1.475000,0.000094
1.476000,0.000094
1.477000,0.000094
1.478000,0.000094
1.479000,0.000094
1.480000,0.000094
1.481000,0.000094
1.482000,0.000094
1.483000,0.000094
1.484000,0.000094
1.485000,0.000094
1.486000,0.000094
1.487000,0.000094
1.488000,0.000094
1.489000,0.000094
1.490000,0.000094
1.491000,0.000094
1.492000,0.000094
1.493000,0.000094
1.494000,0.000094
1.495000,0.000094
1.496000,0.000094
1.497000,0.000094
1.498000,0.000094
1.499000,0.000094
1.500000,0.000094
1.501000,0.000094
1.5