time,arm_x_y_error
0.183000,0.000051
0.184000,0.000052
0.185000,0.000052
0.186000,0.000052
0.187000,0.000052
0.188000,0.000052
0.189000,0.000053
0.190000,0.000053
0.191000,0.000053
0.192000,0.000053
0.193000,0.000054
0.194000,0.000054
0.195000,0.000054
0.196000,0.000054
0.197000,0.000054
0.198000,0.000055
0.199000,0.000055
0.200000,0.000055
0.201000,0.000055
0.202000,0.000055
0.203000,0.000056
0.204000,0.000056
0.205000,0.000056
0.206000,0.000056
0.207000,0.000056
0.208000,0.000057
0.209000,0.000057
0.210000,0.000057
0.211000,0.000057
0.212000,0.000057
0.213000,0.000058
0.214000,0.000058
0.215000,0.000058
0.216000,0.000058
0.217000,0.000058
0.218000,0.000059
0.219000,0.000059
0.220000,0.000059
0.221000,0.000059
0.222000,0.000059
0.223000,0.000060
0.224000,0.000060
0.225000,0.000060
0.226000,0.000060
0.227000,0.000060
0.228000,0.000060
0.229000,0.000061
0.230000,0.000061
0.231000,0.000061
0.232000,0.000061
0.233000,0.000061
0.234000,0.000062
0.235000,0.000062
0.236000,0.000062
0.237000,0.000062
0.238000,0.000062
0.239000,0.000062
0.240000,0.000063
0.241000,0.000063
0.242000,0.000063
0.243000,0.000063
0.244000,0.000063
0.245000,0.000063
0.246000,0.000064
0.247000,0.000064
0.248000,0.000064
0.249000,0.000064
0.250000,0.000064
0.251000,0.000064
0.252000,0.000065
0.253000,0.000065
0.254000,0.000065
0.255000,0.000065
0.256000,0.000065
0.257000,0.000065
0.258000,0.000066
0.259000,0.000066
0.260000,0.000066
0.261000,0.000066
0.262000,0.000066
0.263000,0.000066
0.264000,0.000067
0.265000,0.000067
0.266000,0.000067
0.267000,0.000067
0.268000,0.000067
0.269000,0.000067
0.270000,0.000067
0.271000,0.000068
0.272000,0.000068
0.273000,0.000068
0.274000,0.000068
0.275000,0.000068
0.276000,0.000068
0.277000,0.000068
0.278000,0.000069
0.279000,0.000069
0.280000,0.000069
0.281000,0.000069
0.282000,0.000069
0.283000,0.000069
0.284000,0.000069
0.285000,0.000070
0.286000,0.000070
0.287000,0.000070
0.288000,0.000070
0.289000,0.000070
0.290000,0.000070
0.291000,0.000070
0.292000,0.000071
0.293000,0.000071
0.294000,0.000071
0.295000,0.000071
0.296000,0.000071
0.297000,0.000071
0.298000,0.000071
0.299000,0.000071
0.300000,0.000072
0.301000,0.000072
0.302000,0.000072
0.303000,0.000072
0.304000,0.000072
0.305000,0.000072
0.306000,0.000072
0.307000,0.000072
0.308000,0.000073
0.309000,0.000073
0.310000,0.000073
0.311000,0.000073
0.312000,0.000073
0.313000,0.000073
0.314000,0.000073
0.315000,0.000073
0.316000,0.000073
0.317000,0.000074
0.318000,0.000074
0.319000,0.000074
0.320000,0.000074
0.321000,0.000074
0.322000,0.000074
0.323000,0.000074
0.324000,0.000074
0.325000,0.000074
0.326000,0.000075
0.327000,0.000075
0.328000,0.000075
0.329000,0.000075
0.330000,0.000075
0.331000,0.000075
0.332000,0.000075
0.333000,0.000075
0.334000,0.000075
0.335000,0.000076
0.336000,0.000076
0.337000,0.000076
0.338000,0.000076
0.339000,0.000076
0.340000,0.000076
0.341000,0.000076
0.342000,0.000076
0.343000,0.000076
0.344000,0.000076
0.345000,0.000077
0.346000,0.000077
0.347000,0.000077
0.348000,0.000077
0.349000,0.000077
0.350000,0.000077
0.351000,0.000077
0.352000,0.000077
0.353000,0.000077
0.354000,0.000077
0.355000,0.000078
0.356000,0.000078
0.357000,0.000078
0.358000,0.000078
0.359000,0.000078
0.360000,0.000078
0.361000,0.000078
0.362000,0.000078
0.363000,0.000078
0.364000,0.000078
0.365000,0.000078
0.366000,0.000079
0.367000,0.000079
0.368000,0.000079
0.369000,0.000079
0.370000,0.000079
0.371000,0.000079
0.372000,0.000079
0.373000,0.000079
0.374000,0.000079
0.375000,0.000079
0.376000,0.000079
0.377000,0.000079
0.378000,0.000080
0.379000,0.000080
0.380000,0.000080
0.381000,0.000080
0.382000,0.000080
0.383000,0.000080
0.384000,0.000080
0.385000,0.000080
0.386000,0.000080
0.387000,0.000080
0.388000,0.000080
0.389000,0.000080
0.390000,0.000080
0.391000,0.000081
0.392000,0.000081
0.393000,0.000081
0.394000,0.000081
0.395000,0.000081
0.396000,0.000081
0.397000,0.000081
0.398000,0.000081
0.399000,0.000081
0.400000,0.000081
0.401000,0.000081
0.402000,0.000081
0.403000,0.000081
0.404000,0.000081
0.405000,0.000082
0.406000,0.000082
0.407000,0.000082
0.408000,0.000082
0.409000,0.000082
0.410000,0.000082
0.411000,0.000082
0.412000,0.000082
0.413000,0.000082
0.414000,0.000082
0.415000,0.000082
0.416000,0.000082
0.417000,0.000082
0.418000,0.000082
0.419000,0.000082
0.420000,0.000083
0.421000,0.000083
0.422000,0.000083
0.423000,0.000083
0.424000,0.000083
0.425000,0.000083
0.426000,0.000083
0.427000,0.000083
0.428000,0.000083
0.429000,0.000083
0.430000,0.000083
0.431000,0.000083
0.432000,0.000083
0.433000,0.000083
0.434000,0.000083
0.435000,0.000083
0.436000,0.000084
0.437000,0.000084
0.438000,0.000084
0.439000,0.000084
0.440000,0.000084
0.441000,0.000084
0.442000,0.000084
0.443000,0.000084
0.444000,0.000084
0.445000,0.000084
0.446000,0.000084
0.447000,0.000084
0.448000,0.000084
0.449000,0.000084
0.450000,0.000084
0.451000,0.000084
0.452000,0.000084
0.453000,0.000084
0.454000,0.000085
0.455000,0.000085
0.456000,0.000085
0.457000,0.000085
0.458000,0.000085
0.459000,0.000085
0.460000,0.000085
0.461000,0.000085
0.462000,0.000085
0.463000,0.000085
0.464000,0.000085
0.465000,0.000085
0.466000,0.000085
0.467000,0.000085
0.468000,0.000085
0.469000,0.000085
0.470000,0.000085
0.471000,0.000085
0.472000,0.000085
0.473000,0.000085
0.474000,0.000086
0.475000,0.000086
0.476000,0.000086
0.477000,0.000086
0.478000,0.000086
0.479000,0.000086
0.480000,0.000086
0.481000,0.000086
0.482000,0.000086
0.483000,0.000086
0.484000,0.000086
0.485000,0.000086
0.486000,0.000086
0.487000,0.000086
0.488000,0.000086
0.489000,0.000086
0.490000,0.000086
0.491000,0.000086
0.492000,0.000086
0.493000,0.000086
0.494000,0.000086
0.495000,0.000086
0.496000,0.000086
0.497000,0.000087
0.498000,0.000087
0.499000,0.000087
0.500000,0.000087
0.501000,0.000087
0.502000,0.000087
0.503000,0.000087
0.504000,0.000087
0.505000,0.000087
0.506000,0.000087
0.507000,0.000087
0.508000,0.000087
0.509000,0.000087
0.510000,0.000087
0.511000,0.000087
0.512000,0.000087
0.513000,0.000087
0.514000,0.000087
0.515000,0.000087
0.516000,0.000087
0.517000,0.000087
0.518000,0.000087
0.519000,0.000087
0.520000,0.000087
0.521000,0.000087
0.522000,0.000087
0.523000,0.000087
0.524000,0.000088
0.525000,0.000088
0.526000,0.000088
0.527000,0.000088
0.528000,0.000088
0.529000,0.000088
0.530000,0.000088
0.531000,0.000088
0.532000,0.000088
0.533000,0.000088
0.534000,0.000088
0.535000,0.000088
0.536000,0.000088
0.537000,0.000088
0.538000,0.000088
0.539000,0.000088
0.540000,0.000088
0.541000,0.000088
0.542000,0.000088
0.543000,0.000088
0.544000,0.000088
0.545000,0.000088
0.546000,0.000088
0.547000,0.000088
0.548000,0.000088
0.549000,0.000088
0.550000,0.000088
0.551000,0.000088
0.552000,0.000088
0.553000,0.000088
0.554000,0.000088
0.555000,0.000089
0.556000,0.000089
0.557000,0.000089
0.558000,0.000089
0.559000,0.000089
0.560000,0.000089
0.561000,0.000089
0.562000,0.000089
0.563000,0.000089
0.564000,0.000089
0.565000,0.000089
0.566000,0.000089
0.567000,0.000089
0.568000,0.000089
0.569000,0.000089
0.570000,0.000089
0.571000,0.000089
0.572000,0.000089
0.573000,0.000089
0.574000,0.000089
0.575000,0.000089
0.576000,0.000089
0.577000,0.000089
0.578000,0.000089
0.579000,0.000089
0.580000,0.000089
0.581000,0.000089
0.582000,0.000089
0.583000,0.000089
0.584000,0.000089
0.585000,0.000089
0.586000,0.000089
0.587000,0.000089
0.588000,0.000089
0.589000,0.000089
0.590000,0.000089
0.591000,0.000089
0.592000,0.000089
0.593000,0.000090
0.594000,0.000090
0.595000,0.000090
0.596000,0.000090
0.597000,0.000090
0.598000,0.000090
0.599000,0.000090
0.600000,0.000090
0.601000,0.000090
0.602000,0.000090
0.603000,0.000090
0.604000,0.000090
0.605000,0.000090
0.606000,0.000090
0.607000,0.000090
0.608000,0.000090
0.609000,0.000090
0.610000,0.000090
0.611000,0.000090
0.612000,0.000090
0.613000,0.000090
0.614000,0.000090
0.615000,0.000090
0.616000,0.000090
0.617000,0.000090
0.618000,0.000090
0.619000,0.000090
0.620000,0.000090
0.621000,0.000090
0.622000,0.000090
0.623000,0.000090
0.624000,0.000090
0.625000,0.000090
0.626000,0.000090
0.627000,0.000090
0.628000,0.000090
0.629000,0.000090
0.630000,0.000090
0.631000,0.000090
0.632000,0.000090
0.633000,0.000090
0.634000,0.000090
0.635000,0.000090
0.636000,0.000090
0.637000,0.000090
0.638000,0.000090
0.639000,0.000090
0.640000,0.000090
0.641000,0.000091
0.642000,0.000091
0.643000,0.000091
0.644000,0.000091
0.645000,0.000091
0.646000,0.000091
0.647000,0.000091
0.648000,0.000091
0.649000,0.000091
0.650000,0.000091
0.651000,0.000091
0.652000,0.000091
0.653000,0.000091
0.654000,0.000091
0.655000,0.000091
0.656000,0.000091
0.657000,0.000091
0.658000,0.000091
0.659000,0.000091
0.660000,0.000091
0.661000,0.000091
0.662000,0.000091
0.663000,0.000091
0.664000,0.000091
0.665000,0.000091
0.666000,0.000091
0.667000,0.000091
0.668000,0.000091
0.669000,0.000091
0.670000,0.000091
0.671000,0.000091
0.672000,0.000091
0.673000,0.000091
0.674000,0.000091
0.675000,0.000091
0.676000,0.000091
0.677000,0.000091
0.678000,0.000091
0.679000,0.000091
0.680000,0.000091
0.681000,0.000091
0.682000,0.000091
0.683000,0.000091
0.684000,0.000091
0.685000,0.000091
0.686000,0.000091
0.687000,0.000091
0.688000,0.000091
0.689000,0.000091
0.690000,0.000091
0.691000,0.000091
0.692000,0.000091
0.693000,0.000091
0.694000,0.000091
0.695000,0.000091
0.696000,0.000091
0.697000,0.000091
0.698000,0.000091
0.699000,0.000091
0.700000,0.000091
0.701000,0.836183
0.702000,0.835929
0.703000,0.835195
0.704000,0.834030
0.705000,0.832476
0.706000,0.830571
0.707000,0.828345
0.708000,0.825830
0.709000,0.823051
0.710000,0.820033
0.711000,0.816799
0.712000,0.813370
0.713000,0.809763
0.714000,0.805996
0.715000,0.802086
0.716000,0.798046
0.717000,0.793889
0.718000,0.789629
0.719000,0.785275
0.720000,0.780838
0.721000,0.776328
0.722000,0.771753
0.723000,0.767121
0.724000,0.762438
0.725000,0.757713
0.726000,0.752951
0.727000,0.748156
0.728000,0.743336
0.729000,0.738494
0.730000,0.733634
0.731000,0.728761
0.732000,0.723877
0.733000,0.718988
0.734000,0.714095
0.735000,0.709201
0.736000,0.704310
0.737000,0.699422
0.738000,0.694542
0.739000,0.689669
0.740000,0.684807
0.741000,0.679957
0.742000,0.675121
0.743000,0.670299
0.744000,0.665494
0.745000,0.660706
0.746000,0.655937
0.747000,0.651187
0.748000,0.646457
0.749000,0.641749
0.750000,0.637062
0.751000,0.632398
0.752000,0.627757
0.753000,0.623141
0.754000,0.618548
0.755000,0.613980
0.756000,0.609437
0.757000,0.604920
0.758000,0.600428
0.759000,0.595963
0.760000,0.591524
0.761000,0.587112
0.762000,0.582727
0.763000,0.578368
0.764000,0.574037
0.765000,0.569733
0.766000,0.565457
0.767000,0.561208
0.768000,0.556987
0.769000,0.552794
0.770000,0.548628
0.771000,0.544490
0.772000,0.540380
0.773000,0.536297
0.774000,0.532242
0.775000,0.528215
0.776000,0.524216
0.777000,0.520245
0.778000,0.516301
0.779000,0.512384
0.780000,0.508496
0.781000,0.504634
0.782000,0.500800
0.783000,0.496994
0.784000,0.493214
0.785000,0.489462
0.786000,0.485737
0.787000,0.482039
0.788000,0.478368
0.789000,0.474723
0.790000,0.471105
0.791000,0.467514
0.792000,0.463949
0.793000,0.460410
0.794000,0.456898
0.795000,0.453411
0.796000,0.449951
0.797000,0.446516
0.798000,0.443107
0.799000,0.439724
0.800000,0.436366
0.801000,0.433033
0.802000,0.429725
0.803000,0.426442
0.804000,0.423185
0.805000,0.419951
0.806000,0.416743
0.807000,0.413559
0.808000,0.410399
0.809000,0.407263
0.810000,0.404152
0.811000,0.401064
0.812000,0.398000
0.813000,0.394959
0.814000,0.391942
0.815000,0.388948
0.816000,0.385978
0.817000,0.383030
0.818000,0.380105
0.819000,0.377203
0.820000,0.374323
0.821000,0.371466
0.822000,0.368631
0.823000,0.365818
0.824000,0.363027
0.825000,0.360258
0.826000,0.357511
0.827000,0.354784
0.828000,0.352080
0.829000,0.349396
0.830000,0.346734
0.831000,0.344092
0.832000,0.341472
0.833000,0.338872
0.834000,0.336292
0.835000,0.333733
0.836000,0.331194
0.837000,0.328675
0.838000,0.326176
0.839000,0.323696
0.840000,0.321236
0.841000,0.318796
0.842000,0.316375
0.843000,0.313973
0.844000,0.311591
0.845000,0.309227
0.846000,0.306882
0.847000,0.304555
0.848000,0.302247
0.849000,0.299958
0.850000,0.297686
0.851000,0.295433
0.852000,0.293198
0.853000,0.290980
0.854000,0.288780
0.855000,0.286598
0.856000,0.284433
0.857000,0.282285
0.858000,0.280155
0.859000,0.278041
0.860000,0.275944
0.861000,0.273864
0.862000,0.271801
0.863000,0.269754
0.864000,0.267724
0.865000,0.265710
0.866000,0.263711
0.867000,0.261729
0.868000,0.259763
0.869000,0.257812
0.870000,0.255878
0.871000,0.253958
0.872000,0.252054
0.873000,0.250165
0.874000,0.248291
0.875000,0.246433
0.876000,0.244589
0.877000,0.242760
0.878000,0.240945
0.879000,0.239145
0.880000,0.237360
0.881000,0.235588
0.882000,0.233831
0.883000,0.232088
0.884000,0.230359
0.885000,0.228644
0.886000,0.226943
0.887000,0.225255
0.888000,0.223581
0.889000,0.221920
0.890000,0.220272
0.891000,0.218638
0.892000,0.217016
0.893000,0.215408
0.894000,0.213812
0.895000,0.212230
0.896000,0.210660
0.897000,0.209102
0.898000,0.207557
0.899000,0.206024
0.900000,0.204504
0.901000,0.202995
0.902000,0.201499
0.903000,0.200015
0.904000,0.198542
0.905000,0.197082
0.906000,0.195633
0.907000,0.194195
0.908000,0.192769
0.909000,0.191355
0.910000,0.189951
0.911000,0.188559
0.912000,0.187178
0.913000,0.185808
0.914000,0.184449
0.915000,0.183101
0.916000,0.181763
0.917000,0.180436
0.918000,0.179120
0.919000,0.177814
0.920000,0.176519
0.921000,0.175233
0.922000,0.173958
0.923000,0.172694
0.924000,0.171439
0.925000,0.170194
0.926000,0.168959
0.927000,0.167734
0.928000,0.166518
0.929000,0.165313
0.930000,0.164116
0.931000,0.162930
0.932000,0.161752
0.933000,0.160584
0.934000,0.159425
0.935000,0.158276
0.936000,0.157135
0.937000,0.156004
0.938000,0.154881
0.939000,0.153767
0.940000,0.152662
0.941000,0.151566
0.942000,0.150479
0.943000,0.149400
0.944000,0.148329
0.945000,0.147267
0.946000,0.146213
0.947000,0.145168
0.948000,0.144131
0.949000,0.143102
0.950000,0.142081
0.951000,0.141068
0.952000,0.140063
0.953000,0.139066
0.954000,0.138076
0.955000,0.137095
0.956000,0.136121
0.957000,0.135155
0.958000,0.134196
0.959000,0.133245
0.960000,0.132301
0.961000,0.131365
0.962000,0.130436
0.963000,0.129514
0.964000,0.128600
0.965000,0.127692
0.966000,0.126792
0.967000,0.125898
0.968000,0.125012
0.969000,0.124132
0.970000,0.123260
0.971000,0.122394
0.972000,0.121535
0.973000,0.120682
0.974000,0.119836
0.975000,0.118997
0.976000,0.118164
0.977000,0.117338
0.978000,0.116518
0.979000,0.115704
0.980000,0.114897
0.981000,0.114096
0.982000,0.113301
0.983000,0.112512
0.984000,0.111729
0.985000,0.110953
0.986000,0.110182
0.987000,0.109417
0.988000,0.108658
0.989000,0.107905
0.990000,0.107158
0.991000,0.106417
0.992000,0.105681
0.993000,0.104951
0.994000,0.104226
0.995000,0.103507
0.996000,0.102794
0.997000,0.102085
0.998000,0.101383
0.999000,0.100686
1.000000,0.099994
1.001000,0.099307
1.002000,0.098626
1.003000,0.097949
1.004000,0.097278
1.005000,0.096612
1.006000,0.095951
1.007000,0.095295
1.008000,0.094645
1.009000,0.093999
1.010000,0.093358
1.011000,0.092721
1.012000,0.092090
1.013000,0.091463
1.014000,0.090842
1.015000,0.090224
1.016000,0.089612
1.017000,0.089004
1.018000,0.088401
1.019000,0.087802
1.020000,0.087208
1.021000,0.086618
1.022000,0.086033
1.023000,0.085452
1.024000,0.084876
1.025000,0.084303
1.026000,0.083735
1.027000,0.083172
1.028000,0.082612
1.029000,0.082057
1.030000,0.081506
1.031000,0.080959
1.032000,0.080416
1.033000,0.079877
1.034000,0.079343
1.035000,0.078812
1.036000,0.078285
1.037000,0.077762
1.038000,0.077243
1.039000,0.076728
1.040000,0.076217
1.041000,0.075709
1.042000,0.075205
1.043000,0.074705
1.044000,0.074209
1.045000,0.073716
1.046000,0.073227
1.047000,0.072742
1.048000,0.072260
1.049000,0.071782
1.050000,0.071307
1.051000,0.070836
1.052000,0.070368
1.053000,0.069904
1.054000,0.069443
1.055000,0.068986
1.056000,0.068531
1.057000,0.068081
1.058000,0.067633
1.059000,0.067189
1.060000,0.066748
1.061000,0.066310
1.062000,0.065876
1.063000,0.065444
1.064000,0.065016
1.065000,0.064591
1.066000,0.064169
1.067000,0.063750
1.068000,0.063334
1.069000,0.062922
1.070000,0.062512
1.071000,0.062105
1.072000,0.061701
1.073000,0.061300
1.074000,0.060902
1.075000,0.060507
1.076000,0.060115
1.077000,0.059725
1.078000,0.059339
1.079000,0.058955
1.080000,0.058574
1.081000,0.058195
1.082000,0.057820
1.083000,0.057447
1.084000,0.057077
1.085000,0.056709
1.086000,0.056344
1.087000,0.055982
1.088000,0.055622
1.089000,0.055265
1.090000,0.054910
1.091000,0.054558
1.092000,0.054209
1.093000,0.053862
1.094000,0.053517
1.095000,0.053175
1.096000,0.052836
1.097000,0.052498
1.098000,0.052164
1.099000,0.051831
1.100000,0.051501
1.101000,0.051173
1.102000,0.050848
1.103000,0.050525
1.104000,0.050204
1.105000,0.049886
1.106000,0.049569
1.107000,0.049255
1.108000,0.048944
1.109000,0.048634
1.110000,0.048327
1.111000,0.048021
1.112000,0.047718
1.113000,0.047417
1.114000,0.047118
1.115000,0.046822
1.116000,0.046527
1.117000,0.046234
1.118000,0.045944
1.119000,0.045655
1.120000,0.045369
1.121000,0.045084
1.122000,0.044802
1.123000,0.044521
1.124000,0.044243
1.125000,0.043966
1.126000,0.043691
1.127000,0.043419
1.128000,0.043148
1.129000,0.042879
1.130000,0.042612
1.131000,0.042346
1.132000,0.042083
1.133000,0.041821
1.134000,0.041562
1.135000,0.041304
1.136000,0.041047
1.137000,0.040793
1.138000,0.040540
1.139000,0.040289
1.140000,0.040040
1.141000,0.039793
1.142000,0.039547
1.143000,0.039303
1.144000,0.039060
1.145000,0.038819
1.146000,0.038580
1.147000,0.038343
1.148000,0.038107
1.149000,0.037873
1.150000,0.037640
1.151000,0.037409
1.152000,0.037180
1.153000,0.036952
1.154000,0.036726
1.155000,0.036501
1.156000,0.036278
1.157000,0.036056
1.158000,0.035836
1.159000,0.035617
1.160000,0.035400
1.161000,0.035184
1.162000,0.034970
1.163000,0.034757
1.164000,0.034545
1.165000,0.034335
1.166000,0.034127
1.167000,0.033920
1.168000,0.033714
1.169000,0.033509
1.170000,0.033306
1.171000,0.033105
1.172000,0.032905
1.173000,0.032706
1.174000,0.032508
1.175000,0.032312
1.176000,0.032117
1.177000,0.031923
1.178000,0.031731
1.179000,0.031540
1.180000,0.031350
1.181000,0.031162
1.182000,0.030974
1.183000,0.030788
1.184000,0.030604
1.185000,0.030420
1.186000,0.030238
1.187000,0.030057
1.188000,0.029877
1.189000,0.029698
1.190000,0.029520
1.191000,0.029344
1.192000,0.029169
1.193000,0.028995
1.194000,0.028822
1.195000,0.028650
1.196000,0.028480
1.197000,0.028310
1.198000,0.028142
1.199000,0.027975
1.200000,0.027809
1.201000,0.027644
1.202000,0.027480
1.203000,0.027317
1.204000,0.027155
1.205000,0.026994
1.206000,0.026835
1.207000,0.026676
1.208000,0.026518
1.209000,0.026362
1.210000,0.026206
1.211000,0.026052
1.212000,0.025898
1.213000,0.025746
1.214000,0.025594
1.215000,0.025443
1.216000,0.025294
1.217000,0.025145
1.218000,0.024998
1.219000,0.024851
1.220000,0.024705
1.221000,0.024561
1.222000,0.024417
1.223000,0.024274
1.224000,0.024132
1.225000,0.023991
1.226000,0.023851
1.227000,0.023711
1.228000,0.023573
1.229000,0.023435
1.230000,0.023299
1.231000,0.023163
1.232000,0.023028
1.233000,0.022894
1.234000,0.022761
1.235000,0.022629
1.236000,0.022498
1.237000,0.022367
1.238000,0.022237
1.239000,0.022108
1.240000,0.021980
1.241000,0.021853
1.242000,0.021726
1.243000,0.021601
1.244000,0.021476
1.245000,0.021352
1.246000,0.021229
1.247000,0.021106
1.248000,0.020984
1.249000,0.020863
1.250000,0.020743
1.251000,0.020624
1.252000,0.020505
1.253000,0.020387
1.254000,0.020270
1.255000,0.020154
1.256000,0.020038
1.257000,0.019923
1.258000,0.019809
1.259000,0.019695
1.260000,0.019582
1.261000,0.019470
1.262000,0.019359
1.263000,0.019248
1.264000,0.019138
1.265000,0.019029
1.266000,0.018920
1.267000,0.018812
1.268000,0.018705
1.269000,0.018598
1.270000,0.018492
1.271000,0.018387
1.272000,0.018282
1.273000,0.018178
1.274000,0.018075
1.275000,0.017972
1.276000,0.017870
1.277000,0.017769
1.278000,0.017668
1.279000,0.017568
1.280000,0.017468
1.281000,0.017369
1.282000,0.017271
1.283000,0.017173
1.284000,0.017076
1.285000,0.016980
1.286000,0.016884
1.287000,0.016788
1.288000,0.016694
1.289000,0.016600
1.290000,0.016506
1.291000,0.016413
1.292000,0.016320
1.293000,0.016229
1.294000,0.016137
1.295000,0.016046
1.296000,0.015956
1.297000,0.015867
1.298000,0.015777
1.299000,0.015689
1.300000,0.015601
1.301000,0.015513
1.302000,0.015426
1.303000,0.015340
1.304000,0.015254
1.305000,0.015169
1.306000,0.015084
1.307000,0.014999
1.308000,0.014916
1.309000,0.014832
1.310000,0.014749
1.311000,0.014667
1.312000,0.014585
1.313000,0.014504
1.314000,0.014423
1.315000,0.014343
1.316000,0.014263
1.317000,0.014183
1.318000,0.014104
1.319000,0.014026
1.320000,0.013948
1.321000,0.013870
1.322000,0.013793
1.323000,0.013717
1.324000,0.013641
1.325000,0.013565
1.326000,0.013490
1.327000,0.013415
1.328000,0.013341
1.329000,0.013267
1.330000,0.013193
1.331000,0.013120
1.332000,0.013048
1.333000,0.012975
1.334000,0.012904
1.335000,0.012832
1.336000,0.012761
1.337000,0.012691
1.338000,0.012621
1.339000,0.012551
1.340000,0.012482
1.341000,0.012413
1.342000,0.012345
1.343000,0.012277
1.344000,0.012209
1.345000,0.012142
1.346000,0.012075
1.347000,0.012009
1.348000,0.011943
1.349000,0.011877
1.350000,0.011812
1.351000,0.011747
1.352000,0.011682
1.353000,0.011618
1.354000,0.011554
1.355000,0.011491
1.356000,0.011428
1.357000,0.011365
1.358000,0.011303
1.359000,0.011241
1.360000,0.011180
1.361000,0.011118
1.362000,0.011058
1.363000,0.010997
1.364000,0.010937
1.365000,0.010877
1.366000,0.010818
1.367000,0.010758
1.368000,0.010700
1.369000,0.010641
1.370000,0.010583
1.371000,0.010525
1.372000,0.010468
1.373000,0.010411
1.374000,0.010354
1.375000,0.010298
1.376000,0.010242
1.377000,0.010186
1.378000,0.010130
1.379000,0.010075
1.380000,0.010020
1.381000,0.009966
1.382000,0.009911
1.383000,0.009858
1.384000,0.009804
1.385000,0.009751
1.386000,0.009698
1.387000,0.009645
1.388000,0.009593
1.389000,0.009540
1.390000,0.009489
1.391000,0.009437
1.392000,0.009386
1.393000,0.009335
1.394000,0.009284
1.395000,0.009234
1.396000,0.009184
1.397000,0.009134
1.398000,0.009085
1.399000,0.009035
1.400000,0.008986
1.401000,0.008938
1.402000,0.008889
1.403000,0.008841
1.404000,0.008793
1.405000,0.008746
1.406000,0.008698
1.407000,0.008651
1.408000,0.008605
1.409000,0.008558
1.410000,0.008512
1.411000,0.008466
1.412000,0.008420
1.413000,0.008375
1.414000,0.008329
1.415000,0.008284
1.416000,0.008240
1.417000,0.008195
1.418000,0.008151
1.419000,0.008107
1.420000,0.008063
1.421000,0.008020
1.422000,0.007976
1.423000,0.007933
1.424000,0.007890
1.425000,0.007848
1.426000,0.007806
1.427000,0.007763
1.428000,0.007722
1.429000,0.007680
1.430000,0.007639
1.431000,0.007597
1.432000,0.007557
1.433000,0.007516
1.434000,0.007475
1.435000,0.007435
1.436000,0.007395
1.437000,0.007355
1.438000,0.007316
1.439000,0.007276
1.440000,0.007237
1.441000,0.007198
1.442000,0.007159
1.443000,0.007121
1.444000,0.007082
1.445000,0.007044
1.446000,0.007006
1.447000,0.006969
1.448000,0.006931
1.449000,0.006894
1.450000,0.006857
1.451000,0.006820
1.452000,0.006783
1.453000,0.006747
1.454000,0.006710
1.455000,0.006674
1.456000,0.006638
1.457000,0.006603
1.458000,0.006567
1.459000,0.006532
1.460000,0.006497
1.461000,0.006462
1.462000,0.006427
1.463000,0.006393
1.464000,0.006358
1.465000,0.006324
1.466000,0.006290
1.467000,0.006256
1.468000,0.006223
1.469000,0.006189
1.470000,0.006156
1.471000,0.006123
1.472000,0.006090
1.473000,0.006057
1.474000,0.006025
1.475000,0.005992
1.476000,0.005960
1.477000,0.005928
1.478000,0.005896
1.479000,0.005864
1.480000,0.005833
1.481000,0.005802
1.482000,0.005770
1.483000,0.005739
1.484000,0.005708
1.485000,0.005678
1.486000,0.005647
1.487000,0.005617
1.488000,0.005587
1.489000,0.005557
1.490000,0.005527
1.491000,0.005497
1.492000,0.005467
1.493000,0.005438
1.494000,0.005409
1.495000,0.005380
1.496000,0.005351
1.497000,0.005322
1.498000,0.005293
1.499000,0.005265
1.500000,0.005237
1.501000,0.005208
1.502000,0.005180
1.503000,0.005152
1.504000,0.005125
1.505000,0.005097
1.506000,0.005070
1.507000,0.005042
1.508000,0.005015
1.509000,0.004988
1.510000,0.004961
1.511000,0.004935
1.512000,0.004908
1.513000,0.004882
1.514000,0.004855
1.515000,0.004829
1.516000,0.004803
1.517000,0.004777
1.518000,0.004752
1.519000,0.004726
1.520000,0.004700
1.521000,0.004675
1.522000,0.004650
1.523000,0.004625
1.524000,0.004600
1.525000,0.004575
1.526000,0.004550
1.527000,0.004526
1.528000,0.004501
1.529000,0.004477
1.530000,0.004453
1.531000,0.004429
1.532000,0.004405
1.533000,0.004381
1.534000,0.004358
1.535000,0.004334
1.536000,0.004311
1.537000,0.004287
1.538000,0.004264
1.539000,0.004241
1.540000,0.004218
1.541000,0.004195
1.542000,0.004173
1.543000,0.004150
1.544000,0.004128
1.545000,0.004105
1.546000,0.004083
1.547000,0.004061
1.548000,0.004039
1.549000,0.004017
1.550000,0.003995
1.551000,0.003974
1.552000,0.003952
1.553000,0.003931
1.554000,0.003910
1.555000,0.003888
1.556000,0.003867
1.557000,0.003846
1.558000,0.003826
1.559000,0.003805
1.560000,0.003784
1.561000,0.003764
1.562000,0.003743
1.563000,0.003723
1.564000,0.003703
1.565000,0.003683
1.566000,0.003663
1.567000,0.003643
1.568000,0.003623
1.569000,0.003603
1.570000,0.003584
1.571000,0.003564
1.572000,0.003545
1.573000,0.003526
1.574000,0.003506
1.575000,0.003487
1.576000,0.003468
1.577000,0.003450
1.578000,0.003431
1.579000,0.003412
1.580000,0.003394
1.581000,0.003375
1.582000,0.003357
1.583000,0.003338
1.584000,0.003320
1.585000,0.003302
1.586000,0.003284
1.587000,0.003266
1.588000,0.003248
1.589000,0.003231
1.590000,0.003213
1.591000,0.003196
1.592000,0.003178
1.593000,0.003161
1.594000,0.003144
1.595000,0.003126
1.596000,0.003109
1.597000,0.003092
1.598000,0.003075
1.599000,0.003059
1.600000,0.003042
1.601000,0.003025
1.602000,0.003009
1.603000,0.002992
1.604000,0.002976
1.605000,0.002960
1.606000,0.002943
1.607000,0.002927
1.608000,0.002911
1.609000,0.002895
1.610000,0.002880
1.611000,0.002864
1.612000,0.002848
1.613000,0.002833
1.614000,0.002817
1.615000,0.002802
1.616000,0.002786
1.617000,0.002771
1.618000,0.002756
1.619000,0.002741
1.620000,0.002726
1.621000,0.002711
1.622000,0.002696
1.623000,0.002681
1.624000,0.002666
1.625000,0.002652
1.626000,0.002637
1.627000,0.002623
1.628000,0.002608
1.629000,0.002594
1.630000,0.002580
1.631000,0.002565
1.632000,0.002551
1.633000,0.002537
1.634000,0.002523
1.635000,0.002510
1.636000,0.002496
1.637000,0.002482
1.638000,0.002468
1.639000,0.002455
1.640000,0.002441
1.641000,0.002428
1.642000,0.002415
1.643000,0.002401
1.644000,0.002388
1.645000,0.002375
1.646000,0.002362
1.647000,0.002349
1.648000,0.002336
1.649000,0.002323
1.650000,0.002310
1.651000,0.002298
1.652000,0.002285
1.653000,0.002272
1.654000,0.002260
1.655000,0.002247
1.656000,0.002235
1.657000,0.002223
1.658000,0.002210
1.659000,0.002198
1.660000,0.002186
1.661000,0.002174
1.662000,0.002162
1.663000,0.002150
1.664000,0.002138
1.665000,0.002127
1.666000,0.002115
1.667000,0.002103
1.668000,0.002092
1.669000,0.002080
1.670000,0.002069
1.671000,0.002057
1.672000,0.002046
1.673000,0.002035
1.674000,0.002023
1.675000,0.002012
1.676000,0.002001
1.677000,0.001990
1.678000,0.001979
1.679000,0.001968
1.680000,0.001957
1.681000,0.001947
1.682000,0.001936
1.683000,0.001925
1.684000,0.001915
1.685000,0.001904
1.686000,0.001893
1.687000,0.001883
1.688000,0.001873
1.689000,0.001862
1.690000,0.001852
1.691000,0.001842
1.692000,0.001832
1.693000,0.001822
1.694000,0.001812
1.695000,0.001802
1.696000,0.001792
1.697000,0.001782
1.698000,0.001772
1.699000,0.001762
1.700000,0.001753
1.701000,0.001743
1.702000,0.001733
1.703000,0.001724
1.704000,0.001714
1.705000,0.001705
1.706000,0.001696
1.707000,0.001686
1.708000,0.001677
1.709000,0.001668
1.710000,0.001659
1.711000,0.001650
1.712000,0.001641
1.713000,0.001632
1.714000,0.001623
1.715000,0.001614
1.716000,0.001605
1.717000,0.001596
1.718000,0.001587
1.719000,0.001579
1.720000,0.001570
1.721000,0.001561
1.722000,0.001553
1.723000,0.001544
1.724000,0.001536
1.725000,0.001527
1.726000,0.001519
1.727000,0.001511
1.728000,0.001503
1.729000,0.001494
1.730000,0.001486
1.731000,0.001478
1.732000,0.001470
1.733000,0.001462
1.734000,0.001454
1.735000,0.001446
1.736000,0.001438
1.737000,0.001430
1.738000,0.001423
1.739000,0.001415
1.740000,0.001407
1.741000,0.001400
1.742000,0.001392
1.743000,0.001384
1.744000,0.001377
1.745000,0.001369
1.746000,0.001362
1.747000,0.001355
1.748000,0.001347
1.749000,0.001340
1.750000,0.001333
1.751000,0.001326
1.752000,0.001318
1.753000,0.001311
1.754000,0.001304
1.755000,0.001297
1.756000,0.001290
1.757000,0.001283
1.758000,0.001276
1.759000,0.001270
1.760000,0.001263
1.761000,0.001256
1.762000,0.001249
1.763000,0.001243
1.764000,0.001236
1.765000,0.001229
1.766000,0.001223
1.767000,0.001216
1.768000,0.001210
1.769000,0.001203
1.770000,0.001197
1.771000,0.001190
1.772000,0.001184
1.773000,0.001178
1.774000,0.001172
1.775000,0.001165
1.776000,0.001159
1.777000,0.001153
1.778000,0.001147
1.779000,0.001141
1.780000,0.001135
1.781000,0.001129
1.782000,0.001123
1.783000,0.001117
1.784000,0.001111
1.785000,0.001105
1.786000,0.001100
1.787000,0.001094
1.788000,0.001088
1.789000,0.001082
1.790000,0.001077
1.791000,0.001071
1.792000,0.001065
1.793000,0.001060
1.794000,0.001054
1.795000,0.001049
1.796000,0.001043
1.797000,0.001038
1.798000,0.001033
1.799000,0.001027
1.800000,0.001022
1.801000,0.001017
1.802000,0.001011
1.803000,0.001006
1.804000,0.001001
1.805000,0.000996
1.806000,0.000991
1.807000,0.000986
1.808000,0.000981
1.809000,0.000976
1.810000,0.000971
1.811000,0.000966
1.812000,0.000961
1.813000,0.000956
1.814000,0.000951
1.815000,0.000946
1.816000,0.000941
1.817000,0.000937
1.818000,0.000932
1.819000,0.000927
1.820000,0.000923
1.821000,0.000918
1.822000,0.000913
1.823000,0.000909
1.824000,0.000904
1.825000,0.000900
1.826000,0.000895
1.827000,0.000891
1.828000,0.000886
1.829000,0.000882
1.830000,0.000878
1.831000,0.000873
1.832000,0.000869
1.833000,0.000865
1.834000,0.000860
1.835000,0.000856
1.836000,0.000852
1.837000,0.000848
1.838000,0.000844
1.839000,0.000839
1.840000,0.000835
1.841000,0.000831
1.842000,0.000827
1.843000,0.000823
1.844000,0.000819
1.845000,0.000815
1.846000,0.000811
1.847000,0.000807
1.848000,0.000804
1.849000,0.000800
1.850000,0.000796
1.851000,0.000792
1.852000,0.000788
1.853000,0.000785
1.854000,0.000781
1.855000,0.000777
1.856000,0.000773
1.857000,0.000770
1.858000,0.000766
1.859000,0.000763
1.860000,0.000759
1.861000,0.000755
1.862000,0.000752
1.863000,0.000748
1.864000,0.000745
1.865000,0.000741
1.866000,0.000738
1.867000,0.000734
1.868000,0.000731
1.869000,0.000728
1.870000,0.000724
1.871000,0.000721
1.872000,0.000718
1.873000,0.000714
1.874000,0.000711
1.875000,0.000708
1.876000,0.000705
1.877000,0.000701
1.878000,0.000698
1.879000,0.000695
1.880000,0.000692
1.881000,0.000689
1.882000,0.000686
1.883000,0.000683
1.884000,0.000680
1.885000,0.000677
1.886000,0.000674
1.887000,0.000671
1.888000,0.000668
1.889000,0.000665
1.890000,0.000662
1.891000,0.000659
1.892000,0.000656
1.893000,0.000653
1.894000,0.000650
1.895000,0.000647
1.896000,0.000644
1.897000,0.000642
1.898000,0.000639
1.899000,0.000636
1.900000,0.000633
1.901000,0.000631
1.902000,0.000628
1.903000,0.000625
1.904000,0.000622
1.905000,0.000620
1.906000,0.000617
1.907000,0.000614
1.908000,0.000612
1.909000,0.000609
1.910000,0.000607
1.911000,0.000604
1.912000,0.000602
1.913000,0.000599
1.914000,0.000596
1.915000,0.000594
1.916000,0.000591
1.917000,0.000589
1.918000,0.000587
1.919000,0.000584
1.920000,0.000582
1.921000,0.000579
1.922000,0.000577
1.923000,0.000575
1.924000,0.000572
1.925000,0.000570
1.926000,0.000567
1.927000,0.000565
1.928000,0.000563
1.929000,0.000561
1.930000,0.000558
1.931000,0.000556
1.932000,0.000554
1.933000,0.000552
1.934000,0.000549
1.935000,0.000547
1.936000,0.000545
1.937000,0.000543
1.938000,0.000541
1.939000,0.000538
1.940000,0.000536
1.941000,0.000534
1.942000,0.000532
1.943000,0.000530
1.944000,0.000528
1.945000,0.000526
1.946000,0.000524
1.947000,0.000522
1.948000,0.000520
1.949000,0.000517
1.950000,0.000515
1.951000,0.000513
1.952000,0.000511
1.953000,0.000509
1.954000,0.000508
1.955000,0.000506
1.956000,0.000504
1.957000,0.000502
1.958000,0.000500
1.959000,0.000498
1.960000,0.000496
1.961000,0.000494
1.962000,0.000492
1.963000,0.000490
1.964000,0.000488
1.965000,0.000487
1.966000,0.000485
1.967000,0.000483
1.968000,0.000481
1.969000,0.000479
1.970000,0.000477
1.971000,0.000476
1.972000,0.000474
1.973000,0.000472
1.974000,0.000470
1.975000,0.000469
1.976000,0.000467
1.977000,0.000465
1.978000,0.000463
1.979000,0.000462
1.980000,0.000460
1.981000,0.000458
1.982000,0.000457
1.983000,0.000455
1.984000,0.000453
1.985000,0.000451
1.986000,0.000450
1.987000,0.000448
1.988000,0.000447
1.989000,0.000445
1.990000,0.000443
1.991000,0.000442
1.992000,0.000440
1.993000,0.000438
1.994000,0.000437
1.995000,0.000435
1.996000,0.000434
1.997000,0.000432
1.998000,0.000431
1.999000,0.000429
2.000000,0.000427
2.001000,0.000426
2.002000,0.000424
2.003000,0.000423
2.004000,0.000421
2.005000,0.000420
2.006000,0.000418
2.007000,0.000417
2.008000,0.000415
2.009000,0.000414
2.010000,0.000412
2.011000,0.000411
2.012000,0.000409
2.013000,0.000408
2.014000,0.000407
2.015000,0.000405
2.016000,0.000404
2.017000,0.000402
2.018000,0.000401
2.019000,0.000399
2.020000,0.000398
2.021000,0.000397
2.022000,0.000395
2.023000,0.000394
2.024000,0.000392
2.025000,0.000391
2.026000,0.000390
2.027000,0.000388
2.028000,0.000387
2.029000,0.000386
2.030000,0.000384
2.031000,0.000383
2.032000,0.000382
2.033000,0.000380
2.034000,0.000379
2.035000,0.000378
2.036000,0.000376
2.037000,0.000375
2.038000,0.000374
2.039000,0.000372
2.040000,0.000371
2.041000,0.000370
2.042000,0.000368
2.043000,0.000367
2.044000,0.000366
2.045000,0.000365
2.046000,0.000363
2.047000,0.000362
2.048000,0.000361
2.049000,0.000360
2.050000,0.000358
2.051000,0.000357
2.052000,0.000356
2.053000,0.000355
2.054000,0.000353
2.055000,0.000352
2.056000,0.000351
2.057000,0.000350
2.058000,0.000348
2.059000,0.000347
2.060000,0.000346
2.061000,0.000345
2.062000,0.000344
2.063000,0.000342
2.064000,0.000341
2.065000,0.000340
2.066000,0.000339
2.067000,0.000338
2.068000,0.000337
2.069000,0.000335
2.070000,0.000334
2.071000,0.000333
2.072000,0.000332
2.073000,0.000331
2.074000,0.000330
2.075000,0.000328
2.076000,0.000327
2.077000,0.000326
2.078000,0.000325
2.079000,0.000324
2.080000,0.000323
2.081000,0.000322
2.082000,0.000321
2.083000,0.000319
2.084000,0.000318
2.085000,0.000317
2.086000,0.000316
2.087000,0.000315
2.088000,0.000314
2.089000,0.000313
2.090000,0.000312
2.091000,0.000311
2.092000,0.000310
2.093000,0.000309
2.094000,0.000307
2.095000,0.000306
2.096000,0.000305
2.097000,0.000304
2.098000,0.000303
2.099000,0.000302
2.100000,0.000301
2.101000,0.000300
2.102000,0.000299
2.103000,0.000298
2.104000,0.000297
2.105000,0.000296
2.106000,0.000295
2.107000,0.000294
2.108000,0.000293
2.109000,0.000292
2.110000,0.000291
2.111000,0.000290
2.112000,0.000289
2.113000,0.000288
2.114000,0.000287
2.115000,0.000286
2.116000,0.000285
2.117000,0.000284
2.118000,0.000283
2.119000,0.000282
2.120000,0.000281
2.121000,0.000280
2.122000,0.000279
2.123000,0.000278
2.124000,0.000277
2.125000,0.000276
2.126000,0.000275
2.127000,0.000274
2.128000,0.000273
2.129000,0.000272
2.130000,0.000271
2.131000,0.000270
2.132000,0.000269
2.133000,0.000268
2.134000,0.000267
2.135000,0.000266
2.136000,0.000265
2.137000,0.000264
2.138000,0.000263
2.139000,0.000262
2.140000,0.000261
2.141000,0.000260
2.142000,0.000259
2.143000,0.000259
2.144000,0.000258
2.145000,0.000257
2.146000,0.000256
2.147000,0.000255
2.148000,0.000254
2.149000,0.000253
2.150000,0.000252
2.151000,0.000251
2.152000,0.000250
2.153000,0.000249
2.154000,0.000248
2.155000,0.000248
2.156000,0.000247
2.157000,0.000246
2.158000,0.000245
2.159000,0.000244
2.160000,0.000243
2.161000,0.000242
2.162000,0.000241
2.163000,0.000240
2.164000,0.000240
2.165000,0.000239
2.166000,0.000238
2.167000,0.000237
2.168000,0.000236
2.169000,0.000235
2.170000,0.000234
2.171000,0.000234
2.172000,0.000233
2.173000,0.000232
2.174000,0.000231
2.175000,0.000230
2.176000,0.000229
2.177000,0.000228
2.178000,0.000228
2.179000,0.000227
2.180000,0.000226
2.181000,0.000225
2.182000,0.000224
2.183000,0.000223
2.184000,0.000223
2.185000,0.000222
2.186000,0.000221
2.187000,0.000220
2.188000,0.000219
2.189000,0.000218
2.190000,0.000218
2.191000,0.000217
2.192000,0.000216
2.193000,0.000215
2.194000,0.000214
2.195000,0.000214
2.196000,0.000213
2.197000,0.000212
2.198000,0.000211
2.199000,0.000210
2.200000,0.000210
2.201000,0.000209
2.202000,0.000208
2.203000,0.000207
2.204000,0.000207
2.205000,0.000206
2.206000,0.000205
2.207000,0.000204
2.208000,0.000203
2.209000,0.000203
2.210000,0.000202
2.211000,0.000201
2.212000,0.000200
2.213000,0.000200
2.214000,0.000199
2.215000,0.000198
2.216000,0.000197
2.217000,0.000197
2.218000,0.000196
2.219000,0.000195
2.220000,0.000194
2.221000,0.000194
2.222000,0.000193
2.223000,0.000192
2.224000,0.000191
2.225000,0.000191
2.226000,0.000190
2.227000,0.000189
2.228000,0.000188
2.229000,0.000188
2.230000,0.000187
2.231000,0.000186
2.232000,0.000186
2.233000,0.000185
2.234000,0.000184
2.235000,0.000183
2.236000,0.000183
2.237000,0.000182
2.238000,0.000181
2.239000,0.000181
2.240000,0.000180
2.241000,0.000179
2.242000,0.000179
2.243000,0.000178
2.244000,0.000177
2.245000,0.000177
2.246000,0.000176
2.247000,0.000175
2.248000,0.000174
2.249000,0.000174
2.250000,0.000173
2.251000,0.000172
2.252000,0.000172
2.253000,0.000171
2.254000,0.000170
2.255000,0.000170
2.256000,0.000169
2.257000,0.000168
2.258000,0.000168
2.259000,0.000167
2.260000,0.000167
2.261000,0.000166
2.262000,0.000165
2.263000,0.000165
2.264000,0.000164
2.265000,0.000163
2.266000,0.000163
2.267000,0.000162
2.268000,0.000161
2.269000,0.000161
2.270000,0.000160
2.271000,0.000160
2.272000,0.000159
2.273000,0.000158
2.274000,0.000158
2.275000,0.000157
2.276000,0.000156
2.277000,0.000156
2.278000,0.000155
2.279000,0.000155
2.280000,0.000154
2.281000,0.000153
2.282000,0.000153
2.283000,0.000152
2.284000,0.000152
2.285000,0.000151
2.286000,0.000150
2.287000,0.000150
2.288000,0.000149
2.289000,0.000149
2.290000,0.000148
2.291000,0.000147
2.292000,0.000147
2.293000,0.000146
2.294000,0.000146
2.295000,0.000145
2.296000,0.000145
2.297000,0.000144
2.298000,0.000143
2.299000,0.000143
2.300000,0.000142
2.301000,0.000142
2.302000,0.000141
2.303000,0.000141
2.304000,0.000140
2.305000,0.000140
2.306000,0.000139
2.307000,0.000139
2.308000,0.000138
2.309000,0.000137
2.310000,0.000137
2.311000,0.000136
2.312000,0.000136
2.313000,0.000135
2.314000,0.000135
2.315000,0.000134
2.316000,0.000134
2.317000,0.000133
2.318000,0.000133
2.319000,0.000132
2.320000,1.904937
2.321000,1.904873
2.322000,1.904723
2.323000,1.904536
2.324000,1.904324
2.325000,1.904089
2.326000,1.903829
2.327000,1.903545
2.328000,1.903235
2.329000,1.902899
2.330000,1.902537
2.331000,1.902147
2.332000,1.901729
2.333000,1.901283
2.334000,1.900809
2.335000,1.900305
2.336000,1.899772
2.337000,1.899208
2.338000,1.898615
2.339000,1.897991
2.340000,1.897336
2.341000,1.896649
2.342000,1.895931
2.343000,1.895181
2.344000,1.894398
2.345000,1.893583
2.346000,1.892736
2.347000,1.891855
2.348000,1.890941
2.349000,1.889993
2.350000,1.889011
2.351000,1.887996
2.352000,1.886946
2.353000,1.885861
2.354000,1.884742
2.355000,1.883588
2.356000,1.882399
2.357000,1.881174
2.358000,1.879915
2.359000,1.878619
2.360000,1.877288
2.361000,1.875922
2.362000,1.874519
2.363000,1.873080
2.364000,1.871606
2.365000,1.870095
2.366000,1.868547
2.367000,1.866964
2.368000,1.865344
2.369000,1.863688
2.370000,1.861995
2.371000,1.860265
2.372000,1.858499
2.373000,1.856697
2.374000,1.854858
2.375000,1.852982
2.376000,1.851070
2.377000,1.849122
2.378000,1.847137
2.379000,1.845115
2.380000,1.843057
2.381000,1.840963
2.382000,1.838832
2.383000,1.836666
2.384000,1.834463
2.385000,1.832224
2.386000,1.829949
2.387000,1.827638
2.388000,1.825291
2.389000,1.822908
2.390000,1.820490
2.391000,1.818037
2.392000,1.815548
2.393000,1.813024
2.394000,1.810464
2.395000,1.807870
2.396000,1.805241
2.397000,1.802577
2.398000,1.799878
2.399000,1.797145
2.400000,1.794378
2.401000,1.791576
2.402000,1.788741
2.403000,1.785872
2.404000,1.782969
2.405000,1.780033
2.406000,1.777063
2.407000,1.774060
2.408000,1.771025
2.409000,1.767956
2.410000,1.764855
2.411000,1.761721
2.412000,1.758556
2.413000,1.755358
2.414000,1.752128
2.415000,1.748867
2.416000,1.745574
2.417000,1.742250
2.418000,1.738895
2.419000,1.735509
2.420000,1.732092
2.421000,1.728645
2.422000,1.725168
2.423000,1.721660
2.424000,1.718123
2.425000,1.714556
2.426000,1.710960
2.427000,1.707334
2.428000,1.703679
2.429000,1.699996
2.430000,1.696284
2.431000,1.692543
2.432000,1.688774
2.433000,1.684978
2.434000,1.681153
2.435000,1.677301
2.436000,1.673422
2.437000,1.669515
2.438000,1.665582
2.439000,1.661622
2.440000,1.657635
2.441000,1.653622
2.442000,1.649583
2.443000,1.645519
2.444000,1.641428
2.445000,1.637313
2.446000,1.633172
2.447000,1.629006
2.448000,1.624816
2.449000,1.620601
2.450000,1.616361
2.451000,1.612098
2.452000,1.607811
2.453000,1.603500
2.454000,1.599166
2.455000,1.594808
2.456000,1.590428
2.457000,1.586025
2.458000,1.581599
2.459000,1.577151
2.460000,1.572681
2.461000,1.568189
2.462000,1.563676
2.463000,1.559141
2.464000,1.554585
2.465000,1.550008
2.466000,1.545410
2.467000,1.540792
2.468000,1.536153
2.469000,1.531495
2.470000,1.526816
2.471000,1.522118
2.472000,1.517401
2.473000,1.512664
2.474000,1.507909
2.475000,1.503134
2.476000,1.498342
2.477000,1.493531
2.478000,1.488702
2.479000,1.483855
2.480000,1.478991
2.481000,1.474109
2.482000,1.469210
2.483000,1.464295
2.484000,1.459362
2.485000,1.454414
2.486000,1.449449
2.487000,1.444468
2.488000,1.439471
2.489000,1.434459
2.490000,1.429432
2.491000,1.424390
2.492000,1.419333
2.493000,1.414261
2.494000,1.409175
2.495000,1.404075
2.496000,1.398962
2.497000,1.393834
2.498000,1.388694
2.499000,1.383540
2.500000,1.378373
2.501000,1.373194
2.502000,1.368002
2.503000,1.362798
2.504000,1.357582
2.505000,1.352354
2.506000,1.347116
2.507000,1.341865
2.508000,1.336604
2.509000,1.331333
2.510000,1.326050
2.511000,1.320758
2.512000,1.315456
2.513000,1.310144
2.514000,1.304822
2.515000,1.299491
2.516000,1.294151
2.517000,1.288803
2.518000,1.283446
2.519000,1.278081
2.520000,1.272708
2.521000,1.267327
2.522000,1.261939
2.523000,1.256544
2.524000,1.251141
2.525000,1.245732
2.526000,1.240317
2.527000,1.234895
2.528000,1.229468
2.529000,1.224034
2.530000,1.218596
2.531000,1.213152
2.532000,1.207703
2.533000,1.202250
2.534000,1.196792
2.535000,1.191331
2.536000,1.185865
2.537000,1.180396
2.538000,1.174923
2.539000,1.169448
2.540000,1.163969
2.541000,1.158488
2.542000,1.153005
2.543000,1.147520
2.544000,1.142033
2.545000,1.136544
2.546000,1.131054
2.547000,1.125564
2.548000,1.120072
2.549000,1.114581
2.550000,1.109089
2.551000,1.103597
2.552000,1.098105
2.553000,1.092614
2.554000,1.087124
2.555000,1.081635
2.556000,1.076148
2.557000,1.070662
2.558000,1.065178
2.559000,1.059697
2.560000,1.054217
2.561000,1.048741
2.562000,1.043268
2.563000,1.037797
2.564000,1.032331
2.565000,1.026868
2.566000,1.021409
2.567000,1.015954
2.568000,1.010504
2.569000,1.005059
2.570000,0.999619
2.571000,0.994184
2.572000,0.988755
2.573000,0.983332
2.574000,0.977914
2.575000,0.972504
2.576000,0.967099
2.577000,0.961702
2.578000,0.956312
2.579000,0.950929
2.580000,0.945553
2.581000,0.940186
2.582000,0.934827
2.583000,0.929476
2.584000,0.924133
2.585000,0.918800
2.586000,0.913476
2.587000,0.908161
2.588000,0.902855
2.589000,0.897559
2.590000,0.892274
2.591000,0.886999
2.592000,0.881734
2.593000,0.876480
2.594000,0.871237
2.595000,0.866005
2.596000,0.860785
2.597000,0.855576
2.598000,0.850379
2.599000,0.845195
2.600000,0.840022
2.601000,0.834863
2.602000,0.829716
2.603000,0.824582
2.604000,0.819461
2.605000,0.814353
2.606000,0.809260
2.607000,0.804180
2.608000,0.799114
2.609000,0.794062
2.610000,0.789025
2.611000,0.784002
2.612000,0.778995
2.613000,0.774002
2.614000,0.769024
2.615000,0.764062
2.616000,0.759115
2.617000,0.754185
2.618000,0.749270
2.619000,0.744371
2.620000,0.739488
2.621000,0.734622
2.622000,0.729773
2.623000,0.724940
2.624000,0.720125
2.625000,0.715326
2.626000,0.710545
2.627000,0.705781
2.628000,0.701035
2.629000,0.696307
2.630000,0.691596
2.631000,0.686904
2.632000,0.682229
2.633000,0.677573
2.634000,0.672936
2.635000,0.668317
2.636000,0.663716
2.637000,0.659135
2.638000,0.654572
2.639000,0.650029
2.640000,0.645505
2.641000,0.641000
2.642000,0.636514
2.643000,0.632048
2.644000,0.627602
2.645000,0.623176
2.646000,0.618769
2.647000,0.614382
2.648000,0.610016
2.649000,0.605669
2.650000,0.601343
2.651000,0.597037
2.652000,0.592751
2.653000,0.588486
2.654000,0.584241
2.655000,0.580017
2.656000,0.575814
2.657000,0.571631
2.658000,0.567469
2.659000,0.563328
2.660000,0.559208
2.661000,0.555110
2.662000,0.551032
2.663000,0.546975
2.664000,0.542939
2.665000,0.538925
2.666000,0.534931
2.667000,0.530959
2.668000,0.527009
2.669000,0.523079
2.670000,0.519171
2.671000,0.515285
2.672000,0.511420
2.673000,0.507576
2.674000,0.503754
2.675000,0.499953
2.676000,0.496174
2.677000,0.492416
2.678000,0.488680
2.679000,0.484965
2.680000,0.481272
2.681000,0.477600
2.682000,0.473950
2.683000,0.470321
2.684000,0.466714
2.685000,0.463128
2.686000,0.459564
2.687000,0.456022
2.688000,0.452500
2.689000,0.449001
2.690000,0.445522
2.691000,0.442066
2.692000,0.438630
2.693000,0.435216
2.694000,0.431823
2.695000,0.428452
2.696000,0.425101
2.697000,0.421773
2.698000,0.418465
2.699000,0.415178
2.700000,0.411913
2.701000,0.408668
2.702000,0.405445
2.703000,0.402242
2.704000,0.399061
2.705000,0.395900
2.706000,0.392761
2.707000,0.389642
2.708000,0.386544
2.709000,0.383466
2.710000,0.380409
2.711000,0.377373
2.712000,0.374357
2.713000,0.371362
2.714000,0.368387
2.715000,0.365432
2.716000,0.362498
2.717000,0.359584
2.718000,0.356690
2.719000,0.353816
2.720000,0.350961
2.721000,0.348127
2.722000,0.345313
2.723000,0.342518
2.724000,0.339743
2.725000,0.336988
2.726000,0.334252
2.727000,0.331536
2.728000,0.328839
2.729000,0.326161
2.730000,0.323503
2.731000,0.320863
2.732000,0.318243
2.733000,0.315641
2.734000,0.313059
2.735000,0.310495
2.736000,0.307950
2.737000,0.305424
2.738000,0.302916
2.739000,0.300426
2.740000,0.297955
2.741000,0.295502
2.742000,0.293067
2.743000,0.290650
2.744000,0.288252
2.745000,0.285871
2.746000,0.283508
2.747000,0.281162
2.748000,0.278835
2.749000,0.276524
2.750000,0.274231
2.751000,0.271956
2.752000,0.269698
2.753000,0.267456
2.754000,0.265232
2.755000,0.263025
2.756000,0.260834
2.757000,0.258661
2.758000,0.256504
2.759000,0.254363
2.760000,0.252239
2.761000,0.250132
2.762000,0.248040
2.763000,0.245965
2.764000,0.243906
2.765000,0.241862
2.766000,0.239835
2.767000,0.237823
2.768000,0.235827
2.769000,0.233847
2.770000,0.231882
2.771000,0.229932
2.772000,0.227998
2.773000,0.226079
2.774000,0.224175
2.775000,0.222286
2.776000,0.220412
2.777000,0.218552
2.778000,0.216708
2.779000,0.214877
2.780000,0.213062
2.781000,0.211261
2.782000,0.209474
2.783000,0.207701
2.784000,0.205942
2.785000,0.204197
2.786000,0.202467
2.787000,0.200750
2.788000,0.199046
2.789000,0.197357
2.790000,0.195681
2.791000,0.194018
2.792000,0.192369
2.793000,0.190733
2.794000,0.189110
2.795000,0.187500
2.796000,0.185903
2.797000,0.184319
2.798000,0.182747
2.799000,0.181189
2.800000,0.179643
2.801000,0.178109
2.802000,0.176588
2.803000,0.175079
2.804000,0.173582
2.805000,0.172098
2.806000,0.170625
2.807000,0.169165
2.808000,0.167716
2.809000,0.166279
2.810000,0.164854
2.811000,0.163440
2.812000,0.162038
2.813000,0.160647
2.814000,0.159268
2.815000,0.157900
2.816000,0.156543
2.817000,0.155197
2.818000,0.153862
2.819000,0.152538
2.820000,0.151224
2.821000,0.149922
2.822000,0.148630
2.823000,0.147349
2.824000,0.146078
2.825000,0.144818
2.826000,0.143567
2.827000,0.142328
2.828000,0.141098
2.829000,0.139878
2.830000,0.138669
2.831000,0.137469
2.832000,0.136279
2.833000,0.135099
2.834000,0.133928
2.835000,0.132768
2.836000,0.131616
2.837000,0.130474
2.838000,0.129342
2.839000,0.128219
2.840000,0.127105
2.841000,0.126000
2.842000,0.124904
2.843000,0.123817
2.844000,0.122740
2.845000,0.121671
2.846000,0.120611
2.847000,0.119559
2.848000,0.118516
2.849000,0.117482
2.850000,0.116456
2.851000,0.115439
2.852000,0.114430
2.853000,0.113429
2.854000,0.112437
2.855000,0.111453
2.856000,0.110476
2.857000,0.109508
2.858000,0.108548
2.859000,0.107596
2.860000,0.106651
2.861000,0.105714
2.862000,0.104785
2.863000,0.103864
2.864000,0.102950
2.865000,0.102044
2.866000,0.101145
2.867000,0.100253
2.868000,0.099369
2.869000,0.098492
2.870000,0.097622
2.871000,0.096759
2.872000,0.095904
2.873000,0.095055
2.874000,0.094214
2.875000,0.093379
2.876000,0.092551
2.877000,0.091730
2.878000,0.090916
2.879000,0.090108
2.880000,0.089307
2.881000,0.088513
2.882000,0.087725
2.883000,0.086943
2.884000,0.086168
2.885000,0.085399
2.886000,0.084637
2.887000,0.083880
2.888000,0.083130
2.889000,0.082386
2.890000,0.081648
2.891000,0.080916
2.892000,0.080191
2.893000,0.079471
2.894000,0.078756
2.895000,0.078048
2.896000,0.077346
2.897000,0.076649
2.898000,0.075958
2.899000,0.075272
2.900000,0.074592
2.901000,0.073918
2.902000,0.073249
2.903000,0.072586
2.904000,0.071928
2.905000,0.071275
2.906000,0.070628
2.907000,0.069986
2.908000,0.069349
2.909000,0.068717
2.910000,0.068090
2.911000,0.067469
2.912000,0.066852
2.913000,0.066241
2.914000,0.065634
2.915000,0.065033
2.916000,0.064436
2.917000,0.063844
2.918000,0.063257
2.919000,0.062675
2.920000,0.062097
2.921000,0.061524
2.922000,0.060956
2.923000,0.060392
2.924000,0.059833
2.925000,0.059278
2.926000,0.058728
2.927000,0.058182
2.928000,0.057641
2.929000,0.057104
2.930000,0.056571
2.931000,0.056043
2.932000,0.055519
2.933000,0.054999
2.934000,0.054483
2.935000,0.053972
2.936000,0.053464
2.937000,0.052961
2.938000,0.052462
2.939000,0.051966
2.940000,0.051475
2.941000,0.050988
2.942000,0.050504
2.943000,0.050025
2.944000,0.049549
2.945000,0.049077
2.946000,0.048609
2.947000,0.048145
2.948000,0.047684
2.949000,0.047227
2.950000,0.046774
2.951000,0.046324
2.952000,0.045878
2.953000,0.045436
2.954000,0.044997
2.955000,0.044561
2.956000,0.044129
2.957000,0.043701
2.958000,0.043276
2.959000,0.042854
2.960000,0.042436
2.961000,0.042021
2.962000,0.041609
2.963000,0.041201
2.964000,0.040796
2.965000,0.040394
2.966000,0.039996
2.967000,0.039600
2.968000,0.039208
2.969000,0.038819
2.970000,0.038433
2.971000,0.038050
2.972000,0.037670
2.973000,0.037293
2.974000,0.036919
2.975000,0.036548
2.976000,0.036181
2.977000,0.035816
2.978000,0.035454
2.979000,0.035094
2.980000,0.034738
2.981000,0.034385
2.982000,0.034034
2.983000,0.033686
2.984000,0.033341
2.985000,0.032999
2.986000,0.032659
2.987000,0.032322
2.988000,0.031988
2.989000,0.031657
2.990000,0.031328
2.991000,0.031002
2.992000,0.030678
2.993000,0.030357
2.994000,0.030038
2.995000,0.029722
2.996000,0.029409
2.997000,0.029098
2.998000,0.028790
2.999000,0.028484
3.000000,0.028180
3.001000,0.027879
3.002000,0.027580
3.003000,0.027284
3.004000,0.026990
3.005000,0.026699
3.006000,0.026409
3.007000,0.026123
3.008000,0.025838
3.009000,0.025556
3.010000,0.025276
3.011000,0.024998
3.012000,0.024722
3.013000,0.024449
3.014000,0.024178
3.015000,0.023909
3.016000,0.023642
3.017000,0.023377
3.018000,0.023115
3.019000,0.022854
3.020000,0.022596
3.021000,0.022340
3.022000,0.022085
3.023000,0.021833
3.024000,0.021583
3.025000,0.021335
3.026000,0.021089
3.027000,0.020845
3.028000,0.020603
3.029000,0.020363
3.030000,0.020125
3.031000,0.019888
3.032000,0.019654
3.033000,0.019422
3.034000,0.019191
3.035000,0.018963
3.036000,0.018736
3.037000,0.018511
3.038000,0.018288
3.039000,0.018066
3.040000,0.017847
3.041000,0.017629
3.042000,0.017414
3.043000,0.017199
3.044000,0.016987
3.045000,0.016777
3.046000,0.016568
3.047000,0.016361
3.048000,0.016155
3.049000,0.015952
3.050000,0.015749
3.051000,0.015549
3.052000,0.015350
3.053000,0.015153
3.054000,0.014958
3.055000,0.014764
3.056000,0.014572
3.057000,0.014382
3.058000,0.014193
3.059000,0.014005
3.060000,0.013820
3.061000,0.013636
3.062000,0.013453
3.063000,0.013272
3.064000,0.013092
3.065000,0.012914
3.066000,0.012738
3.067000,0.012563
3.068000,0.012389
3.069000,0.012217
3.070000,0.012047
3.071000,0.011877
3.072000,0.011710
3.073000,0.011544
3.074000,0.011379
3.075000,0.011216
3.076000,0.011054
3.077000,0.010893
3.078000,0.010734
3.079000,0.010576
3.080000,0.010420
3.081000,0.010265
3.082000,0.010112
3.083000,0.009959
3.084000,0.009808
3.085000,0.009659
3.086000,0.009511
3.087000,0.009364
3.088000,0.009218
3.089000,0.009074
3.090000,0.008931
3.091000,0.008790
3.092000,0.008649
3.093000,0.008510
3.094000,0.008373
3.095000,0.008236
3.096000,0.008101
3.097000,0.007967
3.098000,0.007834
3.099000,0.007703
3.100000,0.007573
3.101000,0.007444
3.102000,0.007316
3.103000,0.007189
3.104000,0.007064
3.105000,0.006940
3.106000,0.006817
3.107000,0.006696
3.108000,0.006575
3.109000,0.006456
3.110000,0.006338
3.111000,0.006221
3.112000,0.006105
3.113000,0.005991
3.114000,0.005877
3.115000,0.005765
3.116000,0.005654
3.117000,0.005544
3.118000,0.005436
3.119000,0.005328
3.120000,0.005222
3.121000,0.005117
3.122000,0.005013
3.123000,0.004910
3.124000,0.004808
3.125000,0.004708
3.126000,0.004608
3.127000,0.004510
3.128000,0.004413
3.129000,0.004317
3.130000,0.004223
3.131000,0.004129
3.132000,0.004037
3.133000,0.003946
3.134000,0.003856
3.135000,0.003768
3.136000,0.003680
3.137000,0.003594
3.138000,0.003509
3.139000,0.003426
3.140000,0.003343
3.141000,0.003262
3.142000,0.003182
3.143000,0.003104
3.144000,0.003027
3.145000,0.002951
3.146000,0.002877
3.147000,0.002804
3.148000,0.002732
3.149000,0.002662
3.150000,0.002593
3.151000,0.002526
3.152000,0.002461
3.153000,0.002397
3.154000,0.002335
3.155000,0.002274
3.156000,0.002215
3.157000,0.002158
3.158000,0.002103
3.159000,0.002050
3.160000,0.001999
3.161000,0.001950
3.162000,0.001902
3.163000,0.001857
3.164000,0.001815
3.165000,0.001774
3.166000,0.001736
3.167000,0.001700
3.168000,0.001667
3.169000,0.001636
3.170000,0.001608
3.171000,0.001582
3.172000,0.001559
3.173000,0.001539
3.174000,0.001522
3.175000,0.001507
3.176000,0.001494
3.177000,0.001485
3.178000,0.001478
3.179000,0.001473
3.180000,0.001471
3.181000,0.001472
3.182000,0.001474
3.183000,0.001479
3.184000,0.001486
3.185000,0.001496
3.186000,0.001507
3.187000,0.001520
3.188000,0.001534
3.189000,0.001550
3.190000,0.001568
3.191000,0.001587
3.192000,0.001607
3.193000,0.001628
3.194000,0.001651
3.195000,0.001674
3.196000,0.001698
3.197000,0.001723
3.198000,0.001748
3.199000,0.001775
3.200000,0.001801
3.201000,0.001828
3.202000,0.001856
3.203000,0.001884
3.204000,0.001912
3.205000,0.001940
3.206000,0.001969
3.207000,0.001997
3.208000,0.002026
3.209000,0.002055
3.210000,0.002084
3.211000,0.002113
3.212000,0.002142
3.213000,0.002171
3.214000,0.002199
3.215000,0.002228
3.216000,0.002257
3.217000,0.002285
3.218000,0.002313
3.219000,0.002341
3.220000,0.002369
3.221000,0.002397
3.222000,0.002424
3.223000,0.002451
3.224000,0.002478
3.225000,0.002505
3.226000,0.002531
3.227000,0.002557
3.228000,0.002583
3.229000,0.002609
3.230000,0.002634
3.231000,0.002659
3.232000,0.002684
3.233000,0.002708
3.234000,0.002732
3.235000,0.002756
3.236000,0.002779
3.237000,0.002803
3.238000,0.002825
3.239000,0.002848
3.240000,0.002870
3.241000,0.002892
3.242000,0.002913
3.243000,0.002934
3.244000,0.002955
3.245000,0.002976
3.246000,0.002996
3.247000,0.003016
3.248000,0.003035
3.249000,0.003054
3.250000,0.003073
3.251000,0.003091
3.252000,0.003109
3.253000,0.003127
3.254000,0.003145
3.255000,0.003162
3.256000,0.003179
3.257000,0.003195
3.258000,0.003211
3.259000,0.003227
3.260000,0.003242
3.261000,0.003257
3.262000,0.003272
3.263000,0.003287
3.264000,0.003301
3.265000,0.003314
3.266000,0.003328
3.267000,0.003341
3.268000,0.003354
3.269000,0.003366
3.270000,0.003379
3.271000,0.003390
3.272000,0.003402
3.273000,0.003413
3.274000,0.003424
3.275000,0.003435
3.276000,0.003445
3.277000,0.003455
3.278000,0.003465
3.279000,0.003474
3.280000,0.003483
3.281000,0.003492
3.282000,0.003500
3.283000,0.003508
3.284000,0.003516
3.285000,0.003524
3.286000,0.003531
3.287000,0.003538
3.288000,0.003545
3.289000,0.003551
3.290000,0.003558
3.291000,0.003564
3.292000,0.003569
3.293000,0.003574
3.294000,0.003580
3.295000,0.003584
3.296000,0.003589
3.297000,0.003593
3.298000,0.003597
3.299000,0.003601
3.300000,0.003604
3.301000,0.003607
3.302000,0.003610
3.303000,0.003613
3.304000,0.003615
3.305000,0.003618
3.306000,0.003619
3.307000,0.003621
3.308000,0.003623
3.309000,0.003624
3.310000,0.003625
3.311000,0.003625
3.312000,0.003626
3.313000,0.003626
3.314000,0.003626
3.315000,0.003626
3.316000,0.003625
3.317000,0.003625
3.318000,0.003624
3.319000,0.003623
3.320000,0.003621
3.321000,0.003620
3.322000,0.003618
3.323000,0.003616
3.324000,0.003614
3.325000,0.003611
3.326000,0.003609
3.327000,0.003606
3.328000,0.003603
3.329000,0.003599
3.330000,0.003596
3.331000,0.003592
3.332000,0.003588
3.333000,0.003584
3.334000,0.003580
3.335000,0.003576
3.336000,0.003571
3.337000,0.003566
3.338000,0.003561
3.339000,0.003556
3.340000,0.003551
3.341000,0.003545
3.342000,0.003539
3.343000,0.003533
3.344000,0.003527
3.345000,0.003521
3.346000,0.003515
3.347000,0.003508
3.348000,0.003501
3.349000,0.003494
3.350000,0.003487
3.351000,0.003480
3.352000,0.003472
3.353000,0.003465
3.354000,0.003457
3.355000,0.003449
3.356000,0.003441
3.357000,0.003433
3.358000,0.003425
3.359000,0.003416
3.360000,0.003408
3.361000,0.003399
3.362000,0.003390
3.363000,0.003381
3.364000,0.003372
3.365000,0.003362
3.366000,0.003353
3.367000,0.003343
3.368000,0.003333
3.369000,0.003324
3.370000,0.003314
3.371000,0.003303
3.372000,0.003293
3.373000,0.003283
3.374000,0.003272
3.375000,0.003262
3.376000,0.003251
3.377000,0.003240
3.378000,0.003229
3.379000,0.003218
3.380000,0.003207
3.381000,0.003195
3.382000,0.003184
3.383000,0.003173
3.384000,0.003161
3.385000,0.003149
3.386000,0.003137
3.387000,0.003125
3.388000,0.003113
3.389000,0.003101
3.390000,0.003089
3.391000,0.003077
3.392000,0.003064
3.393000,0.003052
3.394000,0.003039
3.395000,0.003026
3.396000,0.003013
3.397000,0.003001
3.398000,0.002988
3.399000,0.002975
3.400000,0.002961
3.401000,0.002948
3.402000,0.002935
3.403000,0.002922
3.404000,0.002908
3.405000,0.002895
3.406000,0.002881
3.407000,0.002867
3.408000,0.002853
3.409000,0.002840
3.410000,0.002826
3.411000,0.002812
3.412000,0.002798
3.413000,0.002784
3.414000,0.002770
3.415000,0.002755
3.416000,0.002741
3.417000,0.002727
3.418000,0.002712
3.419000,0.002698
3.420000,0.002683
3.421000,0.002669
3.422000,0.002654
3.423000,0.002640
3.424000,0.002625
3.425000,0.002610
3.426000,0.002595
3.427000,0.002580
3.428000,0.002565
3.429000,0.002550
3.430000,0.002535
3.431000,0.002520
3.432000,0.002505
3.433000,0.002490
3.434000,0.002475
3.435000,0.002460
3.436000,0.002445
3.437000,0.002429
3.438000,0.002414
3.439000,0.002399
3.440000,0.002383
3.441000,0.002368
3.442000,0.002352
3.443000,0.002337
3.444000,0.002322
3.445000,0.002306
3.446000,0.002290
3.447000,0.002275
3.448000,0.002259
3.449000,0.002244
3.450000,0.002228
3.451000,0.002212
3.452000,0.002197
3.453000,0.002181
3.454000,0.002165
3.455000,0.002150
3.456000,0.002134
3.457000,0.002118
3.458000,0.002102
3.459000,0.002086
3.460000,0.002071
3.461000,0.002055
3.462000,0.002039
3.463000,0.002023
3.464000,0.002007
3.465000,0.001992
3.466000,0.001976
3.467000,0.001960
3.468000,0.001944
3.469000,0.001928
3.470000,0.001912
3.471000,0.001896
3.472000,0.001880
3.473000,0.001865
3.474000,0.001849
3.475000,0.001833
3.476000,0.001817
3.477000,0.001801
3.478000,0.001785
3.479000,0.001769
3.480000,0.001754
3.481000,0.001738
3.482000,0.001722
3.483000,0.001706
3.484000,0.001690
3.485000,0.001675
3.486000,0.001659
3.487000,0.001643
3.488000,0.001627
3.489000,0.001611
3.490000,0.001596
3.491000,0.001580
3.492000,0.001564
3.493000,0.001549
3.494000,0.001533
3.495000,0.001517
3.496000,0.001502
3.497000,0.001486
3.498000,0.001470
3.499000,0.001455
3.500000,0.001439
3.501000,0.001424
3.502000,0.001408
3.503000,0.001393
3.504000,0.001377
3.505000,0.001362
3.506000,0.001347
3.507000,0.001331
3.508000,0.001316
3.509000,0.001301
3.510000,0.001285
3.511000,0.001270
3.512000,0.001255
3.513000,0.001240
3.514000,0.001224
3.515000,0.001209
3.516000,0.001194
3.517000,0.001179
3.518000,0.001164
3.519000,0.001149
3.520000,0.001134
3.521000,0.001119
3.522000,0.001104
3.523000,0.001090
3.524000,0.001075
3.525000,0.001060
3.526000,0.001045
3.527000,0.001031
3.528000,0.001016
3.529000,0.001001
3.530000,0.000987
3.531000,0.000972
3.532000,0.000958
3.533000,0.000943
3.534000,0.000929
3.535000,0.000915
3.536000,0.000901
3.537000,0.000886
3.538000,0.000872
3.539000,0.000858
3.540000,0.000844
3.541000,0.000830
3.542000,0.000816
3.543000,0.000802
3.544000,0.000788
3.545000,0.000775
3.546000,0.000761
3.547000,0.000747
3.548000,0.000734
3.549000,0.000720
3.550000,0.000707
3.551000,0.000693
3.552000,0.000680
3.553000,0.000666
3.554000,0.000653
3.555000,0.000640
3.556000,0.000627
3.557000,0.000614
3.558000,0.000601
3.559000,0.000588
3.560000,0.000576
3.561000,0.000563
3.562000,0.000550
3.563000,0.000538
3.564000,0.000525
3.565000,0.000513
3.566000,0.000501
3.567000,0.000489
3.568000,0.000477
3.569000,0.000465
3.570000,0.000453
3.571000,0.000441
3.572000,0.000430
3.573000,0.000418
3.574000,0.000407
3.575000,0.000396
3.576000,0.000385
3.577000,0.000374
3.578000,0.000363
3.579000,0.000352
3.580000,0.000342
3.581000,0.000332
3.582000,0.000322
3.583000,0.000312
3.584000,0.000302
3.585000,0.000293
3.586000,0.000284
3.587000,0.000275
3.588000,0.000267
3.589000,0.000259
3.590000,0.000251
3.591000,0.000243
3.592000,0.000236
3.593000,0.000230
3.594000,0.000224
3.595000,0.000218
3.596000,0.000213
3.597000,0.000208
3.598000,0.000204
3.599000,0.000201
3.600000,0.000198
3.601000,0.000195
3.602000,0.000194
3.603000,0.000193
3.604000,0.000193
3.605000,0.000193
3.606000,0.000194
3.607000,0.000195
3.608000,0.000198
3.609000,0.000200
3.610000,0.000204
3.611000,0.000207
3.612000,0.000211
3.613000,0.000216
3.614000,0.000221
3.615000,0.000226
3.616000,0.000232
3.617000,0.000238
3.618000,0.000244
3.619000,0.000250
3.620000,0.000257
3.621000,0.000264
3.622000,0.000271
3.623000,0.000278
3.624000,0.000285
3.625000,0.000292
3.626000,0.000300
3.627000,0.000307
3.628000,0.000315
3.629000,0.000323
3.630000,0.000330
3.631000,0.000338
3.632000,0.000346
3.633000,0.000354
3.634000,0.000362
3.635000,0.000369
3.636000,0.000377
3.637000,0.000385
3.638000,0.000393
3.639000,0.000401
3.640000,0.000409
3.641000,0.000417
3.642000,0.000424
3.643000,0.000432
3.644000,0.000440
3.645000,0.000448
3.646000,0.000456
3.647000,0.000463
3.648000,0.000471
3.649000,0.000479
3.650000,0.000486
3.651000,0.000494
3.652000,0.000502
3.653000,0.000509
3.654000,0.000517
3.655000,0.000524
3.656000,0.000531
3.657000,0.000539
3.658000,0.000546
3.659000,0.000553
3.660000,0.000561
3.661000,0.000568
3.662000,0.000575
3.663000,0.000582
3.664000,0.000589
3.665000,0.000596
3.666000,0.000603
3.667000,0.000610
3.668000,0.000617
3.669000,0.000624
3.670000,0.000630
3.671000,0.000637
3.672000,0.000644
3.673000,0.000650
3.674000,0.000657
3.675000,0.000663
3.676000,0.000670
3.677000,0.000676
3.678000,0.000683
3.679000,0.000689
3.680000,0.000695
3.681000,0.000701
3.682000,0.000708
3.683000,0.000714
3.684000,0.000720
3.685000,0.000726
3.686000,0.000732
3.687000,0.000737
3.688000,0.000743
3.689000,0.000749
3.690000,0.000755
3.691000,0.000760
3.692000,0.000766
3.693000,0.000772
3.694000,0.000777
3.695000,0.000782
3.696000,0.000788
3.697000,0.000793
3.698000,0.000798
3.699000,0.000804
3.700000,0.000809
3.701000,0.000814
3.702000,0.000819
3.703000,0.000824
3.704000,0.000829
3.705000,0.000834
3.706000,0.000839
3.707000,0.000843
3.708000,0.000848
3.709000,0.000853
3.710000,0.000858
3.711000,0.000862
3.712000,0.000867
3.713000,0.000871
3.714000,0.000876
3.715000,0.000880
3.716000,0.000884
3.717000,0.000888
3.718000,0.000893
3.719000,0.000897
3.720000,0.000901
3.721000,0.000905
3.722000,0.000909
3.723000,0.000913
3.724000,0.000917
3.725000,0.000921
3.726000,0.000924
3.727000,0.000928
3.728000,0.000932
3.729000,0.000935
3.730000,0.000939
3.731000,0.000943
3.732000,0.000946
3.733000,0.000949
3.734000,0.000953
3.735000,0.000956
3.736000,0.000959
3.737000,0.000963
3.738000,0.000966
3.739000,0.000969
3.740000,0.000972
3.741000,0.000975
3.742000,0.000978
3.743000,0.000981
3.744000,0.000984
3.745000,0.000987
3.746000,0.000989
3.747000,0.000992
3.748000,0.000995
3.749000,0.000997
3.750000,0.001000
3.751000,0.001002
3.752000,0.001005
3.753000,0.001007
3.754000,0.001010
3.755000,0.001012
3.756000,0.001014
3.757000,0.001017
3.758000,0.001019
3.759000,0.001021
3.760000,0.001023
3.761000,0.001025
3.762000,0.001027
3.763000,0.001029
3.764000,0.001031
3.765000,0.001033
3.766000,0.001035
3.767000,0.001036
3.768000,0.001038
3.769000,0.001040
3.770000,0.001041
3.771000,0.001043
3.772000,0.001045
3.773000,0.001046
3.774000,0.001048
3.775000,0.001049
3.776000,0.001050
3.777000,0.001052
3.778000,0.001053
3.779000,0.001054
3.780000,0.001055
3.781000,0.001057
3.782000,0.001058
3.783000,0.001059
3.784000,0.001060
3.785000,0.001061
3.786000,0.001062
3.787000,0.001063
3.788000,0.001063
3.789000,0.001064
3.790000,0.001065
3.791000,0.001066
3.792000,0.001066
3.793000,0.001067
3.794000,0.001068
3.795000,0.001068
3.796000,0.001069
3.797000,0.001069
3.798000,0.001070
3.799000,0.001070
3.800000,0.001071
3.801000,0.001071
3.802000,0.001071
3.803000,0.001072
3.804000,0.001072
3.805000,0.001072
3.806000,0.001072
3.807000,0.001072
3.808000,0.001072
3.809000,0.001072
3.810000,0.001072
3.811000,0.001072
3.812000,0.001072
3.813000,0.001072
3.814000,0.001072
3.815000,0.001072
3.816000,0.001072
3.817000,0.001071
3.818000,0.001071
3.819000,0.001071
3.820000,0.001070
3.821000,0.001070
3.822000,0.001070
3.823000,0.001069
3.824000,0.001069
3.825000,0.001068
3.826000,0.001067
3.827000,0.001067
3.828000,0.001066
3.829000,0.001066
3.830000,0.001065
3.831000,0.001064
3.832000,0.001063
3.833000,0.001063
3.834000,0.001062
3.835000,0.001061
3.836000,0.001060
3.837000,0.001059
3.838000,0.001058
3.839000,0.001057
3.840000,0.001056
3.841000,0.001055
3.842000,0.001054
3.843000,0.001053
3.844000,0.001052
3.845000,0.001051
3.846000,0.001050
3.847000,0.001048
3.848000,0.001047
3.849000,0.001046
3.850000,0.001045
3.851000,0.001043
3.852000,0.001042
3.853000,0.001040
3.854000,0.001039
3.855000,0.001038
3.856000,0.001036
3.857000,0.001035
3.858000,0.001033
3.859000,0.001032
3.860000,0.001030
3.861000,0.001028
3.862000,0.001027
3.863000,0.001025
3.864000,0.001023
3.865000,0.001022
3.866000,0.001020
3.867000,0.001018
3.868000,0.001016
3.869000,0.001015
3.870000,0.001013
3.871000,0.001011
3.872000,0.001009
3.873000,0.001007
3.874000,0.001005
3.875000,0.001003
3.876000,0.001001
3.877000,0.000999
3.878000,0.000997
3.879000,0.000995
3.880000,0.000993
3.881000,0.000991
3.882000,0.000989
3.883000,0.000987
3.884000,0.000985
3.885000,0.000983
3.886000,0.000981
3.887000,0.000978
3.888000,0.000976
3.889000,0.000974
3.890000,0.000972
3.891000,0.000969
3.892000,0.000967
3.893000,0.000965
3.894000,0.000962
3.895000,0.000960
3.896000,0.000958
3.897000,0.000955
3.898000,0.000953
3.899000,0.000950
3.900000,0.000948
3.901000,0.000945
3.902000,0.000943
3.903000,0.000940
3.904000,0.000938
3.905000,0.000935
3.906000,0.000933
3.907000,0.000930
3.908000,0.000928
3.909000,0.000925
3.910000,0.000922
3.911000,0.000920
3.912000,0.000917
3.913000,0.000914
3.914000,0.000912
3.915000,0.000909
3.916000,0.000906
3.917000,0.000903
3.918000,0.000901
3.919000,0.000898
3.920000,0.000895
3.921000,0.000892
3.922000,0.000890
3.923000,0.000887
3.924000,0.000884
3.925000,0.000881
3.926000,0.000878
3.927000,0.000875
3.928000,0.000872
3.929000,0.000869
3.930000,0.000867
3.931000,0.000864
3.932000,0.000861
3.933000,0.000858
3.934000,0.000855
3.935000,0.000852
3.936000,0.000849
3.937000,0.000846
3.938000,0.000843
3.939000,0.000840
3.940000,0.000837
3.941000,0.000834
3.942000,0.000831
3.943000,0.000828
3.944000,0.000824
3.945000,0.000821
3.946000,0.000818
3.947000,0.000815
3.948000,0.000812
3.949000,0.000809
3.950000,0.000806
3.951000,0.000803
3.952000,0.000800
3.953000,0.000796
3.954000,0.000793
3.955000,0.000790
3.956000,0.000787
3.957000,0.000784
3.958000,0.000780
3.959000,0.000777
3.960000,0.000774
3.961000,0.000771
3.962000,0.000767
3.963000,0.000764
3.964000,0.000761
3.965000,0.000758
3.966000,0.000754
3.967000,0.000751
3.968000,0.000748
3.969000,0.000745
3.970000,0.000741
3.971000,0.000738
3.972000,0.000735
3.973000,0.000731
3.974000,0.000728
3.975000,0.000725
3.976000,0.000721
3.977000,0.000718
3.978000,0.000715
3.979000,0.000711
3.980000,0.000708
3.981000,0.000705
3.982000,0.000701
3.983000,0.000698
3.984000,0.000695
3.985000,0.000691
3.986000,0.000688
3.987000,0.000685
3.988000,0.000681
3.989000,0.000678
3.990000,0.000674
3.991000,0.000671
3.992000,0.000668
3.993000,0.000664
3.994000,0.000661
3.995000,0.000657
3.996000,0.000654
3.997000,0.000651
3.998000,0.000647
3.999000,0.000644
4.000000,0.000640
4.001000,0.000637
4.002000,0.000634
4.003000,0.000630
4.004000,0.000627
4.005000,0.000623
4.006000,0.000620
4.007000,0.000616
4.008000,0.000613
4.009000,0.000610
4.010000,0.000606
4.011000,0.000603
4.012000,0.000599
4.013000,0.000596
4.014000,0.000592
4.015000,0.000589
4.016000,0.000586
4.017000,0.000582
4.018000,0.000579
4.019000,0.000575
4.020000,0.000572
4.021000,0.000568
4.022000,0.000565
4.023000,0.000562
4.024000,0.000558
4.025000,0.000555
4.026000,0.000551
4.027000,0.000548
4.028000,0.000544
4.029000,0.000541
4.030000,0.000538
4.031000,0.000534
4.032000,0.000531
4.033000,0.000527
4.034000,0.000524
4.035000,0.000521
4.036000,0.000517
4.037000,0.000514
4.038000,0.000510
4.039000,0.000507
4.040000,0.000503
4.041000,0.000500
4.042000,0.000497
4.043000,0.000493
4.044000,0.000490
4.045000,0.000486
4.046000,0.000483
4.047000,0.000480
4.048000,0.000476
4.049000,0.000473
4.050000,0.000470
4.051000,0.000466
4.052000,0.000463
4.053000,0.000459
4.054000,0.000456
4.055000,0.000453
4.056000,0.000449
4.057000,0.000446
4.058000,0.000443
4.059000,0.000439
4.060000,0.000436
4.061000,0.000433
4.062000,0.000429
4.063000,0.000426
4.064000,0.000423
4.065000,0.000419
4.066000,0.000416
4.067000,0.000413
4.068000,0.000409
4.069000,0.000406
4.070000,0.000403
4.071000,0.000400
4.072000,0.000396
4.073000,0.000393
4.074000,0.000390
4.075000,0.000387
4.076000,0.000383
4.077000,0.000380
4.078000,0.000377
4.079000,0.000374
4.080000,0.000370
4.081000,0.000367
4.082000,0.000364
4.083000,0.000361
4.084000,0.000357
4.085000,0.000354
4.086000,0.000351
4.087000,0.000348
4.088000,0.000345
4.089000,0.000341
4.090000,0.000338
4.091000,0.000335
4.092000,0.000332
4.093000,0.000329
4.094000,0.000326
4.095000,0.000322
4.096000,0.000319
4.097000,0.000316
4.098000,0.000313
4.099000,0.000310
4.100000,0.000307
4.101000,0.000304
4.102000,0.000301
4.103000,0.000298
4.104000,0.000294
4.105000,0.000291
4.106000,0.000288
4.107000,0.000285
4.108000,0.000282
4.109000,0.000279
4.110000,0.000276
4.111000,0.000273
4.112000,0.000270
4.113000,0.000267
4.114000,0.000264
4.115000,0.000261
4.116000,0.000258
4.117000,0.000255
4.118000,0.000252
4.119000,0.000249
4.120000,0.000246
4.121000,0.000243
4.122000,0.000240
4.123000,0.000237
4.124000,0.000234
4.125000,0.000231
4.126000,0.000229
4.127000,0.000226
4.128000,0.000223
4.129000,0.000220
4.130000,0.000217
4.131000,0.000214
4.132000,0.000211
4.133000,0.000208
4.134000,0.000206
4.135000,0.000203
4.136000,0.000200
4.137000,0.000197
4.138000,0.000194
4.139000,0.000191
4.140000,0.000189
4.141000,0.000186
4.142000,0.000183
4.143000,0.000180
4.144000,0.000178
4.145000,0.000175
4.146000,0.000172
4.147000,0.000169
4.148000,0.000167
4.149000,0.000164
4.150000,0.000161
4.151000,0.000158
4.152000,0.000156
4.153000,0.000153
4.154000,0.000150
4.155000,0.000148
4.156000,0.000145
4.157000,0.000142
4.158000,0.000140
4.159000,0.000137
4.160000,0.000135
4.161000,0.000132
4.162000,0.000129
4.163000,0.000127
4.164000,0.000124
4.165000,0.000122
4.166000,0.000119
4.167000,0.000117
4.168000,0.000114
4.169000,0.000112
4.170000,0.000109
4.171000,0.000107
4.172000,0.000104
4.173000,0.000102
4.174000,0.000099
4.175000,0.000097
4.176000,0.000094
4.177000,0.000092
4.178000,0.000089
4.179000,0.000087
4.180000,0.000084
4.181000,0.000082
4.182000,0.000080
4.183000,0.000077
4.184000,0.000075
4.185000,0.000072
4.186000,0.000070
4.187000,0.000068
4.188000,0.000065
4.189000,0.000063
4.190000,0.000061
4.191000,0.000058
4.192000,0.000056
4.193000,0.000054
4.194000,0.000052
4.195000,0.000049
4.196000,0.000047
4.197000,0.000045
4.198000,0.000042
4.199000,0.000040
4.200000,0.000038
4.201000,0.000036
4.202000,0.000034
4.203000,0.000031
4.204000,0.000029
4.205000,0.000027
4.206000,0.000025
4.207000,0.000023
4.208000,0.000021
4.209000,0.000018
4.210000,0.000016
4.211000,0.000014
4.212000,0.000012
4.213000,0.000010
4.214000,0.000008
4.215000,0.000006
4.216000,0.000004
4.217000,0.000002
4.218000,0.000001
4.219000,0.000003
4.220000,0.000004
4.221000,0.000006
4.222000,0.000008
4.223000,0.000010
4.224000,0.000012
4.225000,0.000014
4.226000,0.000016
4.227000,0.000018
4.228000,0.000020
4.229000,0.000022
4.230000,0.000024
4.231000,0.000026
4.232000,0.000028
4.233000,0.000030
4.234000,0.000032
4.235000,0.000034
4.236000,0.000035
4.237000,0.000037
4.238000,0.000039
4.239000,0.000041
4.240000,0.000043
4.241000,0.000045
4.242000,0.000046
4.243000,0.000048
4.244000,0.000050
4.245000,0.000052
4.246000,0.000054
4.247000,0.000055
4.248000,0.000057
4.249000,0.000059
4.250000,0.000060
4.251000,0.000062
4.252000,0.000064
4.253000,0.000066
4.254000,0.000067
4.255000,0.000069
4.256000,0.000071
4.257000,0.000072
4.258000,0.000074
4.259000,0.000076
4.260000,0.000077
4.261000,0.000079
4.262000,0.000080
4.263000,0.000082
4.264000,0.000084
4.265000,0.000085
4.266000,0.000087
4.267000,0.000088
4.268000,0.000090
4.269000,0.000091
4.270000,0.000093
4.271000,0.000094
4.272000,0.000096
4.273000,0.000097
4.274000,0.000099
4.275000,0.000100
4.276000,0.000102
4.277000,0.000103