time,arm_x_y_error
0.872000,0.000067
0.873000,0.000067
0.874000,0.000067
0.875000,0.000067
0.876000,0.000067
0.877000,0.000067
0.878000,0.000068
0.879000,0.000068
0.880000,0.000068
0.881000,0.000068
0.882000,0.000068
0.883000,0.000068
0.884000,0.000068
0.885000,0.000069
0.886000,0.000069
0.887000,0.000069
0.888000,0.000069
0.889000,0.000069
0.890000,0.000069
0.891000,0.000069
0.892000,0.000070
0.893000,0.000070
0.894000,0.000070
0.895000,0.000070
0.896000,0.000070
0.897000,0.000070
0.898000,0.000070
0.899000,0.000071
0.900000,0.000071
0.901000,0.000071
0.902000,0.000071
0.903000,0.000071
0.904000,0.000071
0.905000,0.000071
0.906000,0.000071
0.907000,0.000072
0.908000,0.000072
0.909000,0.000072
0.910000,0.000072
0.911000,0.000072
0.912000,0.000072
0.913000,0.000072
0.914000,0.000072
0.915000,0.000073
0.916000,0.000073
0.917000,0.000073
0.918000,0.000073
0.919000,0.000073
0.920000,0.000073
0.921000,0.000073
0.922000,0.000073
0.923000,0.000074
0.924000,0.000074
0.925000,0.000074
0.926000,0.000074
0.927000,0.000074
0.928000,0.000074
0.929000,0.000074
0.930000,0.000074
0.931000,0.000074
0.932000,0.000075
0.933000,0.000075
0.934000,0.000075
0.935000,0.000075
0.936000,0.000075
0.937000,0.000075
0.938000,0.000075
0.939000,0.000075
0.940000,0.000075
0.941000,0.000075
0.942000,0.000076
0.943000,0.000076
0.944000,0.000076
0.945000,0.000076
0.946000,0.000076
0.947000,0.000076
0.948000,0.000076
0.949000,0.000076
0.950000,0.000076
0.951000,0.000076
0.952000,0.000077
0.953000,0.000077
0.954000,0.000077
0.955000,0.000077
0.956000,0.000077
0.957000,0.000077
0.958000,0.000077
0.959000,0.000077
0.960000,0.000077
0.961000,0.000077
0.962000,0.000078
0.963000,0.000078
0.964000,0.000078
0.965000,0.000078
0.966000,0.000078
0.967000,0.000078
0.968000,0.000078
0.969000,0.000078
0.970000,0.000078
0.971000,0.000078
0.972000,0.000078
0.973000,0.000079
0.974000,0.000079
0.975000,0.000079
0.976000,0.000079
0.977000,0.000079
0.978000,0.000079
0.979000,0.000079
0.980000,0.000079
0.981000,0.000079
0.982000,0.000079
0.983000,0.000079
0.984000,0.000079
0.985000,0.000080
0.986000,0.000080
0.987000,0.000080
0.988000,0.000080
0.989000,0.000080
0.990000,0.000080
0.991000,0.000080
0.992000,0.000080
0.993000,0.000080
0.994000,0.000080
0.995000,0.000080
0.996000,0.000080
0.997000,0.000080
0.998000,0.000081
0.999000,0.000081
1.000000,0.000081
1.001000,0.000081
1.002000,0.000081
1.003000,0.000081
1.004000,0.000081
1.005000,0.000081
1.006000,0.000081
1.007000,0.000081
1.008000,0.000081
1.009000,0.000081
1.010000,0.000081
1.011000,0.000081
1.012000,0.000082
1.013000,0.000082
1.014000,0.000082
1.015000,0.000082
1.016000,0.000082
1.017000,0.000082
1.018000,0.000082
1.019000,0.000082
1.020000,0.000082
1.021000,0.000082
1.022000,0.000082
1.023000,0.000082
1.024000,0.000082
1.025000,0.000082
1.026000,0.000083
1.027000,0.000083
1.028000,0.000083
1.029000,0.000083
1.030000,0.000083
1.031000,0.000083
1.032000,0.000083
1.033000,0.000083
1.034000,0.000083
1.035000,0.000083
1.036000,0.000083
1.037000,0.000083
1.038000,0.000083
1.039000,0.000083
1.040000,0.000083
1.041000,0.000083
1.042000,0.000083
1.043000,0.000084
1.044000,0.000084
1.045000,0.000084
1.046000,0.000084
1.047000,0.000084
1.048000,0.000084
1.049000,0.000084
1.050000,0.000084
1.051000,0.000084
1.052000,0.000084
1.053000,0.000084
1.054000,0.000084
1.055000,0.000084
1.056000,0.000084
1.057000,0.000084
1.058000,0.000084
1.059000,0.000084
1.060000,0.000084
1.061000,0.000085
1.062000,0.000085
1.063000,0.000085
1.064000,0.000085
1.065000,0.000085
1.066000,0.000085
1.067000,0.000085
1.068000,0.000085
1.069000,0.000085
1.070000,0.000085
1.071000,0.000085
1.072000,0.000085
1.073000,0.000085
1.074000,0.000085
1.075000,0.000085
1.076000,0.000085
1.077000,0.000085
1.078000,0.000085
1.079000,0.000085
1.080000,0.000085
1.081000,0.000086
1.082000,0.000086
1.083000,0.000086
1.084000,0.000086
1.085000,0.000086
1.086000,0.000086
1.087000,0.000086
1.088000,0.000086
1.089000,0.000086
1.090000,0.000086
1.091000,0.000086
1.092000,0.000086
1.093000,0.000086
1.094000,0.000086
1.095000,0.000086
1.096000,0.000086
1.097000,0.000086
1.098000,0.000086
1.099000,0.000086
1.100000,0.000086
1.101000,0.000086
1.102000,0.000086
1.103000,0.000086
1.104000,0.000087
1.105000,0.000087
1.106000,0.000087
1.107000,0.000087
1.108000,0.000087
1.109000,0.000087
1.110000,0.000087
1.111000,0.000087
1.112000,0.000087
1.113000,0.000087
1.114000,0.000087
1.115000,0.000087
1.116000,0.000087
1.117000,0.000087
1.118000,0.000087
1.119000,0.000087
1.120000,0.000087
1.121000,0.000087
1.122000,0.000087
1.123000,0.000087
1.124000,0.000087
1.125000,0.000087
1.126000,0.000087
1.127000,0.000087
1.128000,0.000087
1.129000,0.000087
1.130000,0.000087
1.131000,0.000088
1.132000,0.000088
1.133000,0.000088
1.134000,0.000088
1.135000,0.000088
1.136000,0.000088
1.137000,0.000088
1.138000,0.000088
1.139000,0.000088
1.140000,0.000088
1.141000,0.000088
1.142000,0.000088
1.143000,0.000088
1.144000,0.000088
1.145000,0.000088
1.146000,0.000088
1.147000,0.000088
1.148000,0.000088
1.149000,0.000088
1.150000,0.000088
1.151000,0.000088
1.152000,0.000088
1.153000,0.000088
1.154000,0.000088
1.155000,0.000088
1.156000,0.000088
1.157000,0.000088
1.158000,0.000088
1.159000,0.000088
1.160000,0.000088
1.161000,0.000088
1.162000,0.000089
1.163000,0.000089
1.164000,0.000089
1.165000,0.000089
1.166000,0.000089
1.167000,0.000089
1.168000,0.000089
1.169000,0.000089
1.170000,0.000089
1.171000,0.000089
1.172000,0.000089
1.173000,0.000089
1.174000,0.000089
1.175000,0.000089
1.176000,0.000089
1.177000,0.000089
1.178000,0.000089
1.179000,0.000089
1.180000,0.000089
1.181000,0.000089
1.182000,0.000089
1.183000,0.000089
1.184000,0.000089
1.185000,0.000089
1.186000,0.000089
1.187000,0.000089
1.188000,0.000089
1.189000,0.000089
1.190000,0.000089
1.191000,0.000089
1.192000,0.000089
1.193000,0.000089
1.194000,0.000089
1.195000,0.000089
1.196000,0.000089
1.197000,0.000089
1.198000,0.000089
1.199000,0.000089
1.200000,0.000090
1.201000,0.000090
1.202000,0.000090
1.203000,0.000090
1.204000,0.000090
1.205000,0.000090
1.206000,0.000090
1.207000,0.000090
1.208000,0.000090
1.209000,0.000090
1.210000,0.000090
1.211000,0.000090
1.212000,0.000090
1.213000,0.000090
1.214000,0.000090
1.215000,0.000090
1.216000,0.000090
1.217000,0.000090
1.218000,0.000090
1.219000,0.000090
1.220000,0.000090
1.221000,0.000090
1.222000,0.000090
1.223000,0.000090
1.224000,0.000090
1.225000,0.000090
1.226000,0.000090
1.227000,0.000090
1.228000,0.000090
1.229000,0.000090
1.230000,0.000090
1.231000,0.000090
1.232000,0.000090
1.233000,0.000090
1.234000,0.000090
1.235000,0.000090
1.236000,0.000090
1.237000,0.000090
1.238000,0.000090
1.239000,0.000090
1.240000,0.000090
1.241000,0.000090
1.242000,0.000090
1.243000,0.000090
1.244000,0.000090
1.245000,0.000090
1.246000,0.000090
1.247000,0.000090
1.248000,0.000091
1.249000,0.000091
1.250000,0.000091
1.251000,0.000091
1.252000,0.000091
1.253000,0.000091
1.254000,0.000091
1.255000,0.000091
1.256000,0.000091
1.257000,0.000091
1.258000,0.000091
1.259000,0.000091
1.260000,0.000091
1.261000,0.000091
1.262000,0.000091
1.263000,0.000091
1.264000,0.000091
1.265000,0.000091
1.266000,0.000091
1.267000,0.000091
1.268000,0.000091
1.269000,0.000091
1.270000,0.000091
1.271000,0.000091
1.272000,0.000091
1.273000,0.000091
1.274000,0.950426
1.275000,0.950242
1.276000,0.949787
1.277000,0.949198
1.278000,0.948532
1.279000,0.947813
1.280000,0.947051
1.281000,0.946253
1.282000,0.945421
1.283000,0.944557
1.284000,0.943662
1.285000,0.942738
1.286000,0.941786
1.287000,0.940806
1.288000,0.939801
1.289000,0.938772
1.290000,0.937718
1.291000,0.936641
1.292000,0.935542
1.293000,0.934422
1.294000,0.933281
1.295000,0.932121
1.296000,0.930940
1.297000,0.929741
1.298000,0.928523
1.299000,0.927287
1.300000,0.926033
1.301000,0.924762
1.302000,0.923473
1.303000,0.922168
1.304000,0.920847
1.305000,0.919509
1.306000,0.918154
1.307000,0.916784
1.308000,0.915399
1.309000,0.913997
1.310000,0.912580
1.311000,0.911148
1.312000,0.909701
1.313000,0.908239
1.314000,0.906762
1.315000,0.905271
1.316000,0.903765
1.317000,0.902244
1.318000,0.900710
1.319000,0.899161
1.320000,0.897598
1.321000,0.896022
1.322000,0.894432
1.323000,0.892828
1.324000,0.891211
1.325000,0.889581
1.326000,0.887937
1.327000,0.886281
1.328000,0.884612
1.329000,0.882931
1.330000,0.881237
1.331000,0.879530
1.332000,0.877812
1.333000,0.876081
1.334000,0.874339
1.335000,0.872585
1.336000,0.870820
1.337000,0.869043
1.338000,0.867256
1.339000,0.865457
1.340000,0.863647
1.341000,0.861827
1.342000,0.859996
1.343000,0.858155
1.344000,0.856304
1.345000,0.854443
1.346000,0.852572
1.347000,0.850691
1.348000,0.848801
1.349000,0.846901
1.350000,0.844992
1.351000,0.843074
1.352000,0.841148
1.353000,0.839212
1.354000,0.837268
1.355000,0.835316
1.356000,0.833355
1.357000,0.831386
1.358000,0.829409
1.359000,0.827424
1.360000,0.825432
1.361000,0.823432
1.362000,0.821424
1.363000,0.819410
1.364000,0.817388
1.365000,0.815359
1.366000,0.813324
1.367000,0.811281
1.368000,0.809232
1.369000,0.807177
1.370000,0.805115
1.371000,0.803047
1.372000,0.800973
1.373000,0.798893
1.374000,0.796807
1.375000,0.794715
1.376000,0.792618
1.377000,0.790515
1.378000,0.788406
1.379000,0.786293
1.380000,0.784174
1.381000,0.782051
1.382000,0.779922
1.383000,0.777788
1.384000,0.775650
1.385000,0.773507
1.386000,0.771360
1.387000,0.769208
1.388000,0.767051
1.389000,0.764891
1.390000,0.762726
1.391000,0.760557
1.392000,0.758385
1.393000,0.756208
1.394000,0.754028
1.395000,0.751844
1.396000,0.749656
1.397000,0.747465
1.398000,0.745271
1.399000,0.743073
1.400000,0.740872
1.401000,0.738668
1.402000,0.736460
1.403000,0.734250
1.404000,0.732037
1.405000,0.729821
1.406000,0.727602
1.407000,0.725380
1.408000,0.723156
1.409000,0.720929
1.410000,0.718700
1.411000,0.716469
1.412000,0.714235
1.413000,0.711999
1.414000,0.709761
1.415000,0.707520
1.416000,0.705278
1.417000,0.703034
1.418000,0.700788
1.419000,0.698540
1.420000,0.696290
1.421000,0.694038
1.422000,0.691786
1.423000,0.689531
1.424000,0.687275
1.425000,0.685018
1.426000,0.682759
1.427000,0.680499
1.428000,0.678238
1.429000,0.675975
1.430000,0.673712
1.431000,0.671448
1.432000,0.669182
1.433000,0.666916
1.434000,0.664649
1.435000,0.662381
1.436000,0.660112
1.437000,0.657843
1.438000,0.655573
1.439000,0.653302
1.440000,0.651032
1.441000,0.648760
1.442000,0.646489
1.443000,0.644217
1.444000,0.641944
1.445000,0.639672
1.446000,0.637399
1.447000,0.635127
1.448000,0.632854
1.449000,0.630582
1.450000,0.628309
1.451000,0.626037
1.452000,0.623765
1.453000,0.621493
1.454000,0.619221
1.455000,0.616950
1.456000,0.614679
1.457000,0.612409
1.458000,0.610139
1.459000,0.607870
1.460000,0.605601
1.461000,0.603333
1.462000,0.601066
1.463000,0.598799
1.464000,0.596534
1.465000,0.594269
1.466000,0.592006
1.467000,0.589743
1.468000,0.587481
1.469000,0.585220
1.470000,0.582961
1.471000,0.580703
1.472000,0.578446
1.473000,0.576190
1.474000,0.573936
1.475000,0.571682
1.476000,0.569431
1.477000,0.567181
1.478000,0.564932
1.479000,0.562685
1.480000,0.560440
1.481000,0.558196
1.482000,0.555954
1.483000,0.553714
1.484000,0.551476
1.485000,0.549239
1.486000,0.547004
1.487000,0.544772
1.488000,0.542541
1.489000,0.540313
1.490000,0.538086
1.491000,0.535862
1.492000,0.533639
1.493000,0.531419
1.494000,0.529202
1.495000,0.526986
1.496000,0.524773
1.497000,0.522563
1.498000,0.520354
1.499000,0.518149
1.500000,0.515945
1.501000,0.513745
1.502000,0.511547
1.503000,0.509351
1.504000,0.507159
1.505000,0.504969
1.506000,0.502782
1.507000,0.500597
1.508000,0.498416
1.509000,0.496237
1.510000,0.494062
1.511000,0.491889
1.512000,0.489719
1.513000,0.487553
1.514000,0.485390
1.515000,0.483229
1.516000,0.481072
1.517000,0.478918
1.518000,0.476768
1.519000,0.474620
1.520000,0.472476
1.521000,0.470336
1.522000,0.468198
1.523000,0.466065
1.524000,0.463934
1.525000,0.461808
1.526000,0.459685
1.527000,0.457565
1.528000,0.455449
1.529000,0.453337
1.530000,0.451228
1.531000,0.449123
1.532000,0.447022
1.533000,0.444925
1.534000,0.442831
1.535000,0.440742
1.536000,0.438656
1.537000,0.436575
1.538000,0.434497
1.539000,0.432423
1.540000,0.430354
1.541000,0.428288
1.542000,0.426226
1.543000,0.424169
1.544000,0.422116
1.545000,0.420067
1.546000,0.418022
1.547000,0.415982
1.548000,0.413946
1.549000,0.411914
1.550000,0.409887
1.551000,0.407863
1.552000,0.405845
1.553000,0.403831
1.554000,0.401821
1.555000,0.399816
1.556000,0.397815
1.557000,0.395819
1.558000,0.393827
1.559000,0.391841
1.560000,0.389858
1.561000,0.387881
1.562000,0.385908
1.563000,0.383940
1.564000,0.381976
1.565000,0.380018
1.566000,0.378064
1.567000,0.376115
1.568000,0.374171
1.569000,0.372232
1.570000,0.370298
1.571000,0.368368
1.572000,0.366444
1.573000,0.364524
1.574000,0.362610
1.575000,0.360701
1.576000,0.358796
1.577000,0.356897
1.578000,0.355003
1.579000,0.353114
1.580000,0.351230
1.581000,0.349351
1.582000,0.347478
1.583000,0.345609
1.584000,0.343746
1.585000,0.341889
1.586000,0.340036
1.587000,0.338189
1.588000,0.336347
1.589000,0.334510
1.590000,0.332679
1.591000,0.330853
1.592000,0.329032
1.593000,0.327217
1.594000,0.325408
1.595000,0.323603
1.596000,0.321805
1.597000,0.320011
1.598000,0.318224
1.599000,0.316441
1.600000,0.314665
1.601000,0.312893
1.602000,0.311128
1.603000,0.309368
1.604000,0.307613
1.605000,0.305864
1.606000,0.304121
1.607000,0.302383
1.608000,0.300651
1.609000,0.298925
1.610000,0.297204
1.611000,0.295490
1.612000,0.293780
1.613000,0.292077
1.614000,0.290379
1.615000,0.288687
1.616000,0.287001
1.617000,0.285320
1.618000,0.283646
1.619000,0.281977
1.620000,0.280314
1.621000,0.278656
1.622000,0.277005
1.623000,0.275359
1.624000,0.273719
1.625000,0.272086
1.626000,0.270458
1.627000,0.268835
1.628000,0.267219
1.629000,0.265609
1.630000,0.264004
1.631000,0.262406
1.632000,0.260813
1.633000,0.259226
1.634000,0.257645
1.635000,0.256070
1.636000,0.254502
1.637000,0.252939
1.638000,0.251382
1.639000,0.249831
1.640000,0.248285
1.641000,0.246746
1.642000,0.245213
1.643000,0.243686
1.644000,0.242165
1.645000,0.240650
1.646000,0.239141
1.647000,0.237638
1.648000,0.236141
1.649000,0.234650
1.650000,0.233165
1.651000,0.231685
1.652000,0.230213
1.653000,0.228746
1.654000,0.227285
1.655000,0.225830
1.656000,0.224381
1.657000,0.222938
1.658000,0.221501
1.659000,0.220070
1.660000,0.218646
1.661000,0.217227
1.662000,0.215815
1.663000,0.214408
1.664000,0.213007
1.665000,0.211613
1.666000,0.210225
1.667000,0.208842
1.668000,0.207466
1.669000,0.206096
1.670000,0.204731
1.671000,0.203373
1.672000,0.202021
1.673000,0.200675
1.674000,0.199335
1.675000,0.198001
1.676000,0.196673
1.677000,0.195351
1.678000,0.194035
1.679000,0.192725
1.680000,0.191421
1.681000,0.190123
1.682000,0.188831
1.683000,0.187545
1.684000,0.186265
1.685000,0.184991
1.686000,0.183723
1.687000,0.182462
1.688000,0.181206
1.689000,0.179956
1.690000,0.178712
1.691000,0.177474
1.692000,0.176242
1.693000,0.175016
1.694000,0.173796
1.695000,0.172582
1.696000,0.171373
1.697000,0.170171
1.698000,0.168975
1.699000,0.167784
1.700000,0.166600
1.701000,0.165421
1.702000,0.164249
1.703000,0.163082
1.704000,0.161921
1.705000,0.160766
1.706000,0.159617
1.707000,0.158474
1.708000,0.157336
1.709000,0.156205
1.710000,0.155079
1.711000,0.153959
1.712000,0.152845
1.713000,0.151737
1.714000,0.150634
1.715000,0.149538
1.716000,0.148447
1.717000,0.147361
1.718000,0.146282
1.719000,0.145208
1.720000,0.144141
1.721000,0.143078
1.722000,0.142022
1.723000,0.140971
1.724000,0.139926
1.725000,0.138887
1.726000,0.137853
1.727000,0.136825
1.728000,0.135803
1.729000,0.134786
1.730000,0.133775
1.731000,0.132770
1.732000,0.131770
1.733000,0.130776
1.734000,0.129787
1.735000,0.128804
1.736000,0.127826
1.737000,0.126855
1.738000,0.125888
1.739000,0.124927
1.740000,0.123972
1.741000,0.123022
1.742000,0.122077
1.743000,0.121138
1.744000,0.120205
1.745000,0.119277
1.746000,0.118354
1.747000,0.117437
1.748000,0.116525
1.749000,0.115619
1.750000,0.114717
1.751000,0.113822
1.752000,0.112931
1.753000,0.112046
1.754000,0.111167
1.755000,0.110292
1.756000,0.109423
1.757000,0.108559
1.758000,0.107700
1.759000,0.106847
1.760000,0.105999
1.761000,0.105156
1.762000,0.104318
1.763000,0.103486
1.764000,0.102658
1.765000,0.101836
1.766000,0.101019
1.767000,0.100207
1.768000,0.099400
1.769000,0.098598
1.770000,0.097801
1.771000,0.097010
1.772000,0.096223
1.773000,0.095441
1.774000,0.094665
1.775000,0.093893
1.776000,0.093126
1.777000,0.092365
1.778000,0.091608
1.779000,0.090856
1.780000,0.090109
1.781000,0.089367
1.782000,0.088630
1.783000,0.087898
1.784000,0.087170
1.785000,0.086447
1.786000,0.085730
1.787000,0.085016
1.788000,0.084308
1.789000,0.083605
1.790000,0.082906
1.791000,0.082212
1.792000,0.081522
1.793000,0.080838
1.794000,0.080158
1.795000,0.079482
1.796000,0.078812
1.797000,0.078146
1.798000,0.077484
1.799000,0.076827
1.800000,0.076175
1.801000,0.075527
1.802000,0.074884
1.803000,0.074245
1.804000,0.073611
1.805000,0.072981
1.806000,0.072356
1.807000,0.071735
1.808000,0.071118
1.809000,0.070506
1.810000,0.069898
1.811000,0.069295
1.812000,0.068696
1.813000,0.068101
1.814000,0.067511
1.815000,0.066925
1.816000,0.066343
1.817000,0.065766
1.818000,0.065193
1.819000,0.064624
1.820000,0.064059
1.821000,0.063498
1.822000,0.062942
1.823000,0.062389
1.824000,0.061841
1.825000,0.061297
1.826000,0.060757
1.827000,0.060221
1.828000,0.059690
1.829000,0.059162
1.830000,0.058638
1.831000,0.058118
1.832000,0.057602
1.833000,0.057091
1.834000,0.056583
1.835000,0.056079
1.836000,0.055579
1.837000,0.055083
1.838000,0.054591
1.839000,0.054102
1.840000,0.053618
1.841000,0.053137
1.842000,0.052660
1.843000,0.052187
1.844000,0.051718
1.845000,0.051252
1.846000,0.050790
1.847000,0.050332
1.848000,0.049877
1.849000,0.049427
1.850000,0.048979
1.851000,0.048536
1.852000,0.048096
1.853000,0.047660
1.854000,0.047227
1.855000,0.046798
1.856000,0.046372
1.857000,0.045950
1.858000,0.045532
1.859000,0.045117
1.860000,0.044705
1.861000,0.044297
1.862000,0.043892
1.863000,0.043491
1.864000,0.043093
1.865000,0.042699
1.866000,0.042307
1.867000,0.041920
1.868000,0.041535
1.869000,0.041154
1.870000,0.040776
1.871000,0.040402
1.872000,0.040030
1.873000,0.039662
1.874000,0.039297
1.875000,0.038936
1.876000,0.038577
1.877000,0.038222
1.878000,0.037870
1.879000,0.037521
1.880000,0.037175
1.881000,0.036832
1.882000,0.036492
1.883000,0.036155
1.884000,0.035821
1.885000,0.035491
1.886000,0.035163
1.887000,0.034838
1.888000,0.034517
1.889000,0.034198
1.890000,0.033882
1.891000,0.033569
1.892000,0.033259
1.893000,0.032952
1.894000,0.032648
1.895000,0.032346
1.896000,0.032048
1.897000,0.031752
1.898000,0.031459
1.899000,0.031169
1.900000,0.030881
1.901000,0.030596
1.902000,0.030314
1.903000,0.030035
1.904000,0.029758
1.905000,0.029484
1.906000,0.029213
1.907000,0.028944
1.908000,0.028678
1.909000,0.028415
1.910000,0.028154
1.911000,0.027895
1.912000,0.027640
1.913000,0.027386
1.914000,0.027136
1.915000,0.026887
1.916000,0.026642
1.917000,0.026398
1.918000,0.026157
1.919000,0.025919
1.920000,0.025683
1.921000,0.025449
1.922000,0.025218
1.923000,0.024989
1.924000,0.024762
1.925000,0.024538
1.926000,0.024316
1.927000,0.024096
1.928000,0.023879
1.929000,0.023664
1.930000,0.023451
1.931000,0.023240
1.932000,0.023031
1.933000,0.022825
1.934000,0.022621
1.935000,0.022419
1.936000,0.022219
1.937000,0.022021
1.938000,0.021826
1.939000,0.021632
1.940000,0.021440
1.941000,0.021251
1.942000,0.021064
1.943000,0.020878
1.944000,0.020695
1.945000,0.020513
1.946000,0.020334
1.947000,0.020156
1.948000,0.019981
1.949000,0.019807
1.950000,0.019635
1.951000,0.019466
1.952000,0.019298
1.953000,0.019131
1.954000,0.018967
1.955000,0.018805
1.956000,0.018644
1.957000,0.018485
1.958000,0.018328
1.959000,0.018173
1.960000,0.018019
1.961000,0.017867
1.962000,0.017717
1.963000,0.017568
1.964000,0.017422
1.965000,0.017276
1.966000,0.017133
1.967000,0.016991
1.968000,0.016851
1.969000,0.016712
1.970000,0.016575
1.971000,0.016439
1.972000,0.016305
1.973000,0.016173
1.974000,0.016042
1.975000,0.015912
1.976000,0.015784
1.977000,0.015658
1.978000,0.015533
1.979000,0.015409
1.980000,0.015287
1.981000,0.015166
1.982000,0.015047
1.983000,0.014929
1.984000,0.014812
1.985000,0.014697
1.986000,0.014583
1.987000,0.014470
1.988000,0.014359
1.989000,0.014249
1.990000,0.014140
1.991000,0.014033
1.992000,0.013927
1.993000,0.013821
1.994000,0.013718
1.995000,0.013615
1.996000,0.013514
1.997000,0.013413
1.998000,0.013314
1.999000,0.013216
2.000000,0.013119
2.001000,0.013024
2.002000,0.012929
2.003000,0.012836
2.004000,0.012743
2.005000,0.012652
2.006000,0.012561
2.007000,0.012472
2.008000,0.012384
2.009000,0.012296
2.010000,0.012210
2.011000,0.012125
2.012000,0.012040
2.013000,0.011957
2.014000,0.011875
2.015000,0.011793
2.016000,0.011712
2.017000,0.011633
2.018000,0.011554
2.019000,0.011476
2.020000,0.011399
2.021000,0.011323
2.022000,0.011247
2.023000,0.011173
2.024000,0.011099
2.025000,0.011026
2.026000,0.010954
2.027000,0.010883
2.028000,0.010812
2.029000,0.010743
2.030000,0.010674
2.031000,0.010605
2.032000,0.010538
2.033000,0.010471
2.034000,0.010405
2.035000,0.010339
2.036000,0.010275
2.037000,0.010211
2.038000,0.010147
2.039000,0.010084
2.040000,0.010022
2.041000,0.009961
2.042000,0.009900
2.043000,0.009840
2.044000,0.009780
2.045000,0.009721
2.046000,0.009663
2.047000,0.009605
2.048000,0.009548
2.049000,0.009491
2.050000,0.009435
2.051000,0.009379
2.052000,0.009324
2.053000,0.009270
2.054000,0.009216
2.055000,0.009162
2.056000,0.009109
2.057000,0.009057
2.058000,0.009005
2.059000,0.008953
2.060000,0.008902
2.061000,0.008851
2.062000,0.008801
2.063000,0.008752
2.064000,0.008702
2.065000,0.008654
2.066000,0.008605
2.067000,0.008557
2.068000,0.008510
2.069000,0.008463
2.070000,0.008416
2.071000,0.008370
2.072000,0.008324
2.073000,0.008278
2.074000,0.008233
2.075000,0.008188
2.076000,0.008144
2.077000,0.008100
2.078000,0.008056
2.079000,0.008013
2.080000,0.007970
2.081000,0.007927
2.082000,0.007885
2.083000,0.007843
2.084000,0.007801
2.085000,0.007760
2.086000,0.007719
2.087000,0.007678
2.088000,0.007638
2.089000,0.007598
2.090000,0.007558
2.091000,0.007519
2.092000,0.007479
2.093000,0.007440
2.094000,0.007402
2.095000,0.007363
2.096000,0.007325
2.097000,0.007288
2.098000,0.007250
2.099000,0.007213
2.100000,0.007176
2.101000,0.007139
2.102000,0.007102
2.103000,0.007066
2.104000,0.007030
2.105000,0.006994
2.106000,0.006959
2.107000,0.006924
2.108000,0.006889
2.109000,0.006854
2.110000,0.006819
2.111000,0.006785
2.112000,0.006751
2.113000,0.006717
2.114000,0.006683
2.115000,0.006649
2.116000,0.006616
2.117000,0.006583
2.118000,0.006550
2.119000,0.006518
2.120000,0.006485
2.121000,0.006453
2.122000,0.006421
2.123000,0.006389
2.124000,0.006358
2.125000,0.006326
2.126000,0.006295
2.127000,0.006264
2.128000,0.006233
2.129000,0.006202
2.130000,0.006172
2.131000,0.006141
2.132000,0.006111
2.133000,0.006081
2.134000,0.006052
2.135000,0.006022
2.136000,0.005993
2.137000,0.005963
2.138000,0.005934
2.139000,0.005906
2.140000,0.005877
2.141000,0.005848
2.142000,0.005820
2.143000,0.005792
2.144000,0.005764
2.145000,0.005736
2.146000,0.005708
2.147000,0.005681
2.148000,0.005654
2.149000,0.005626
2.150000,0.005599
2.151000,0.005572
2.152000,0.005546
2.153000,0.005519
2.154000,0.005493
2.155000,0.005467
2.156000,0.005441
2.157000,0.005415
2.158000,0.005389
2.159000,0.005363
2.160000,0.005338
2.161000,0.005313
2.162000,0.005288
2.163000,0.005263
2.164000,0.005238
2.165000,0.005213
2.166000,0.005189
2.167000,0.005164
2.168000,0.005140
2.169000,0.005116
2.170000,0.005092
2.171000,0.005069
2.172000,0.005045
2.173000,0.005022
2.174000,0.004998
2.175000,0.004975
2.176000,0.004952
2.177000,0.004929
2.178000,0.004907
2.179000,0.004884
2.180000,0.004862
2.181000,0.004839
2.182000,0.004817
2.183000,0.004795
2.184000,0.004774
2.185000,0.004752
2.186000,0.004730
2.187000,0.004709
2.188000,0.004688
2.189000,0.004667
2.190000,0.004646
2.191000,0.004625
2.192000,0.004604
2.193000,0.004584
2.194000,0.004563
2.195000,0.004543
2.196000,0.004523
2.197000,0.004503
2.198000,0.004483
2.199000,0.004464
2.200000,0.004444
2.201000,0.004425
2.202000,0.004406
2.203000,0.004386
2.204000,0.004367
2.205000,0.004349
2.206000,0.004330
2.207000,0.004311
2.208000,0.004293
2.209000,0.004275
2.210000,0.004257
2.211000,0.004239
2.212000,0.004221
2.213000,0.004203
2.214000,0.004185
2.215000,0.004168
2.216000,0.004151
2.217000,0.004133
2.218000,0.004116
2.219000,0.004099
2.220000,0.004083
2.221000,0.004066
2.222000,0.004049
2.223000,0.004033
2.224000,0.004017
2.225000,0.004001
2.226000,0.003985
2.227000,0.003969
2.228000,0.003953
2.229000,0.003938
2.230000,0.003922
2.231000,0.003907
2.232000,0.003891
2.233000,0.003876
2.234000,0.003861
2.235000,0.003847
2.236000,0.003832
2.237000,0.003817
2.238000,0.003803
2.239000,0.003788
2.240000,0.003774
2.241000,0.003760
2.242000,0.003746
2.243000,0.003732
2.244000,0.003719
2.245000,0.003705
2.246000,0.003692
2.247000,0.003678
2.248000,0.003665
2.249000,0.003652
2.250000,0.003639
2.251000,0.003626
2.252000,0.003613
2.253000,0.003600
2.254000,0.003588
2.255000,0.003575
2.256000,0.003563
2.257000,0.003551
2.258000,0.003539
2.259000,0.003527
2.260000,0.003515
2.261000,0.003503
2.262000,0.003491
2.263000,0.003480
2.264000,0.003468
2.265000,0.003457
2.266000,0.003446
2.267000,0.003435
2.268000,0.003424
2.269000,0.003413
2.270000,0.003402
2.271000,0.003391
2.272000,0.003381
2.273000,0.003370
2.274000,0.003360
2.275000,0.003349
2.276000,0.003339
2.277000,0.003329
2.278000,0.003319
2.279000,0.003309
2.280000,0.003299
2.281000,0.003289
2.282000,0.003280
2.283000,0.003270
2.284000,0.003261
2.285000,0.003251
2.286000,0.003242
2.287000,0.003233
2.288000,0.003224
2.289000,0.003215
2.290000,0.003206
2.291000,0.003197
2.292000,0.003188
2.293000,0.003179
2.294000,0.003171
2.295000,0.003162
2.296000,0.003154
2.297000,0.003145
2.298000,0.003137
2.299000,0.003129
2.300000,0.003120
2.301000,0.003112
2.302000,0.003104
2.303000,0.003096
2.304000,0.003088
2.305000,0.003081
2.306000,0.003073
2.307000,0.003065
2.308000,0.003058
2.309000,0.003050
2.310000,0.003043
2.311000,0.003035
2.312000,0.003028
2.313000,0.003021
2.314000,0.003013
2.315000,0.003006
2.316000,0.002999
2.317000,0.002992
2.318000,0.002985
2.319000,0.002978
2.320000,0.002971
2.321000,0.002964
2.322000,0.002958
2.323000,0.002951
2.324000,0.002944
2.325000,0.002938
2.326000,0.002931
2.327000,0.002925
2.328000,0.002918
2.329000,0.002912
2.330000,0.002905
2.331000,0.002899
2.332000,0.002893
2.333000,0.002887
2.334000,0.002880
2.335000,0.002874
2.336000,0.002868
2.337000,0.002862
2.338000,0.002856
2.339000,0.002850
2.340000,0.002844
2.341000,0.002838
2.342000,0.002832
2.343000,0.002827
2.344000,0.002821
2.345000,0.002815
2.346000,0.002809
2.347000,0.002804
2.348000,0.002798
2.349000,0.002792
2.350000,0.002787
2.351000,0.002781
2.352000,0.002776
2.353000,0.002770
2.354000,0.002765
2.355000,0.002759
2.356000,0.002754
2.357000,0.002749
2.358000,0.002743
2.359000,0.002738
2.360000,0.002733
2.361000,0.002727
2.362000,0.002722
2.363000,0.002717
2.364000,0.002712
2.365000,0.002706
2.366000,0.002701
2.367000,0.002696
2.368000,0.002691
2.369000,0.002686
2.370000,0.002681
2.371000,0.002676
2.372000,0.002671
2.373000,0.002666
2.374000,0.002661
2.375000,0.002656
2.376000,0.002651
2.377000,0.002646
2.378000,0.002641
2.379000,0.002636
2.380000,0.002631
2.381000,0.002626
2.382000,0.002621
2.383000,0.002616
2.384000,0.002611
2.385000,0.002606
2.386000,0.002601
2.387000,0.002597
2.388000,0.002592
2.389000,0.002587
2.390000,0.002582
2.391000,0.002577
2.392000,0.002572
2.393000,0.002568
2.394000,0.002563
2.395000,0.002558
2.396000,0.002553
2.397000,0.002548
2.398000,0.002544
2.399000,0.002539
2.400000,0.002534
2.401000,0.002529
2.402000,0.002525
2.403000,0.002520
2.404000,0.002515
2.405000,0.002510
2.406000,0.002506
2.407000,0.002501
2.408000,0.002496
2.409000,0.002491
2.410000,0.002487
2.411000,0.002482
2.412000,0.002477
2.413000,0.002472
2.414000,0.002468
2.415000,0.002463
2.416000,0.002458
2.417000,0.002454
2.418000,0.002449
2.419000,0.002444
2.420000,0.002439
2.421000,0.002435
2.422000,0.002430
2.423000,0.002425
2.424000,0.002420
2.425000,0.002416
2.426000,0.002411
2.427000,0.002406
2.428000,0.002401
2.429000,0.002397
2.430000,0.002392
2.431000,0.002387
2.432000,0.002382
2.433000,0.002378
2.434000,0.002373
2.435000,0.002368
2.436000,0.002363
2.437000,0.002359
2.438000,0.002354
2.439000,0.002349
2.440000,0.002344
2.441000,0.002340
2.442000,0.002335
2.443000,0.002330
2.444000,0.002325
2.445000,0.002320
2.446000,0.002316
2.447000,0.002311
2.448000,0.002306
2.449000,0.002301
2.450000,0.002296
2.451000,0.002291
2.452000,0.002287
2.453000,0.002282
2.454000,0.002277
2.455000,0.002272
2.456000,0.002267
2.457000,0.002262
2.458000,0.002258
2.459000,0.002253
2.460000,0.002248
2.461000,0.002243
2.462000,0.002238
2.463000,0.002233
2.464000,0.002228
2.465000,0.002224
2.466000,0.002219
2.467000,0.002214
2.468000,0.002209
2.469000,0.002204
2.470000,0.002199
2.471000,0.002194
2.472000,0.002189
2.473000,0.002184
2.474000,0.002179
2.475000,0.002174
2.476000,0.002169
2.477000,0.002164
2.478000,0.002160
2.479000,0.002155
2.480000,0.002150
2.481000,0.002145
2.482000,0.002140
2.483000,0.002135
2.484000,0.002130
2.485000,0.002125
2.486000,0.002120
2.487000,0.002115
2.488000,0.002110
2.489000,0.002105
2.490000,0.002100
2.491000,0.002095
2.492000,0.002090
2.493000,0.002085
2.494000,0.002080
2.495000,0.002075
2.496000,0.002070
2.497000,0.002065
2.498000,0.002060
2.499000,0.002055
2.500000,0.002050
2.501000,0.002045
2.502000,0.002040
2.503000,0.002035
2.504000,0.002030
2.505000,0.002024
2.506000,0.002019
2.507000,0.002014
2.508000,0.002009
2.509000,0.002004
2.510000,0.001999
2.511000,0.001994
2.512000,0.001989
2.513000,0.001984
2.514000,0.001979
2.515000,0.001974
2.516000,0.001969
2.517000,0.001964
2.518000,0.001959
2.519000,0.001954
2.520000,0.001949
2.521000,0.001943
2.522000,0.001938
2.523000,0.001933
2.524000,0.001928
2.525000,0.001923
2.526000,0.001918
2.527000,0.001913
2.528000,0.001908
2.529000,0.001903
2.530000,0.001898
2.531000,0.001893
2.532000,0.001888
2.533000,0.001882
2.534000,0.001877
2.535000,0.001872
2.536000,0.001867
2.537000,0.001862
2.538000,0.001857
2.539000,0.001852
2.540000,0.001847
2.541000,0.001842
2.542000,0.001837
2.543000,0.001832
2.544000,0.001827
2.545000,0.001822
2.546000,0.001816
2.547000,0.001811
2.548000,0.001806
2.549000,0.001801
2.550000,0.001796
2.551000,0.001791
2.552000,0.001786
2.553000,0.001781
2.554000,0.001776
2.555000,0.001771
2.556000,0.001766
2.557000,0.001761
2.558000,0.001756
2.559000,0.001751
2.560000,0.001746
2.561000,0.001741
2.562000,0.001736
2.563000,0.001731
2.564000,0.001726
2.565000,0.001721
2.566000,0.001716
2.567000,0.001711
2.568000,0.001706
2.569000,0.001701
2.570000,0.001696
2.571000,0.001691
2.572000,0.001686
2.573000,0.001681
2.574000,0.001676
2.575000,0.001671
2.576000,0.001666
2.577000,0.001661
2.578000,0.001656
2.579000,0.001651
2.580000,0.001646
2.581000,0.001641
2.582000,0.001636
2.583000,0.001631
2.584000,0.001626
2.585000,0.001621
2.586000,0.001616
2.587000,0.001611
2.588000,0.001607
2.589000,0.001602
2.590000,0.001597
2.591000,0.001592
2.592000,0.001587
2.593000,0.001582
2.594000,0.001577
2.595000,0.001572
2.596000,0.001568
2.597000,0.001563
2.598000,0.001558
2.599000,0.001553
2.600000,0.001548
2.601000,0.001543
2.602000,0.001539
2.603000,0.001534
2.604000,0.001529
2.605000,0.001524
2.606000,0.001520
2.607000,0.001515
2.608000,0.001510
2.609000,0.001505
2.610000,0.001501
2.611000,0.001496
2.612000,0.001491
2.613000,0.001486
2.614000,0.001482
2.615000,0.001477
2.616000,0.001472
2.617000,0.001468
2.618000,0.001463
2.619000,0.001458
2.620000,0.001454
2.621000,0.001449
2.622000,0.001444
2.623000,0.001440
2.624000,0.001435
2.625000,0.001431
2.626000,0.001426
2.627000,0.001422
2.628000,0.001417
2.629000,0.001412
2.630000,0.001408
2.631000,0.001403
2.632000,0.001399
2.633000,0.001394
2.634000,0.001390
2.635000,0.001385
2.636000,0.001381
2.637000,0.001376
2.638000,0.001372
2.639000,0.001367
2.640000,0.001363
2.641000,0.001359
2.642000,0.001354
2.643000,0.001350
2.644000,0.001345
2.645000,0.001341
2.646000,0.001337
2.647000,0.001332
2.648000,0.001328
2.649000,0.001324
2.650000,0.001319
2.651000,0.001315
2.652000,0.001311
2.653000,0.001306
2.654000,0.001302
2.655000,0.001298
2.656000,0.001293
2.657000,0.001289
2.658000,0.001285
2.659000,0.001281
2.660000,0.001277
2.661000,0.001272
2.662000,0.001268
2.663000,0.001264
2.664000,0.001260
2.665000,0.001256
2.666000,0.001252
2.667000,0.001247
2.668000,0.001243
2.669000,0.001239
2.670000,0.001235
2.671000,0.001231
2.672000,0.001227
2.673000,0.001223
2.674000,0.001219
2.675000,0.001215
2.676000,0.001211
2.677000,0.001207
2.678000,0.001203
2.679000,0.001199
2.680000,0.001195
2.681000,0.001191
2.682000,0.001187
2.683000,0.001183
2.684000,0.001179
2.685000,0.001175
2.686000,0.001172
2.687000,0.001168
2.688000,0.001164
2.689000,0.001160
2.690000,0.001156
2.691000,0.001152
2.692000,0.001149
2.693000,0.001145
2.694000,0.001141
2.695000,0.001137
2.696000,0.001134
2.697000,0.001130
2.698000,0.001126
2.699000,0.001122
2.700000,0.001119
2.701000,0.001115
2.702000,0.001111
2.703000,0.001108
2.704000,0.001104
2.705000,0.001101
2.706000,0.001097
2.707000,0.001093
2.708000,0.001090
2.709000,0.001086
2.710000,0.001083
2.711000,0.001079
2.712000,0.001076
2.713000,0.001072
2.714000,0.001069
2.715000,0.001065
2.716000,0.001062
2.717000,0.001058
2.718000,0.001055
2.719000,0.001051
2.720000,0.001048
2.721000,0.001045
2.722000,0.001041
2.723000,0.001038
2.724000,0.001034
2.725000,0.001031
2.726000,0.001028
2.727000,0.001024
2.728000,0.001021
2.729000,0.001018
2.730000,0.001015
2.731000,0.001011
2.732000,0.001008
2.733000,0.001005
2.734000,0.001002
2.735000,0.000998
2.736000,0.000995
2.737000,0.000992
2.738000,0.000989
2.739000,0.000986
2.740000,0.000983
2.741000,0.000980
2.742000,0.000976
2.743000,0.000973
2.744000,0.000970
2.745000,0.000967
2.746000,0.000964
2.747000,0.000961
2.748000,0.000958
2.749000,0.000955
2.750000,0.000952
2.751000,0.000949
2.752000,0.000946
2.753000,0.000943
2.754000,0.000940
2.755000,0.000937
2.756000,0.000934
2.757000,0.000932
2.758000,0.000929
2.759000,0.000926
2.760000,0.000923
2.761000,0.000920
2.762000,0.000917
2.763000,0.000915
2.764000,0.000912
2.765000,0.000909
2.766000,0.000906
2.767000,0.000903
2.768000,0.000901
2.769000,0.000898
2.770000,0.000895
2.771000,0.000893
2.772000,0.000890
2.773000,0.000887
2.774000,0.000885
2.775000,0.000882
2.776000,0.000879
2.777000,0.000877
2.778000,0.000874
2.779000,0.000872
2.780000,0.000869
2.781000,0.000866
2.782000,0.000864
2.783000,0.000861
2.784000,0.000859
2.785000,0.000856
2.786000,0.000854
2.787000,0.000851
2.788000,0.000849
2.789000,0.000846
2.790000,0.000844
2.791000,0.000842
2.792000,0.000839
2.793000,0.000837
2.794000,0.000834
2.795000,0.000832
2.796000,0.000830
2.797000,0.000827
2.798000,0.000825
2.799000,0.000823
2.800000,0.000820
2.801000,0.000818
2.802000,0.000816
2.803000,0.000813
2.804000,0.000811
2.805000,0.000809
2.806000,0.000807
2.807000,0.000805
2.808000,0.000802
2.809000,0.000800
2.810000,0.000798
2.811000,0.000796
2.812000,0.000794
2.813000,0.000792
2.814000,0.000789
2.815000,0.000787
2.816000,0.000785
2.817000,0.000783
2.818000,0.000781
2.819000,0.000779
2.820000,0.000777
2.821000,0.000775
2.822000,0.000773
2.823000,0.000771
2.824000,0.000769
2.825000,0.000767
2.826000,0.000765
2.827000,0.000763
2.828000,0.000761
2.829000,0.000759
2.830000,0.000757
2.831000,0.000755
2.832000,0.000753
2.833000,0.000751
2.834000,0.000750
2.835000,0.000748
2.836000,0.000746
2.837000,0.000744
2.838000,0.000742
2.839000,0.000740
2.840000,0.000739
2.841000,0.000737
2.842000,0.000735
2.843000,0.000733
2.844000,0.000731
2.845000,0.000730
2.846000,0.000728
2.847000,0.000726
2.848000,0.000724
2.849000,0.000723
2.850000,0.000721
2.851000,0.000719
2.852000,0.000718
2.853000,0.000716
2.854000,0.000714
2.855000,0.000713
2.856000,0.000711
2.857000,0.000710
2.858000,0.000708
2.859000,0.000706
2.860000,0.000705
2.861000,0.000703
2.862000,0.000702
2.863000,0.000700
2.864000,0.000699
2.865000,0.000697
2.866000,0.000696
2.867000,0.000694
2.868000,0.000693
2.869000,0.000691
2.870000,0.000690
2.871000,0.000688
2.872000,0.000687
2.873000,0.000685
2.874000,0.000684
2.875000,0.000683
2.876000,0.000681
2.877000,0.000680
2.878000,0.000678
2.879000,0.000677
2.880000,0.000676
2.881000,0.000674
2.882000,0.000673
2.883000,0.000672
2.884000,0.000670
2.885000,0.000669
2.886000,0.000668
2.887000,0.000666
2.888000,0.000665
2.889000,0.000664
2.890000,0.000663
2.891000,0.000661
2.892000,0.000660
2.893000,0.000659
2.894000,0.000658
2.895000,0.000656
2.896000,0.000655
2.897000,0.000654
2.898000,0.000653
2.899000,0.000652
2.900000,0.000650
2.901000,0.000649
2.902000,0.000648
2.903000,0.000647
2.904000,0.000646
2.905000,0.000645
2.906000,0.000644
2.907000,0.000643
2.908000,0.000641
2.909000,0.000640
2.910000,0.000639
2.911000,0.000638
2.912000,0.000637
2.913000,0.000636
2.914000,0.000635
2.915000,0.000634
2.916000,0.000633
2.917000,0.000632
2.918000,0.000631
2.919000,0.000630
2.920000,0.000629
2.921000,0.000628
2.922000,0.000627
2.923000,0.000626
2.924000,0.000625
2.925000,0.000624
2.926000,0.000623
2.927000,0.000622
2.928000,0.000622
2.929000,0.000621
2.930000,0.000620
2.931000,0.000619
2.932000,0.000618
2.933000,0.000617
2.934000,0.000616
2.935000,0.000615
2.936000,0.000614
2.937000,0.000614
2.938000,0.000613
2.939000,0.000612
2.940000,0.000611
2.941000,0.000610
2.942000,0.000610
2.943000,0.000609
2.944000,0.000608
2.945000,0.000607
2.946000,0.000606
2.947000,0.000606
2.948000,0.000605
2.949000,0.000604
2.950000,0.000603
2.951000,0.000603
2.952000,0.000602
2.953000,0.000601
2.954000,0.000600
2.955000,0.000600
2.956000,0.000599
2.957000,0.000598
2.958000,0.000598
2.959000,0.000597
2.960000,0.000596
2.961000,0.000596
2.962000,0.000595
2.963000,0.000594
2.964000,0.000594
2.965000,0.000593
2.966000,0.000592
2.967000,0.000592
2.968000,0.000591
2.969000,0.000590
2.970000,0.000590
2.971000,0.000589
2.972000,0.000589
2.973000,0.000588
2.974000,0.000588
2.975000,0.000587
2.976000,0.000586
2.977000,0.000586
2.978000,0.000585
2.979000,0.000585
2.980000,0.000584
2.981000,0.000584
2.982000,0.000583
2.983000,0.000583
2.984000,0.000582
2.985000,0.000582
2.986000,0.000581
2.987000,0.000581
2.988000,0.000580
2.989000,0.000580
2.990000,0.000579
2.991000,0.000579
2.992000,0.000578
2.993000,0.000578
2.994000,0.000577
2.995000,0.000577
2.996000,0.000576
2.997000,0.000576
2.998000,0.000575
2.999000,0.000575
3.000000,0.000574
3.001000,0.000574
3.002000,0.000574
3.003000,0.000573
3.004000,0.000573
3.005000,0.000572
3.006000,0.000572
3.007000,0.000572
3.008000,0.000571
3.009000,0.000571
3.010000,0.000570
3.011000,0.000570
3.012000,0.000570
3.013000,0.000569
3.014000,0.000569
3.015000,0.000569
3.016000,0.000568
3.017000,0.000568
3.018000,0.000568
3.019000,0.000567
3.020000,0.000567
3.021000,0.000567
3.022000,0.000566
3.023000,0.000566
3.024000,0.000566
3.025000,0.000565
3.026000,0.000565
3.027000,0.000565
3.028000,0.000564
3.029000,0.000564
3.030000,0.000564
3.031000,0.000564
3.032000,0.000563
3.033000,0.000563
3.034000,0.000563
3.035000,0.000562
3.036000,0.000562
3.037000,0.000562
3.038000,0.000562
3.039000,0.000561
3.040000,0.000561
3.041000,0.000561
3.042000,0.000561
3.043000,0.000560
3.044000,0.000560
3.045000,0.000560
3.046000,0.000560
3.047000,0.000560
3.048000,0.000559
3.049000,0.000559
3.050000,0.000559
3.051000,0.000559
3.052000,0.000559
3.053000,0.000558
3.054000,0.000558
3.055000,0.000558
3.056000,0.000558
3.057000,0.000558
3.058000,0.000557
3.059000,0.000557
3.060000,0.000557
3.061000,0.000557
3.062000,0.000557
3.063000,0.000557
3.064000,0.000556
3.065000,0.000556
3.066000,0.000556
3.067000,0.000556
3.068000,0.000556
3.069000,0.000556
3.070000,0.000555
3.071000,0.000555
3.072000,0.000555
3.073000,0.000555
3.074000,0.000555
3.075000,0.000555
3.076000,0.000555
3.077000,0.000555
3.078000,0.000554
3.079000,0.000554
3.080000,0.000554
3.081000,0.000554
3.082000,0.000554
3.083000,0.000554
3.084000,0.000554
3.085000,0.000554
3.086000,0.000554
3.087000,0.000553
3.088000,0.000553
3.089000,0.000553
3.090000,0.000553
3.091000,0.000553
3.092000,0.000553
3.093000,0.000553
3.094000,0.000553
3.095000,0.000553
3.096000,0.000553
3.097000,0.000553
3.098000,0.000553
3.099000,0.000553
3.100000,0.000552
3.101000,0.000552
3.102000,0.000552
3.103000,0.000552
3.104000,0.000552
3.105000,0.000552
3.106000,0.000552
3.107000,0.000552
3.108000,0.000552
3.109000,0.000552
3.110000,0.000552
3.111000,0.000552
3.112000,0.000552
3.113000,0.000552
3.114000,0.000552
3.115000,0.000552
3.116000,0.000552
3.117000,0.000552
3.118000,0.000552
3.119000,0.000552
3.120000,0.000552
3.121000,0.000552
3.122000,0.000552
3.123000,0.000552
3.124000,0.000552
3.125000,0.000552
3.126000,0.000552
3.127000,0.000552
3.128000,0.000552
3.129000,0.000552
3.130000,0.000552
3.131000,0.000552
3.132000,0.000552
3.133000,0.000552
3.134000,0.000552
3.135000,0.000552
3.136000,0.000552
3.137000,0.000552
3.138000,0.000552
3.139000,0.000552
3.140000,0.000552
3.141000,0.000552
3.142000,0.000552
3.143000,0.000552
3.144000,0.000552
3.145000,0.000552
3.146000,0.000552
3.147000,0.000552
3.148000,0.000552
3.149000,0.000552
3.150000,0.000552
3.151000,0.000552
3.152000,0.000552
3.153000,0.000552
3.154000,0.000552
3.155000,0.000552
3.156000,0.000552
3.157000,0.000552
3.158000,0.000552
3.159000,0.000552
3.160000,0.000552
3.161000,0.000552
3.162000,0.000552
3.163000,0.000552
3.164000,0.000552
3.165000,0.000552
3.166000,0.000552
3.167000,0.000552
3.168000,0.000552
3.169000,0.000552
3.170000,0.000552
3.171000,0.000552
3.172000,0.000553
3.173000,0.000553
3.174000,0.000553
3.175000,0.000553
3.176000,0.000553
3.177000,0.000553
3.178000,0.000553
3.179000,0.000553
3.180000,0.000553
3.181000,0.000553
3.182000,0.000553
3.183000,0.000553
3.184000,0.000553
3.185000,0.000553
3.186000,0.000553
3.187000,0.000553
3.188000,0.000553
3.189000,0.000553
3.190000,0.000554
3.191000,0.000554
3.192000,0.000554
3.193000,0.000554
3.194000,0.000554
3.195000,0.000554
3.196000,0.000554
3.197000,0.000554
3.198000,0.000554
3.199000,0.000554
3.200000,0.000554
3.201000,0.000554
3.202000,0.000554
3.203000,0.000554
3.204000,0.000554
3.205000,0.000555
3.206000,0.000555
3.207000,0.000555
3.208000,0.000555
3.209000,0.000555
3.210000,0.000555
3.211000,0.000555
3.212000,0.000555
3.213000,0.000555
3.214000,0.000555
3.215000,0.000555
3.216000,0.000555
3.217000,0.000555
3.218000,0.000555
3.219000,0.000556
3.220000,0.000556
3.221000,0.000556
3.222000,0.000556
3.223000,0.000556
3.224000,0.000556
3.225000,0.000556
3.226000,0.000556
3.227000,0.000556
3.228000,0.000556
3.229000,0.000556
3.230000,0.000556
3.231000,0.000556
3.232000,0.000557
3.233000,0.000557
3.234000,0.000557
3.235000,0.000557
3.236000,0.000557
3.237000,0.000557
3.238000,0.000557
3.239000,0.000557
3.240000,0.000557
3.241000,0.000557
3.242000,0.000557
3.243000,0.000557
3.244000,0.000558
3.245000,0.000558
3.246000,0.000558
3.247000,0.000558
3.248000,0.000558
3.249000,0.000558
3.250000,0.000558
3.251000,0.000558
3.252000,0.000558
3.253000,0.000558
3.254000,0.000558
3.255000,0.000558
3.256000,0.000559
3.257000,0.000559
3.258000,0.000559
3.259000,0.000559
3.260000,0.000559
3.261000,0.000559
3.262000,0.000559
3.263000,0.000559
3.264000,0.000559
3.265000,0.000559
3.266000,0.000559
3.267000,0.000559
3.268000,0.000560
3.269000,0.000560
3.270000,0.000560
3.271000,0.000560
3.272000,0.000560
3.273000,0.000560
3.274000,0.000560
3.275000,0.000560
3.276000,0.000560
3.277000,0.000560
3.278000,0.000560
3.279000,0.000560
3.280000,0.000561
3.281000,0.000561
3.282000,0.000561
3.283000,0.000561
3.284000,0.000561
3.285000,0.000561
3.286000,0.000561
3.287000,0.000561
3.288000,0.000561
3.289000,0.000561
3.290000,0.000561
3.291000,0.000561
3.292000,0.000562
3.293000,0.000562
3.294000,0.000562
3.295000,0.000562
3.296000,0.000562
3.297000,0.000562
3.298000,0.000562
3.299000,0.000562
3.300000,0.000562
3.301000,0.000562
3.302000,0.000562
3.303000,0.000562
3.304000,0.000563
3.305000,0.000563
3.306000,0.000563
3.307000,0.000563
3.308000,0.000563
3.309000,0.000563
3.310000,0.000563
3.311000,0.000563
3.312000,0.000563
3.313000,0.000563
3.314000,0.000563
3.315000,0.000563
3.316000,0.000564
3.317000,0.000564
3.318000,0.000564
3.319000,0.000564
3.320000,0.000564
3.321000,0.000564
3.322000,0.000564
3.323000,0.000564
3.324000,0.000564
3.325000,0.000564
3.326000,0.000564
3.327000,0.000564
3.328000,0.000564
3.329000,0.000565
3.330000,0.000565
3.331000,0.000565
3.332000,0.000565
3.333000,0.000565
3.334000,0.000565
3.335000,0.000565
3.336000,0.000565
3.337000,0.000565
3.338000,0.000565
3.339000,0.000565
3.340000,0.000565
3.341000,0.000565
3.342000,0.000565
3.343000,0.000566
3.344000,0.000566
3.345000,1.831267
3.346000,1.831341
3.347000,1.831516
3.348000,1.831728
3.349000,1.831949
3.350000,1.832168
3.351000,1.832380
3.352000,1.832580
3.353000,1.832768
3.354000,1.832941
3.355000,1.833099
3.356000,1.833241
3.357000,1.833366
3.358000,1.833472
3.359000,1.833560
3.360000,1.833628
3.361000,1.833676
3.362000,1.833703
3.363000,1.833708
3.364000,1.833691
3.365000,1.833651
3.366000,1.833588
3.367000,1.833500
3.368000,1.833388
3.369000,1.833251
3.370000,1.833087
3.371000,1.832898
3.372000,1.832681
3.373000,1.832437
3.374000,1.832165
3.375000,1.831864
3.376000,1.831535
3.377000,1.831176
3.378000,1.830786
3.379000,1.830367
3.380000,1.829916
3.381000,1.829434
3.382000,1.828921
3.383000,1.828375
3.384000,1.827796
3.385000,1.827184
3.386000,1.826539
3.387000,1.825859
3.388000,1.825146
3.389000,1.824397
3.390000,1.823614
3.391000,1.822795
3.392000,1.821940
3.393000,1.821049
3.394000,1.820121
3.395000,1.819157
3.396000,1.818156
3.397000,1.817117
3.398000,1.816040
3.399000,1.814925
3.400000,1.813772
3.401000,1.812581
3.402000,1.811350
3.403000,1.810081
3.404000,1.808772
3.405000,1.807423
3.406000,1.806034
3.407000,1.804606
3.408000,1.803137
3.409000,1.801628
3.410000,1.800078
3.411000,1.798487
3.412000,1.796855
3.413000,1.795182
3.414000,1.793467
3.415000,1.791711
3.416000,1.789913
3.417000,1.788074
3.418000,1.786192
3.419000,1.784268
3.420000,1.782303
3.421000,1.780294
3.422000,1.778244
3.423000,1.776151
3.424000,1.774015
3.425000,1.771837
3.426000,1.769616
3.427000,1.767352
3.428000,1.765045
3.429000,1.762696
3.430000,1.760303
3.431000,1.757868
3.432000,1.755389
3.433000,1.752868
3.434000,1.750303
3.435000,1.747696
3.436000,1.745046
3.437000,1.742352
3.438000,1.739616
3.439000,1.736837
3.440000,1.734015
3.441000,1.731150
3.442000,1.728243
3.443000,1.725292
3.444000,1.722300
3.445000,1.719264
3.446000,1.716186
3.447000,1.713066
3.448000,1.709904
3.449000,1.706699
3.450000,1.703453
3.451000,1.700165
3.452000,1.696834
3.453000,1.693463
3.454000,1.690050
3.455000,1.686595
3.456000,1.683100
3.457000,1.679563
3.458000,1.675986
3.459000,1.672368
3.460000,1.668710
3.461000,1.665012
3.462000,1.661274
3.463000,1.657496
3.464000,1.653679
3.465000,1.649822
3.466000,1.645927
3.467000,1.641993
3.468000,1.638020
3.469000,1.634009
3.470000,1.629961
3.471000,1.625874
3.472000,1.621751
3.473000,1.617590
3.474000,1.613393
3.475000,1.609160
3.476000,1.604890
3.477000,1.600585
3.478000,1.596244
3.479000,1.591868
3.480000,1.587458
3.481000,1.583013
3.482000,1.578535
3.483000,1.574023
3.484000,1.569478
3.485000,1.564900
3.486000,1.560289
3.487000,1.555647
3.488000,1.550973
3.489000,1.546269
3.490000,1.541533
3.491000,1.536767
3.492000,1.531972
3.493000,1.527147
3.494000,1.522293
3.495000,1.517410
3.496000,1.512500
3.497000,1.507562
3.498000,1.502597
3.499000,1.497605
3.500000,1.492588
3.501000,1.487544
3.502000,1.482476
3.503000,1.477382
3.504000,1.472265
3.505000,1.467124
3.506000,1.461960
3.507000,1.456773
3.508000,1.451563
3.509000,1.446333
3.510000,1.441081
3.511000,1.435808
3.512000,1.430516
3.513000,1.425203
3.514000,1.419872
3.515000,1.414522
3.516000,1.409154
3.517000,1.403769
3.518000,1.398366
3.519000,1.392948
3.520000,1.387513
3.521000,1.382063
3.522000,1.376597
3.523000,1.371118
3.524000,1.365625
3.525000,1.360118
3.526000,1.354599
3.527000,1.349067
3.528000,1.343524
3.529000,1.337969
3.530000,1.332403
3.531000,1.326828
3.532000,1.321242
3.533000,1.315648
3.534000,1.310044
3.535000,1.304433
3.536000,1.298814
3.537000,1.293188
3.538000,1.287554
3.539000,1.281915
3.540000,1.276270
3.541000,1.270620
3.542000,1.264965
3.543000,1.259305
3.544000,1.253642
3.545000,1.247976
3.546000,1.242306
3.547000,1.236634
3.548000,1.230960
3.549000,1.225285
3.550000,1.219608
3.551000,1.213931
3.552000,1.208253
3.553000,1.202576
3.554000,1.196899
3.555000,1.191223
3.556000,1.185549
3.557000,1.179876
3.558000,1.174206
3.559000,1.168538
3.560000,1.162873
3.561000,1.157212
3.562000,1.151554
3.563000,1.145901
3.564000,1.140252
3.565000,1.134607
3.566000,1.128968
3.567000,1.123335
3.568000,1.117707
3.569000,1.112086
3.570000,1.106471
3.571000,1.100863
3.572000,1.095263
3.573000,1.089669
3.574000,1.084084
3.575000,1.078507
3.576000,1.072938
3.577000,1.067378
3.578000,1.061827
3.579000,1.056285
3.580000,1.050752
3.581000,1.045230
3.582000,1.039717
3.583000,1.034215
3.584000,1.028724
3.585000,1.023243
3.586000,1.017773
3.587000,1.012315
3.588000,1.006868
3.589000,1.001433
3.590000,0.996010
3.591000,0.990599
3.592000,0.985200
3.593000,0.979815
3.594000,0.974442
3.595000,0.969082
3.596000,0.963735
3.597000,0.958401
3.598000,0.953081
3.599000,0.947775
3.600000,0.942483
3.601000,0.937205
3.602000,0.931941
3.603000,0.926692
3.604000,0.921457
3.605000,0.916237
3.606000,0.911032
3.607000,0.905842
3.608000,0.900667
3.609000,0.895507
3.610000,0.890363
3.611000,0.885234
3.612000,0.880121
3.613000,0.875024
3.614000,0.869943
3.615000,0.864878
3.616000,0.859829
3.617000,0.854796
3.618000,0.849780
3.619000,0.844780
3.620000,0.839797
3.621000,0.834830
3.622000,0.829881
3.623000,0.824948
3.624000,0.820032
3.625000,0.815133
3.626000,0.810251
3.627000,0.805386
3.628000,0.800539
3.629000,0.795709
3.630000,0.790896
3.631000,0.786101
3.632000,0.781324
3.633000,0.776564
3.634000,0.771822
3.635000,0.767097
3.636000,0.762390
3.637000,0.757701
3.638000,0.753030
3.639000,0.748377
3.640000,0.743742
3.641000,0.739125
3.642000,0.734526
3.643000,0.729945
3.644000,0.725382
3.645000,0.720838
3.646000,0.716311
3.647000,0.711803
3.648000,0.707314
3.649000,0.702842
3.650000,0.698389
3.651000,0.693954
3.652000,0.689538
3.653000,0.685140
3.654000,0.680760
3.655000,0.676399
3.656000,0.672057
3.657000,0.667732
3.658000,0.663427
3.659000,0.659140
3.660000,0.654871
3.661000,0.650621
3.662000,0.646389
3.663000,0.642176
3.664000,0.637982
3.665000,0.633806
3.666000,0.629649
3.667000,0.625510
3.668000,0.621390
3.669000,0.617288
3.670000,0.613205
3.671000,0.609141
3.672000,0.605095
3.673000,0.601068
3.674000,0.597059
3.675000,0.593068
3.676000,0.589097
3.677000,0.585143
3.678000,0.581209
3.679000,0.577292
3.680000,0.573394
3.681000,0.569515
3.682000,0.565654
3.683000,0.561812
3.684000,0.557988
3.685000,0.554182
3.686000,0.550395
3.687000,0.546626
3.688000,0.542875
3.689000,0.539143
3.690000,0.535429
3.691000,0.531734
3.692000,0.528056
3.693000,0.524397
3.694000,0.520756
3.695000,0.517133
3.696000,0.513529
3.697000,0.509942
3.698000,0.506374
3.699000,0.502823
3.700000,0.499291
3.701000,0.495777
3.702000,0.492281
3.703000,0.488802
3.704000,0.485342
3.705000,0.481899
3.706000,0.478474
3.707000,0.475068
3.708000,0.471678
3.709000,0.468307
3.710000,0.464953
3.711000,0.461617
3.712000,0.458299
3.713000,0.454998
3.714000,0.451715
3.715000,0.448449
3.716000,0.445201
3.717000,0.441970
3.718000,0.438757
3.719000,0.435561
3.720000,0.432382
3.721000,0.429221
3.722000,0.426077
3.723000,0.422950
3.724000,0.419840
3.725000,0.416747
3.726000,0.413672
3.727000,0.410613
3.728000,0.407571
3.729000,0.404547
3.730000,0.401539
3.731000,0.398548
3.732000,0.395574
3.733000,0.392617
3.734000,0.389676
3.735000,0.386752
3.736000,0.383844
3.737000,0.380954
3.738000,0.378079
3.739000,0.375221
3.740000,0.372380
3.741000,0.369555
3.742000,0.366746
3.743000,0.363954
3.744000,0.361178
3.745000,0.358417
3.746000,0.355674
3.747000,0.352946
3.748000,0.350234
3.749000,0.347538
3.750000,0.344858
3.751000,0.342194
3.752000,0.339546
3.753000,0.336913
3.754000,0.334296
3.755000,0.331695
3.756000,0.329110
3.757000,0.326540
3.758000,0.323985
3.759000,0.321446
3.760000,0.318923
3.761000,0.316414
3.762000,0.313921
3.763000,0.311444
3.764000,0.308981
3.765000,0.306534
3.766000,0.304101
3.767000,0.301684
3.768000,0.299281
3.769000,0.296894
3.770000,0.294521
3.771000,0.292163
3.772000,0.289820
3.773000,0.287492
3.774000,0.285178
3.775000,0.282879
3.776000,0.280594
3.777000,0.278324
3.778000,0.276068
3.779000,0.273826
3.780000,0.271599
3.781000,0.269386
3.782000,0.267187
3.783000,0.265003
3.784000,0.262832
3.785000,0.260676
3.786000,0.258533
3.787000,0.256404
3.788000,0.254289
3.789000,0.252188
3.790000,0.250101
3.791000,0.248027
3.792000,0.245967
3.793000,0.243920
3.794000,0.241887
3.795000,0.239867
3.796000,0.237861
3.797000,0.235868
3.798000,0.233889
3.799000,0.231922
3.800000,0.229969
3.801000,0.228029
3.802000,0.226101
3.803000,0.224187
3.804000,0.222286
3.805000,0.220397
3.806000,0.218522
3.807000,0.216659
3.808000,0.214809
3.809000,0.212971
3.810000,0.211146
3.811000,0.209334
3.812000,0.207534
3.813000,0.205746
3.814000,0.203971
3.815000,0.202208
3.816000,0.200457
3.817000,0.198718
3.818000,0.196992
3.819000,0.195278
3.820000,0.193575
3.821000,0.191885
3.822000,0.190206
3.823000,0.188539
3.824000,0.186884
3.825000,0.185241
3.826000,0.183610
3.827000,0.181990
3.828000,0.180381
3.829000,0.178784
3.830000,0.177199
3.831000,0.175625
3.832000,0.174062
3.833000,0.172510
3.834000,0.170970
3.835000,0.169441
3.836000,0.167922
3.837000,0.166415
3.838000,0.164919
3.839000,0.163434
3.840000,0.161960
3.841000,0.160496
3.842000,0.159044
3.843000,0.157601
3.844000,0.156170
3.845000,0.154749
3.846000,0.153339
3.847000,0.151939
3.848000,0.150550
3.849000,0.149171
3.850000,0.147802
3.851000,0.146444
3.852000,0.145095
3.853000,0.143757
3.854000,0.142429
3.855000,0.141111
3.856000,0.139803
3.857000,0.138505
3.858000,0.137217
3.859000,0.135939
3.860000,0.134670
3.861000,0.133412
3.862000,0.132162
3.863000,0.130923
3.864000,0.129693
3.865000,0.128472
3.866000,0.127261
3.867000,0.126059
3.868000,0.124867
3.869000,0.123684
3.870000,0.122510
3.871000,0.121346
3.872000,0.120190
3.873000,0.119044
3.874000,0.117906
3.875000,0.116778
3.876000,0.115658
3.877000,0.114548
3.878000,0.113446
3.879000,0.112353
3.880000,0.111269
3.881000,0.110193
3.882000,0.109126
3.883000,0.108068
3.884000,0.107018
3.885000,0.105976
3.886000,0.104943
3.887000,0.103919
3.888000,0.102902
3.889000,0.101894
3.890000,0.100894
3.891000,0.099903
3.892000,0.098919
3.893000,0.097943
3.894000,0.096976
3.895000,0.096016
3.896000,0.095065
3.897000,0.094121
3.898000,0.093185
3.899000,0.092257
3.900000,0.091337
3.901000,0.090424
3.902000,0.089519
3.903000,0.088621
3.904000,0.087731
3.905000,0.086849
3.906000,0.085974
3.907000,0.085106
3.908000,0.084246
3.909000,0.083393
3.910000,0.082547
3.911000,0.081708
3.912000,0.080877
3.913000,0.080053
3.914000,0.079236
3.915000,0.078425
3.916000,0.077622
3.917000,0.076826
3.918000,0.076037
3.919000,0.075254
3.920000,0.074479
3.921000,0.073710
3.922000,0.072947
3.923000,0.072192
3.924000,0.071443
3.925000,0.070701
3.926000,0.069965
3.927000,0.069236
3.928000,0.068513
3.929000,0.067796
3.930000,0.067086
3.931000,0.066382
3.932000,0.065685
3.933000,0.064994
3.934000,0.064309
3.935000,0.063630
3.936000,0.062957
3.937000,0.062290
3.938000,0.061630
3.939000,0.060975
3.940000,0.060326
3.941000,0.059683
3.942000,0.059046
3.943000,0.058415
3.944000,0.057790
3.945000,0.057170
3.946000,0.056556
3.947000,0.055948
3.948000,0.055346
3.949000,0.054748
3.950000,0.054157
3.951000,0.053571
3.952000,0.052990
3.953000,0.052415
3.954000,0.051846
3.955000,0.051281
3.956000,0.050722
3.957000,0.050168
3.958000,0.049620
3.959000,0.049077
3.960000,0.048538
3.961000,0.048005
3.962000,0.047477
3.963000,0.046954
3.964000,0.046437
3.965000,0.045924
3.966000,0.045416
3.967000,0.044913
3.968000,0.044414
3.969000,0.043921
3.970000,0.043432
3.971000,0.042949
3.972000,0.042470
3.973000,0.041995
3.974000,0.041525
3.975000,0.041060
3.976000,0.040600
3.977000,0.040144
3.978000,0.039692
3.979000,0.039245
3.980000,0.038803
3.981000,0.038364
3.982000,0.037931
3.983000,0.037501
3.984000,0.037076
3.985000,0.036655
3.986000,0.036239
3.987000,0.035826
3.988000,0.035418
3.989000,0.035014
3.990000,0.034614
3.991000,0.034218
3.992000,0.033827
3.993000,0.033439
3.994000,0.033055
3.995000,0.032675
3.996000,0.032299
3.997000,0.031927
3.998000,0.031559
3.999000,0.031195
4.000000,0.030835
4.001000,0.030478
4.002000,0.030125
4.003000,0.029776
4.004000,0.029430
4.005000,0.029088
4.006000,0.028750
4.007000,0.028415
4.008000,0.028084
4.009000,0.027756
4.010000,0.027432
4.011000,0.027112
4.012000,0.026795
4.013000,0.026481
4.014000,0.026170
4.015000,0.025863
4.016000,0.025560
4.017000,0.025259
4.018000,0.024962
4.019000,0.024669
4.020000,0.024378
4.021000,0.024091
4.022000,0.023806
4.023000,0.023525
4.024000,0.023247
4.025000,0.022972
4.026000,0.022701
4.027000,0.022432
4.028000,0.022166
4.029000,0.021903
4.030000,0.021644
4.031000,0.021387
4.032000,0.021133
4.033000,0.020882
4.034000,0.020634
4.035000,0.020388
4.036000,0.020146
4.037000,0.019906
4.038000,0.019669
4.039000,0.019435
4.040000,0.019203
4.041000,0.018974
4.042000,0.018748
4.043000,0.018525
4.044000,0.018304
4.045000,0.018085
4.046000,0.017870
4.047000,0.017656
4.048000,0.017446
4.049000,0.017237
4.050000,0.017032
4.051000,0.016828
4.052000,0.016628
4.053000,0.016429
4.054000,0.016233
4.055000,0.016040
4.056000,0.015848
4.057000,0.015659
4.058000,0.015473
4.059000,0.015288
4.060000,0.015106
4.061000,0.014926
4.062000,0.014748
4.063000,0.014573
4.064000,0.014400
4.065000,0.014229
4.066000,0.014060
4.067000,0.013893
4.068000,0.013728
4.069000,0.013565
4.070000,0.013404
4.071000,0.013246
4.072000,0.013089
4.073000,0.012935
4.074000,0.012782
4.075000,0.012631
4.076000,0.012482
4.077000,0.012336
4.078000,0.012191
4.079000,0.012048
4.080000,0.011906
4.081000,0.011767
4.082000,0.011629
4.083000,0.011494
4.084000,0.011360
4.085000,0.011228
4.086000,0.011097
4.087000,0.010969
4.088000,0.010842
4.089000,0.010716
4.090000,0.010593
4.091000,0.010471
4.092000,0.010351
4.093000,0.010232
4.094000,0.010115
4.095000,0.010000
4.096000,0.009886
4.097000,0.009773
4.098000,0.009663
4.099000,0.009554
4.100000,0.009446
4.101000,0.009340
4.102000,0.009235
4.103000,0.009132
4.104000,0.009030
4.105000,0.008930
4.106000,0.008831
4.107000,0.008733
4.108000,0.008637
4.109000,0.008542
4.110000,0.008449
4.111000,0.008357
4.112000,0.008266
4.113000,0.008177
4.114000,0.008089
4.115000,0.008002
4.116000,0.007917
4.117000,0.007832
4.118000,0.007749
4.119000,0.007667
4.120000,0.007587
4.121000,0.007508
4.122000,0.007429
4.123000,0.007352
4.124000,0.007276
4.125000,0.007202
4.126000,0.007128
4.127000,0.007056
4.128000,0.006984
4.129000,0.006914
4.130000,0.006845
4.131000,0.006777
4.132000,0.006710
4.133000,0.006644
4.134000,0.006579
4.135000,0.006515
4.136000,0.006452
4.137000,0.006390
4.138000,0.006329
4.139000,0.006269
4.140000,0.006210
4.141000,0.006152
4.142000,0.006095
4.143000,0.006039
4.144000,0.005983
4.145000,0.005929
4.146000,0.005876
4.147000,0.005823
4.148000,0.005771
4.149000,0.005720
4.150000,0.005670
4.151000,0.005621
4.152000,0.005573
4.153000,0.005525
4.154000,0.005478
4.155000,0.005432
4.156000,0.005387
4.157000,0.005343
4.158000,0.005299
4.159000,0.005256
4.160000,0.005214
4.161000,0.005172
4.162000,0.005132
4.163000,0.005092
4.164000,0.005052
4.165000,0.005014
4.166000,0.004976
4.167000,0.004939
4.168000,0.004902
4.169000,0.004866
4.170000,0.004831
4.171000,0.004796
4.172000,0.004762
4.173000,0.004729
4.174000,0.004696
4.175000,0.004664
4.176000,0.004632
4.177000,0.004601
4.178000,0.004571
4.179000,0.004541
4.180000,0.004512
4.181000,0.004483
4.182000,0.004455
4.183000,0.004427
4.184000,0.004400
4.185000,0.004374
4.186000,0.004348
4.187000,0.004322
4.188000,0.004297
4.189000,0.004273
4.190000,0.004249
4.191000,0.004225
4.192000,0.004202
4.193000,0.004179
4.194000,0.004157
4.195000,0.004135
4.196000,0.004114
4.197000,0.004093
4.198000,0.004073
4.199000,0.004053
4.200000,0.004033
4.201000,0.004014
4.202000,0.003995
4.203000,0.003977
4.204000,0.003959
4.205000,0.003942
4.206000,0.003924
4.207000,0.003908
4.208000,0.003891
4.209000,0.003875
4.210000,0.003859
4.211000,0.003844
4.212000,0.003829
4.213000,0.003814
4.214000,0.003800
4.215000,0.003786
4.216000,0.003772
4.217000,0.003759
4.218000,0.003746
4.219000,0.003733
4.220000,0.003720
4.221000,0.003708
4.222000,0.003696
4.223000,0.003685
4.224000,0.003673
4.225000,0.003662
4.226000,0.003652
4.227000,0.003641
4.228000,0.003631
4.229000,0.003621
4.230000,0.003611
4.231000,0.003602
4.232000,0.003593
4.233000,0.003584
4.234000,0.003575
4.235000,0.003566
4.236000,0.003558
4.237000,0.003550
4.238000,0.003542
4.239000,0.003534
4.240000,0.003527
4.241000,0.003520
4.242000,0.003513
4.243000,0.003506
4.244000,0.003499
4.245000,0.003493
4.246000,0.003487
4.247000,0.003481
4.248000,0.003475
4.249000,0.003469
4.250000,0.003463
4.251000,0.003458
4.252000,0.003453
4.253000,0.003448
4.254000,0.003443
4.255000,0.003438
4.256000,0.003433
4.257000,0.003429
4.258000,0.003425
4.259000,0.003420
4.260000,0.003416
4.261000,0.003413
4.262000,0.003409
4.263000,0.003405
4.264000,0.003402
4.265000,0.003398
4.266000,0.003395
4.267000,0.003392
4.268000,0.003389
4.269000,0.003386
4.270000,0.003383
4.271000,0.003380
4.272000,0.003377
4.273000,0.003375
4.274000,0.003372
4.275000,0.003370
4.276000,0.003368
4.277000,0.003366
4.278000,0.003363
4.279000,0.003361
4.280000,0.003359
4.281000,0.003358
4.282000,0.003356
4.283000,0.003354
4.284000,0.003352
4.285000,0.003351
4.286000,0.003349
4.287000,0.003348
4.288000,0.003346
4.289000,0.003345
4.290000,0.003344
4.291000,0.003343
4.292000,0.003341
4.293000,0.003340
4.294000,0.003339
4.295000,0.003338
4.296000,0.003337
4.297000,0.003336
4.298000,0.003335
4.299000,0.003334
4.300000,0.003333
4.301000,0.003332
4.302000,0.003332
4.303000,0.003331
4.304000,0.003330
4.305000,0.003329
4.306000,0.003329
4.307000,0.003328
4.308000,0.003327
4.309000,0.003327
4.310000,0.003326
4.311000,0.003325
4.312000,0.003325
4.313000,0.003324
4.314000,0.003324
4.315000,0.003323
4.316000,0.003323
4.317000,0.003322
4.318000,0.003321
4.319000,0.003321
4.320000,0.003320
4.321000,0.003320
4.322000,0.003319
4.323000,0.003319
4.324000,0.003318
4.325000,0.003318
4.326000,0.003317
4.327000,0.003316
4.328000,0.003316
4.329000,0.003315
4.330000,0.003315
4.331000,0.003314
4.332000,0.003313
4.333000,0.003313
4.334000,0.003312
4.335000,0.003311
4.336000,0.003311
4.337000,0.003310
4.338000,0.003309
4.339000,0.003308
4.340000,0.003307
4.341000,0.003307
4.342000,0.003306
4.343000,0.003305
4.344000,0.003304
4.345000,0.003303
4.346000,0.003302
4.347000,0.003301
4.348000,0.003300
4.349000,0.003299
4.350000,0.003298
4.351000,0.003297
4.352000,0.003296
4.353000,0.003295
4.354000,0.003293
4.355000,0.003292
4.356000,0.003291
4.357000,0.003290
4.358000,0.003288
4.359000,0.003287
4.360000,0.003285
4.361000,0.003284
4.362000,0.003282
4.363000,0.003281
4.364000,0.003279
4.365000,0.003278
4.366000,0.003276
4.367000,0.003274
4.368000,0.003272
4.369000,0.003271
4.370000,0.003269
4.371000,0.003267
4.372000,0.003265
4.373000,0.003263
4.374000,0.003261
4.375000,0.003259
4.376000,0.003257
4.377000,0.003255
4.378000,0.003252
4.379000,0.003250
4.380000,0.003248
4.381000,0.003246
4.382000,0.003243
4.383000,0.003241
4.384000,0.003238
4.385000,0.003236
4.386000,0.003233
4.387000,0.003230
4.388000,0.003228
4.389000,0.003225
4.390000,0.003222
4.391000,0.003219
4.392000,0.003216
4.393000,0.003213
4.394000,0.003210
4.395000,0.003207
4.396000,0.003204
4.397000,0.003201
4.398000,0.003198
4.399000,0.003195
4.400000,0.003191
4.401000,0.003188
4.402000,0.003185
4.403000,0.003181
4.404000,0.003178
4.405000,0.003174
4.406000,0.003171
4.407000,0.003167
4.408000,0.003163
4.409000,0.003159
4.410000,0.003156
4.411000,0.003152
4.412000,0.003148
4.413000,0.003144
4.414000,0.003140
4.415000,0.003136
4.416000,0.003131
4.417000,0.003127
4.418000,0.003123
4.419000,0.003119
4.420000,0.003114
4.421000,0.003110
4.422000,0.003106
4.423000,0.003101
4.424000,0.003097
4.425000,0.003092
4.426000,0.003087
4.427000,0.003083
4.428000,0.003078
4.429000,0.003073
4.430000,0.003068
4.431000,0.003063
4.432000,0.003058
4.433000,0.003053
4.434000,0.003048
4.435000,0.003043
4.436000,0.003038
4.437000,0.003033
4.438000,0.003028
4.439000,0.003022
4.440000,0.003017
4.441000,0.003012
4.442000,0.003006
4.443000,0.003001
4.444000,0.002995
4.445000,0.002989
4.446000,0.002984
4.447000,0.002978
4.448000,0.002972
4.449000,0.002967
4.450000,0.002961
4.451000,0.002955
4.452000,0.002949
4.453000,0.002943
4.454000,0.002937
4.455000,0.002931
4.456000,0.002925
4.457000,0.002919
4.458000,0.002913
4.459000,0.002906
4.460000,0.002900
4.461000,0.002894
4.462000,0.002887
4.463000,0.002881
4.464000,0.002874
4.465000,0.002868
4.466000,0.002861
4.467000,0.002855
4.468000,0.002848
4.469000,0.002842
4.470000,0.002835
4.471000,0.002828
4.472000,0.002821
4.473000,0.002815
4.474000,0.002808
4.475000,0.002801
4.476000,0.002794
4.477000,0.002787
4.478000,0.002780
4.479000,0.002773
4.480000,0.002766
4.481000,0.002759
4.482000,0.002751
4.483000,0.002744
4.484000,0.002737
4.485000,0.002730
4.486000,0.002722
4.487000,0.002715
4.488000,0.002708
4.489000,0.002700
4.490000,0.002693
4.491000,0.002685
4.492000,0.002678
4.493000,0.002670
4.494000,0.002663
4.495000,0.002655
4.496000,0.002647
4.497000,0.002640
4.498000,0.002632
4.499000,0.002624
4.500000,0.002616
4.501000,0.002609
4.502000,0.002601
4.503000,0.002593
4.504000,0.002585
4.505000,0.002577
4.506000,0.002569
4.507000,0.002561
4.508000,0.002553
4.509000,0.002545
4.510000,0.002537
4.511000,0.002529
4.512000,0.002521
4.513000,0.002513
4.514000,0.002505
4.515000,0.002496
4.516000,0.002488
4.517000,0.002480
4.518000,0.002472
4.519000,0.002463
4.520000,0.002455
4.521000,0.002447
4.522000,0.002438
4.523000,0.002430
4.524000,0.002422
4.525000,0.002413
4.526000,0.002405
4.527000,0.002396
4.528000,0.002388
4.529000,0.002379
4.530000,0.002371
4.531000,0.002362
4.532000,0.002354
4.533000,0.002345
4.534000,0.002336
4.535000,0.002328
4.536000,0.002319
4.537000,0.002310
4.538000,0.002302
4.539000,0.002293
4.540000,0.002284
4.541000,0.002276
4.542000,0.002267
4.543000,0.002258
4.544000,0.002249
4.545000,0.002241
4.546000,0.002232
4.547000,0.002223
4.548000,0.002214
4.549000,0.002205
4.550000,0.002197
4.551000,0.002188
4.552000,0.002179
4.553000,0.002170
4.554000,0.002161
4.555000,0.002152
4.556000,0.002143
4.557000,0.002134
4.558000,0.002125
4.559000,0.002116
4.560000,0.002107
4.561000,0.002098
4.562000,0.002090
4.563000,0.002081
4.564000,0.002072
4.565000,0.002063
4.566000,0.002054
4.567000,0.002045
4.568000,0.002036
4.569000,0.002027
4.570000,0.002017
4.571000,0.002008
4.572000,0.001999
4.573000,0.001990
4.574000,0.001981
4.575000,0.001972
4.576000,0.001963
4.577000,0.001954
4.578000,0.001945
4.579000,0.001936
4.580000,0.001927
4.581000,0.001918
4.582000,0.001909
4.583000,0.001900
4.584000,0.001891
4.585000,0.001882
4.586000,0.001873
4.587000,0.001863
4.588000,0.001854
4.589000,0.001845
4.590000,0.001836
4.591000,0.001827
4.592000,0.001818
4.593000,0.001809
4.594000,0.001800
4.595000,0.001791
4.596000,0.001782
4.597000,0.001773
4.598000,0.001764
4.599000,0.001755
4.600000,0.001746
4.601000,0.001736
4.602000,0.001727
4.603000,0.001718
4.604000,0.001709
4.605000,0.001700
4.606000,0.001691
4.607000,0.001682
4.608000,0.001673
4.609000,0.001664
4.610000,0.001655
4.611000,0.001646
4.612000,0.001637
4.613000,0.001628
4.614000,0.001619
4.615000,0.001610
4.616000,0.001601
4.617000,0.001592
4.618000,0.001583
4.619000,0.001574
4.620000,0.001565
4.621000,0.001557
4.622000,0.001548
4.623000,0.001539
4.624000,0.001530
4.625000,0.001521
4.626000,0.001512
4.627000,0.001503
4.628000,0.001494
4.629000,0.001485
4.630000,0.001477
4.631000,0.001468
4.632000,0.001459
4.633000,0.001450
4.634000,0.001441
4.635000,0.001433
4.636000,0.001424
4.637000,0.001415
4.638000,0.001406
4.639000,0.001398
4.640000,0.001389
4.641000,0.001380
4.642000,0.001371
4.643000,0.001363
4.644000,0.001354
4.645000,0.001345
4.646000,0.001337
4.647000,0.001328
4.648000,0.001320
4.649000,0.001311
4.650000,0.001302
4.651000,0.001294
4.652000,0.001285
4.653000,0.001277
4.654000,0.001268
4.655000,0.001260
4.656000,0.001251
4.657000,0.001243
4.658000,0.001234
4.659000,0.001226
4.660000,0.001217
4.661000,0.001209
4.662000,0.001201
4.663000,0.001192
4.664000,0.001184
4.665000,0.001175
4.666000,0.001167
4.667000,0.001159
4.668000,0.001151
4.669000,0.001142
4.670000,0.001134
4.671000,0.001126
4.672000,0.001118
4.673000,0.001109
4.674000,0.001101
4.675000,0.001093
4.676000,0.001085
4.677000,0.001077
4.678000,0.001069
4.679000,0.001061
4.680000,0.001053
4.681000,0.001044
4.682000,0.001036
4.683000,0.001028
4.684000,0.001020
4.685000,0.001013
4.686000,0.001005
4.687000,0.000997
4.688000,0.000989
4.689000,0.000981
4.690000,0.000973
4.691000,0.000965
4.692000,0.000957
4.693000,0.000950
4.694000,0.000942
4.695000,0.000934
4.696000,0.000926
4.697000,0.000919
4.698000,0.000911
4.699000,0.000903
4.700000,0.000896
4.701000,0.000888
4.702000,0.000880
4.703000,0.000873
4.704000,0.000865
4.705000,0.000858
4.706000,0.000850
4.707000,0.000843
4.708000,0.000835
4.709000,0.000828
4.710000,0.000820
4.711000,0.000813
4.712000,0.000806
4.713000,0.000798
4.714000,0.000791
4.715000,0.000784
4.716000,0.000776
4.717000,0.000769
4.718000,0.000762
4.719000,0.000755
4.720000,0.000747
4.721000,0.000740
4.722000,0.000733
4.723000,0.000726
4.724000,0.000719
4.725000,0.000712
4.726000,0.000705
4.727000,0.000698
4.728000,0.000691
4.729000,0.000684
4.730000,0.000677
4.731000,0.000670
4.732000,0.000663
4.733000,0.000656
4.734000,0.000649
4.735000,0.000642
4.736000,0.000636
4.737000,0.000629
4.738000,0.000622
4.739000,0.000615
4.740000,0.000609
4.741000,0.000602
4.742000,0.000595
4.743000,0.000589
4.744000,0.000582
4.745000,0.000576
4.746000,0.000569
4.747000,0.000563
4.748000,0.000556
4.749000,0.000550
4.750000,0.000543
4.751000,0.000537
4.752000,0.000530
4.753000,0.000524
4.754000,0.000518
4.755000,0.000511
4.756000,0.000505
4.757000,0.000499
4.758000,0.000492
4.759000,0.000486
4.760000,0.000480
4.761000,0.000474
4.762000,0.000468
4.763000,0.000462
4.764000,0.000456
4.765000,0.000450
4.766000,0.000443
4.767000,0.000437
4.768000,0.000432
4.769000,0.000426
4.770000,0.000420
4.771000,0.000414
4.772000,0.000408
4.773000,0.000402
4.774000,0.000396
4.775000,0.000390
4.776000,0.000385
4.777000,0.000379
4.778000,0.000373
4.779000,0.000368
4.780000,0.000362
4.781000,0.000356
4.782000,0.000351
4.783000,0.000345
4.784000,0.000340
4.785000,0.000334
4.786000,0.000329
4.787000,0.000323
4.788000,0.000318
4.789000,0.000312
4.790000,0.000307
4.791000,0.000302
4.792000,0.000296
4.793000,0.000291
4.794000,0.000286
4.795000,0.000281
4.796000,0.000275
4.797000,0.000270
4.798000,0.000265
4.799000,0.000260
4.800000,0.000255
4.801000,0.000250
4.802000,0.000245
4.803000,0.000240
4.804000,0.000235
4.805000,0.000230
4.806000,0.000225
4.807000,0.000220
4.808000,0.000215
4.809000,0.000211
4.810000,0.000206
4.811000,0.000201
4.812000,0.000197
4.813000,0.000192
4.814000,0.000187
4.815000,0.000183
4.816000,0.000178
4.817000,0.000174
4.818000,0.000169
4.819000,0.000165
4.820000,0.000161
4.821000,0.000156
4.822000,0.000152
4.823000,0.000148
4.824000,0.000144
4.825000,0.000140
4.826000,0.000136
4.827000,0.000132
4.828000,0.000128
4.829000,0.000124
4.830000,0.000120
4.831000,0.000116
4.832000,0.000113
4.833000,0.000109
4.834000,0.000106
4.835000,0.000102
4.836000,0.000099
4.837000,0.000096
4.838000,0.000093
4.839000,0.000090
4.840000,0.000087
4.841000,0.000085
4.842000,0.000082
4.843000,0.000080
4.844000,0.000078
4.845000,0.000076
4.846000,0.000074
4.847000,0.000072
4.848000,0.000071
4.849000,0.000070
4.850000,0.000069
4.851000,0.000068
4.852000,0.000067
4.853000,0.000067
4.854000,0.000067
4.855000,0.000067
4.856000,0.000068
4.857000,0.000069
4.858000,0.000069
4.859000,0.000071
4.860000,0.000072
4.861000,0.000073
4.862000,0.000075
4.863000,0.000077
4.864000,0.000078
4.865000,0.000080
4.866000,0.000083
4.867000,0.000085
4.868000,0.000087
4.869000,0.000089
4.870000,0.000092
4.871000,0.000094
4.872000,0.000097
4.873000,0.000099
4.874000,0.000102
4.875000,0.000105
4.876000,0.000107
4.877000,0.000110
4.878000,0.000113
4.879000,0.000116
4.880000,0.000118
4.881000,0.000121
4.882000,0.000124
4.883000,0.000127
4.884000,0.000130
4.885000,0.000133
4.886000,0.000135
4.887000,0.000138
4.888000,0.000141
4.889000,0.000144
4.890000,0.000147
4.891000,0.000150
4.892000,0.000152
4.893000,0.000155
4.894000,0.000158
4.895000,0.000161
4.896000,0.000164
4.897000,0.000166
4.898000,0.000169
4.899000,0.000172
4.900000,0.000175
4.901000,0.000178
4.902000,0.000180
4.903000,0.000183
4.904000,0.000186
4.905000,0.000188
4.906000,0.000191
4.907000,0.000194
4.908000,0.000197
4.909000,0.000199
4.910000,0.000202
4.911000,0.000204
4.912000,0.000207
4.913000,0.000210
4.914000,0.000212
4.915000,0.000215
4.916000,0.000217
4.917000,0.000220
4.918000,0.000223
4.919000,0.000225
4.920000,0.000228
4.921000,0.000230
4.922000,0.000233
4.923000,0.000235
4.924000,0.000237
4.925000,0.000240
4.926000,0.000242
4.927000,0.000245
4.928000,0.000247
4.929000,0.000249
4.930000,0.000252
4.931000,0.000254
4.932000,0.000256
4.933000,0.000259
4.934000,0.000261
4.935000,0.000263
4.936000,0.000266
4.937000,0.000268
4.938000,0.000270
4.939000,0.000272
4.940000,0.000274
4.941000,0.000277
4.942000,0.000279
4.943000,0.000281
4.944000,0.000283
4.945000,0.000285
4.946000,0.000287
4.947000,0.000289
4.948000,0.000292
4.949000,0.000294
4.950000,0.000296
4.951000,0.000298
4.952000,0.000300
4.953000,0.000302
4.954000,0.000304
4.955000,0.000306
4.956000,0.000308
4.957000,0.000310
4.958000,0.000312
4.959000,0.000314
4.960000,0.000315
4.961000,0.000317
4.962000,0.000319
4.963000,0.000321
4.964000,0.000323
4.965000,0.000325
4.966000,0.000327
4.967000,0.000328
4.968000,0.000330
4.969000,0.000332
4.970000,0.000334
4.971000,0.000335
4.972000,0.000337
4.973000,0.000339
4.974000,0.000341
4.975000,0.000342
4.976000,0.000344
4.977000,0.000346
4.978000,0.000347
4.979000,0.000349
4.980000,0.000351
4.981000,0.000352
4.982000,0.000354
4.983000,0.000355
4.984000,0.000357
4.985000,0.000359
4.986000,0.000360
4.987000,0.000362
4.988000,0.000363
4.989000,0.000365
4.990000,0.000366
4.991000,0.000368
4.992000,0.000369
4.993000,0.000371
4.994000,0.000372
4.995000,0.000373
4.996000,0.000375
4.997000,0.000376
4.998000,0.000378
4.999000,0.000379
5.000000,0.000380
5.001000,0.000382
5.002000,0.000383
5.003000,0.000384
5.004000,0.000386
5.005000,0.000387
5.006000,0.000388
5.007000,0.000390
5.008000,0.000391
5.009000,0.000392
5.010000,0.000394
5.011000,0.000395
5.012000,0.000396
5.013000,0.000397
5.014000,0.000398
5.015000,0.000400
5.016000,0.000401
5.017000,0.000402
5.018000,0.000403
5.019000,0.000404
5.020000,0.000405
5.021000,0.000407
5.022000,0.000408
5.023000,0.000409
5.024000,0.000410
5.025000,0.000411
5.026000,0.000412
5.027000,0.000413
5.028000,0.000414
5.029000,0.000415
5.030000,0.000416
5.031000,0.000417
5.032000,0.000418
5.033000,0.000419
5.034000,0.000420
5.035000,0.000421
5.036000,0.000422
5.037000,0.000423
5.038000,0.000424
5.039000,0.000425
5.040000,0.000426
5.041000,0.000427
5.042000,0.000428
5.043000,0.000429
5.044000,0.000430
5.045000,0.000431
5.046000,0.000431
5.047000,0.000432
5.048000,0.000433
5.049000,0.000434
5.050000,0.000435
5.051000,0.000436
5.052000,0.000437
5.053000,0.000437
5.054000,0.000438
5.055000,0.000439
5.056000,0.000440
5.057000,0.000441
5.058000,0.000441
5.059000,0.000442
5.060000,0.000443
5.061000,0.000444
5.062000,0.000444
5.063000,0.000445
5.064000,0.000446
5.065000,0.000446
5.066000,0.000447
5.067000,0.000448
5.068000,0.000449
5.069000,0.000449
5.070000,0.000450
5.071000,0.000451
5.072000,0.000451
5.073000,0.000452
5.074000,0.000452
5.075000,0.000453
5.076000,0.000454
5.077000,0.000454
5.078000,0.000455
5.079000,0.000456
5.080000,0.000456
5.081000,0.000457
5.082000,0.000457
5.083000,0.000458
5.084000,0.000458
5.085000,0.000459
5.086000,0.000459
5.087000,0.000460
5.088000,0.000461
5.089000,0.000461
5.090000,0.000462
5.091000,0.000462
5.092000,0.000463
5.093000,0.000463
5.094000,0.000464
5.095000,0.000464
5.096000,0.000465
5.097000,0.000465
5.098000,0.000465
5.099000,0.000466
5.100000,0.000466
5.101000,0.000467
5.102000,0.000467
5.103000,0.000468
5.104000,0.000468
5.105000,0.000469
5.106000,0.000469
5.107000,0.000469
5.108000,0.000470
5.109000,0.000470
5.110000,0.000471
5.111000,0.000471
5.112000,0.000471
5.113000,0.000472
5.114000,0.000472
5.115000,0.000472
5.116000,0.000473
5.117000,0.000473
5.118000,0.000473
5.119000,0.000474
5.120000,0.000474
5.121000,0.000474
5.122000,0.000475
5.123000,0.000475
5.124000,0.000475
5.125000,0.000476
5.126000,0.000476
5.127000,0.000476
5.128000,0.000477
5.129000,0.000477
5.130000,0.000477
5.131000,0.000477
5.132000,0.000478
5.133000,0.000478
5.134000,0.000478
5.135000,0.000478
5.136000,0.000479
5.137000,0.000479
5.138000,0.000479
5.139000,0.000479
5.140000,0.000480
5.141000,0.000480
5.142000,0.000480
5.143000,0.000480
5.144000,0.000480
5.145000,0.000481
5.146000,0.000481
5.147000,0.000481
5.148000,0.000481
5.149000,0.000481
5.150000,0.000482
5.151000,0.000482
5.152000,0.000482
5.153000,0.000482
5.154000,0.000482
5.155000,0.000482
5.156000,0.000483
5.157000,0.000483
5.158000,0.000483
5.159000,0.000483
5.160000,0.000483
5.161000,0.000483
5.162000,0.000483
5.163000,0.000484
5.164000,0.000484
5.165000,0.000484
5.166000,0.000484
5.167000,0.000484
5.168000,0.000484
5.169000,0.000484
5.170000,0.000484
5.171000,0.000484
5.172000,0.000484
5.173000,0.000485
5.174000,0.000485
5.175000,0.000485
5.176000,0.000485
5.177000,0.000485
5.178000,0.000485
5.179000,0.000485
5.180000,0.000485
5.181000,0.000485
5.182000,0.000485
5.183000,0.000485
5.184000,0.000485
5.185000,0.000485
5.186000,0.000485
5.187000,0.000485
5.188000,0.000486
5.189000,0.000486
5.190000,0.000486
5.191000,0.000486
5.192000,0.000486
5.193000,0.000486
5.194000,