time,arm_x_y_error
0.613000,0.000050
0.614000,0.000051
0.615000,0.000051
0.616000,0.000051
0.617000,0.000051
0.618000,0.000052
0.619000,0.000052
0.620000,0.000052
0.621000,0.000052
0.622000,0.000052
0.623000,0.000053
0.624000,0.000053
0.625000,0.000053
0.626000,0.000053
0.627000,0.000053
0.628000,0.000054
0.629000,0.000054
0.630000,0.000054
0.631000,0.000054
0.632000,0.000055
0.633000,0.000055
0.634000,0.000055
0.635000,0.000055
0.636000,0.000055
0.637000,0.000056
0.638000,0.000056
0.639000,0.000056
0.640000,0.000056
0.641000,0.000056
0.642000,0.000057
0.643000,0.000057
0.644000,0.000057
0.645000,0.000057
0.646000,0.000057
0.647000,0.000058
0.648000,0.000058
0.649000,0.000058
0.650000,0.000058
0.651000,0.000058
0.652000,0.000059
0.653000,0.000059
0.654000,0.000059
0.655000,0.000059
0.656000,0.000059
0.657000,0.000060
0.658000,0.000060
0.659000,0.000060
0.660000,0.000060
0.661000,0.000060
0.662000,0.000060
0.663000,0.000061
0.664000,0.000061
0.665000,0.000061
0.666000,0.000061
0.667000,0.000061
0.668000,0.000062
0.669000,0.000062
0.670000,0.000062
0.671000,0.000062
0.672000,0.000062
0.673000,0.000062
0.674000,0.000063
0.675000,0.000063
0.676000,0.000063
0.677000,0.000063
0.678000,0.000063
0.679000,0.000063
0.680000,0.000064
0.681000,0.000064
0.682000,0.000064
0.683000,0.000064
0.684000,0.000064
0.685000,0.000064
0.686000,0.000065
0.687000,0.000065
0.688000,0.000065
0.689000,0.000065
0.690000,0.000065
0.691000,0.000065
0.692000,0.000066
0.693000,0.000066
0.694000,0.000066
0.695000,0.000066
0.696000,0.000066
0.697000,0.000066
0.698000,0.000067
0.699000,0.000067
0.700000,0.000067
0.701000,0.000067
0.702000,0.000067
0.703000,0.000067
0.704000,0.000067
0.705000,0.000068
0.706000,0.000068
0.707000,0.000068
0.708000,0.000068
0.709000,0.000068
0.710000,0.000068
0.711000,0.000068
0.712000,0.000069
0.713000,0.000069
0.714000,0.000069
0.715000,0.000069
0.716000,0.000069
0.717000,0.000069
0.718000,0.000069
0.719000,0.000070
0.720000,0.000070
0.721000,0.000070
0.722000,0.000070
0.723000,0.000070
0.724000,0.000070
0.725000,0.000070
0.726000,0.000071
0.727000,0.000071
0.728000,0.000071
0.729000,0.000071
0.730000,0.000071
0.731000,0.000071
0.732000,0.000071
0.733000,0.000071
0.734000,0.000072
0.735000,0.000072
0.736000,0.000072
0.737000,0.000072
0.738000,0.000072
0.739000,0.000072
0.740000,0.000072
0.741000,0.000072
0.742000,0.000073
0.743000,0.000073
0.744000,0.000073
0.745000,0.000073
0.746000,0.000073
0.747000,0.000073
0.748000,0.000073
0.749000,0.000073
0.750000,0.000073
0.751000,0.000074
0.752000,0.000074
0.753000,0.000074
0.754000,0.000074
0.755000,0.000074
0.756000,0.000074
0.757000,0.000074
0.758000,0.000074
0.759000,0.000074
0.760000,0.000075
0.761000,0.000075
0.762000,0.000075
0.763000,0.000075
0.764000,0.000075
0.765000,0.000075
0.766000,0.000075
0.767000,0.000075
0.768000,0.000075
0.769000,0.000076
0.770000,0.000076
0.771000,0.000076
0.772000,0.000076
0.773000,0.000076
0.774000,0.000076
0.775000,0.000076
0.776000,0.000076
0.777000,0.000076
0.778000,0.000076
0.779000,0.000077
0.780000,0.000077
0.781000,0.000077
0.782000,0.000077
0.783000,0.000077
0.784000,0.000077
0.785000,0.000077
0.786000,0.000077
0.787000,0.000077
0.788000,0.000077
0.789000,0.000078
0.790000,0.000078
0.791000,0.000078
0.792000,0.000078
0.793000,0.000078
0.794000,0.000078
0.795000,0.000078
0.796000,0.000078
0.797000,0.000078
0.798000,0.000078
0.799000,0.000078
0.800000,0.000078
0.801000,0.000079
0.802000,0.000079
0.803000,0.000079
0.804000,0.000079
0.805000,0.000079
0.806000,0.000079
0.807000,0.000079
0.808000,0.000079
0.809000,0.000079
0.810000,0.000079
0.811000,0.000079
0.812000,0.000080
0.813000,0.000080
0.814000,0.000080
0.815000,0.000080
0.816000,0.000080
0.817000,0.000080
0.818000,0.000080
0.819000,0.000080
0.820000,0.000080
0.821000,0.000080
0.822000,0.000080
0.823000,0.000080
0.824000,0.000080
0.825000,0.000081
0.826000,0.000081
0.827000,0.000081
0.828000,0.000081
0.829000,0.000081
0.830000,0.000081
0.831000,0.000081
0.832000,0.000081
0.833000,0.000081
0.834000,0.000081
0.835000,0.000081
0.836000,0.000081
0.837000,0.000081
0.838000,0.000081
0.839000,0.000082
0.840000,0.000082
0.841000,0.000082
0.842000,0.000082
0.843000,0.000082
0.844000,0.000082
0.845000,0.000082
0.846000,0.000082
0.847000,0.000082
0.848000,0.000082
0.849000,0.000082
0.850000,0.000082
0.851000,0.000082
0.852000,0.000082
0.853000,0.000082
0.854000,0.000083
0.855000,0.000083
0.856000,0.000083
0.857000,0.000083
0.858000,0.000083
0.859000,0.000083
0.860000,0.000083
0.861000,0.000083
0.862000,0.000083
0.863000,0.000083
0.864000,0.000083
0.865000,0.000083
0.866000,0.000083
0.867000,0.000083
0.868000,0.000083
0.869000,0.000083
0.870000,0.000084
0.871000,0.000084
0.872000,0.000084
0.873000,0.000084
0.874000,0.000084
0.875000,0.000084
0.876000,0.000084
0.877000,0.000084
0.878000,0.000084
0.879000,0.000084
0.880000,0.000084
0.881000,0.000084
0.882000,0.000084
0.883000,0.000084
0.884000,0.000084
0.885000,0.000084
0.886000,0.000084
0.887000,0.000084
0.888000,0.000084
0.889000,0.000085
0.890000,0.000085
0.891000,0.000085
0.892000,0.000085
0.893000,0.000085
0.894000,0.000085
0.895000,0.000085
0.896000,0.000085
0.897000,0.000085
0.898000,0.000085
0.899000,0.000085
0.900000,0.000085
0.901000,0.000085
0.902000,0.000085
0.903000,0.000085
0.904000,0.000085
0.905000,0.000085
0.906000,0.000085
0.907000,0.000085
0.908000,0.000085
0.909000,0.000086
0.910000,0.000086
0.911000,0.000086
0.912000,0.000086
0.913000,0.000086
0.914000,0.000086
0.915000,0.000086
0.916000,0.000086
0.917000,0.000086
0.918000,0.000086
0.919000,0.000086
0.920000,0.000086
0.921000,0.000086
0.922000,0.000086
0.923000,0.000086
0.924000,0.000086
0.925000,0.000086
0.926000,0.000086
0.927000,0.000086
0.928000,0.000086
0.929000,0.000086
0.930000,0.000086
0.931000,0.000086
0.932000,0.000087
0.933000,0.000087
0.934000,0.000087
0.935000,0.000087
0.936000,0.000087
0.937000,0.000087
0.938000,0.000087
0.939000,0.000087
0.940000,0.000087
0.941000,0.000087
0.942000,0.000087
0.943000,0.000087
0.944000,0.000087
0.945000,0.000087
0.946000,0.000087
0.947000,0.000087
0.948000,0.000087
0.949000,0.000087
0.950000,0.000087
0.951000,0.000087
0.952000,0.000087
0.953000,0.000087
0.954000,0.000087
0.955000,0.000087
0.956000,0.000087
0.957000,0.000087
0.958000,0.000088
0.959000,0.000088
0.960000,0.000088
0.961000,0.000088
0.962000,0.000088
0.963000,0.000088
0.964000,0.000088
0.965000,0.000088
0.966000,0.000088
0.967000,0.000088
0.968000,0.000088
0.969000,0.000088
0.970000,0.000088
0.971000,0.000088
0.972000,0.000088
0.973000,0.000088
0.974000,0.000088
0.975000,0.000088
0.976000,0.000088
0.977000,0.000088
0.978000,0.000088
0.979000,0.000088
0.980000,0.000088
0.981000,0.000088
0.982000,0.000088
0.983000,0.000088
0.984000,0.000088
0.985000,0.000088
0.986000,0.000088
0.987000,0.000088
0.988000,0.000088
0.989000,0.000088
0.990000,0.000089
0.991000,0.000089
0.992000,0.000089
0.993000,0.000089
0.994000,0.000089
0.995000,0.000089
0.996000,0.000089
0.997000,0.000089
0.998000,0.000089
0.999000,0.000089
1.000000,0.000089
1.001000,0.000089
1.002000,0.000089
1.003000,0.000089
1.004000,0.000089
1.005000,0.000089
1.006000,0.000089
1.007000,0.000089
1.008000,0.000089
1.009000,0.000089
1.010000,0.000089
1.011000,0.000089
1.012000,0.000089
1.013000,0.000089
1.014000,0.000089
1.015000,0.000089
1.016000,0.000089
1.017000,0.000089
1.018000,0.000089
1.019000,0.000089
1.020000,0.836764
1.021000,0.836639
1.022000,0.836341
1.023000,0.835982
1.024000,0.835605
1.025000,0.835227
1.026000,0.834851
1.027000,0.834478
1.028000,0.834107
1.029000,0.833735
1.030000,0.833361
1.031000,0.832981
1.032000,0.832595
1.033000,0.832200
1.034000,0.831795
1.035000,0.831378
1.036000,0.830949
1.037000,0.830506
1.038000,0.830049
1.039000,0.829575
1.040000,0.829085
1.041000,0.828577
1.042000,0.828052
1.043000,0.827507
1.044000,0.826944
1.045000,0.826361
1.046000,0.825757
1.047000,0.825133
1.048000,0.824488
1.049000,0.823822
1.050000,0.823135
1.051000,0.822426
1.052000,0.821695
1.053000,0.820943
1.054000,0.820168
1.055000,0.819371
1.056000,0.818552
1.057000,0.817711
1.058000,0.816848
1.059000,0.815962
1.060000,0.815055
1.061000,0.814125
1.062000,0.813174
1.063000,0.812201
1.064000,0.811206
1.065000,0.810189
1.066000,0.809151
1.067000,0.808092
1.068000,0.807012
1.069000,0.805910
1.070000,0.804788
1.071000,0.803646
1.072000,0.802483
1.073000,0.801300
1.074000,0.800098
1.075000,0.798875
1.076000,0.797633
1.077000,0.796373
1.078000,0.795093
1.079000,0.793794
1.080000,0.792477
1.081000,0.791142
1.082000,0.789789
1.083000,0.788418
1.084000,0.787030
1.085000,0.785624
1.086000,0.784202
1.087000,0.782763
1.088000,0.781308
1.089000,0.779836
1.090000,0.778349
1.091000,0.776846
1.092000,0.775328
1.093000,0.773794
1.094000,0.772246
1.095000,0.770683
1.096000,0.769106
1.097000,0.767515
1.098000,0.765909
1.099000,0.764291
1.100000,0.762659
1.101000,0.761013
1.102000,0.759355
1.103000,0.757684
1.104000,0.756001
1.105000,0.754306
1.106000,0.752598
1.107000,0.750879
1.108000,0.749149
1.109000,0.747407
1.110000,0.745654
1.111000,0.743890
1.112000,0.742116
1.113000,0.740331
1.114000,0.738536
1.115000,0.736732
1.116000,0.734917
1.117000,0.733093
1.118000,0.731259
1.119000,0.729417
1.120000,0.727565
1.121000,0.725704
1.122000,0.723835
1.123000,0.721958
1.124000,0.720072
1.125000,0.718179
1.126000,0.716277
1.127000,0.714368
1.128000,0.712451
1.129000,0.710527
1.130000,0.708596
1.131000,0.706658
1.132000,0.704713
1.133000,0.702761
1.134000,0.700803
1.135000,0.698839
1.136000,0.696868
1.137000,0.694892
1.138000,0.692910
1.139000,0.690921
1.140000,0.688928
1.141000,0.686929
1.142000,0.684925
1.143000,0.682915
1.144000,0.680901
1.145000,0.678882
1.146000,0.676858
1.147000,0.674830
1.148000,0.672797
1.149000,0.670760
1.150000,0.668718
1.151000,0.666673
1.152000,0.664624
1.153000,0.662571
1.154000,0.660515
1.155000,0.658455
1.156000,0.656391
1.157000,0.654324
1.158000,0.652254
1.159000,0.650181
1.160000,0.648106
1.161000,0.646027
1.162000,0.643945
1.163000,0.641861
1.164000,0.639775
1.165000,0.637686
1.166000,0.635595
1.167000,0.633502
1.168000,0.631406
1.169000,0.629309
1.170000,0.627210
1.171000,0.625109
1.172000,0.623006
1.173000,0.620902
1.174000,0.618796
1.175000,0.616689
1.176000,0.614581
1.177000,0.612472
1.178000,0.610361
1.179000,0.608250
1.180000,0.606137
1.181000,0.604024
1.182000,0.601910
1.183000,0.599795
1.184000,0.597680
1.185000,0.595564
1.186000,0.593448
1.187000,0.591331
1.188000,0.589215
1.189000,0.587098
1.190000,0.584981
1.191000,0.582864
1.192000,0.580747
1.193000,0.578630
1.194000,0.576514
1.195000,0.574398
1.196000,0.572282
1.197000,0.570166
1.198000,0.568052
1.199000,0.565937
1.200000,0.563824
1.201000,0.561711
1.202000,0.559599
1.203000,0.557488
1.204000,0.555378
1.205000,0.553269
1.206000,0.551160
1.207000,0.549053
1.208000,0.546948
1.209000,0.544843
1.210000,0.542740
1.211000,0.540638
1.212000,0.538538
1.213000,0.536439
1.214000,0.534342
1.215000,0.532246
1.216000,0.530153
1.217000,0.528060
1.218000,0.525970
1.219000,0.523882
1.220000,0.521795
1.221000,0.519711
1.222000,0.517628
1.223000,0.515548
1.224000,0.513470
1.225000,0.511394
1.226000,0.509320
1.227000,0.507248
1.228000,0.505179
1.229000,0.503113
1.230000,0.501048
1.231000,0.498987
1.232000,0.496928
1.233000,0.494871
1.234000,0.492817
1.235000,0.490766
1.236000,0.488718
1.237000,0.486672
1.238000,0.484630
1.239000,0.482590
1.240000,0.480553
1.241000,0.478519
1.242000,0.476488
1.243000,0.474461
1.244000,0.472436
1.245000,0.470415
1.246000,0.468396
1.247000,0.466381
1.248000,0.464370
1.249000,0.462361
1.250000,0.460357
1.251000,0.458355
1.252000,0.456357
1.253000,0.454362
1.254000,0.452371
1.255000,0.450384
1.256000,0.448400
1.257000,0.446420
1.258000,0.444443
1.259000,0.442471
1.260000,0.440502
1.261000,0.438536
1.262000,0.436575
1.263000,0.434618
1.264000,0.432664
1.265000,0.430714
1.266000,0.428769
1.267000,0.426827
1.268000,0.424889
1.269000,0.422956
1.270000,0.421026
1.271000,0.419101
1.272000,0.417180
1.273000,0.415263
1.274000,0.413350
1.275000,0.411442
1.276000,0.409538
1.277000,0.407638
1.278000,0.405743
1.279000,0.403852
1.280000,0.401965
1.281000,0.400083
1.282000,0.398205
1.283000,0.396332
1.284000,0.394463
1.285000,0.392599
1.286000,0.390739
1.287000,0.388885
1.288000,0.387034
1.289000,0.385188
1.290000,0.383347
1.291000,0.381511
1.292000,0.379680
1.293000,0.377853
1.294000,0.376031
1.295000,0.374213
1.296000,0.372401
1.297000,0.370593
1.298000,0.368791
1.299000,0.366993
1.300000,0.365200
1.301000,0.363412
1.302000,0.361629
1.303000,0.359851
1.304000,0.358077
1.305000,0.356309
1.306000,0.354546
1.307000,0.352788
1.308000,0.351035
1.309000,0.349287
1.310000,0.347545
1.311000,0.345807
1.312000,0.344074
1.313000,0.342347
1.314000,0.340625
1.315000,0.338908
1.316000,0.337196
1.317000,0.335490
1.318000,0.333788
1.319000,0.332092
1.320000,0.330401
1.321000,0.328716
1.322000,0.327036
1.323000,0.325361
1.324000,0.323691
1.325000,0.322027
1.326000,0.320368
1.327000,0.318714
1.328000,0.317066
1.329000,0.315423
1.330000,0.313786
1.331000,0.312154
1.332000,0.310527
1.333000,0.308906
1.334000,0.307290
1.335000,0.305680
1.336000,0.304075
1.337000,0.302476
1.338000,0.300882
1.339000,0.299294
1.340000,0.297711
1.341000,0.296134
1.342000,0.294562
1.343000,0.292996
1.344000,0.291435
1.345000,0.289880
1.346000,0.288330
1.347000,0.286786
1.348000,0.285247
1.349000,0.283714
1.350000,0.282187
1.351000,0.280665
1.352000,0.279149
1.353000,0.277638
1.354000,0.276133
1.355000,0.274634
1.356000,0.273140
1.357000,0.271652
1.358000,0.270169
1.359000,0.268692
1.360000,0.267221
1.361000,0.265755
1.362000,0.264295
1.363000,0.262840
1.364000,0.261392
1.365000,0.259948
1.366000,0.258511
1.367000,0.257079
1.368000,0.255652
1.369000,0.254232
1.370000,0.252817
1.371000,0.251407
1.372000,0.250004
1.373000,0.248606
1.374000,0.247213
1.375000,0.245826
1.376000,0.244445
1.377000,0.243070
1.378000,0.241700
1.379000,0.240336
1.380000,0.238977
1.381000,0.237624
1.382000,0.236277
1.383000,0.234935
1.384000,0.233599
1.385000,0.232269
1.386000,0.230944
1.387000,0.229625
1.388000,0.228311
1.389000,0.227003
1.390000,0.225701
1.391000,0.224404
1.392000,0.223113
1.393000,0.221828
1.394000,0.220548
1.395000,0.219274
1.396000,0.218005
1.397000,0.216742
1.398000,0.215485
1.399000,0.214233
1.400000,0.212986
1.401000,0.211746
1.402000,0.210510
1.403000,0.209281
1.404000,0.208057
1.405000,0.206838
1.406000,0.205625
1.407000,0.204418
1.408000,0.203216
1.409000,0.202019
1.410000,0.200828
1.411000,0.199643
1.412000,0.198463
1.413000,0.197289
1.414000,0.196120
1.415000,0.194956
1.416000,0.193798
1.417000,0.192646
1.418000,0.191498
1.419000,0.190357
1.420000,0.189221
1.421000,0.188090
1.422000,0.186964
1.423000,0.185844
1.424000,0.184730
1.425000,0.183620
1.426000,0.182517
1.427000,0.181418
1.428000,0.180325
1.429000,0.179237
1.430000,0.178155
1.431000,0.177078
1.432000,0.176006
1.433000,0.174939
1.434000,0.173878
1.435000,0.172822
1.436000,0.171771
1.437000,0.170726
1.438000,0.169686
1.439000,0.168651
1.440000,0.167621
1.441000,0.166597
1.442000,0.165578
1.443000,0.164563
1.444000,0.163554
1.445000,0.162551
1.446000,0.161552
1.447000,0.160559
1.448000,0.159570
1.449000,0.158587
1.450000,0.157609
1.451000,0.156636
1.452000,0.155668
1.453000,0.154705
1.454000,0.153747
1.455000,0.152794
1.456000,0.151847
1.457000,0.150904
1.458000,0.149966
1.459000,0.149033
1.460000,0.148105
1.461000,0.147183
1.462000,0.146265
1.463000,0.145352
1.464000,0.144443
1.465000,0.143540
1.466000,0.142642
1.467000,0.141749
1.468000,0.140860
1.469000,0.139976
1.470000,0.139097
1.471000,0.138223
1.472000,0.137354
1.473000,0.136489
1.474000,0.135629
1.475000,0.134774
1.476000,0.133924
1.477000,0.133079
1.478000,0.132238
1.479000,0.131402
1.480000,0.130570
1.481000,0.129743
1.482000,0.128921
1.483000,0.128104
1.484000,0.127291
1.485000,0.126482
1.486000,0.125678
1.487000,0.124879
1.488000,0.124085
1.489000,0.123294
1.490000,0.122509
1.491000,0.121728
1.492000,0.120951
1.493000,0.120179
1.494000,0.119411
1.495000,0.118648
1.496000,0.117889
1.497000,0.117135
1.498000,0.116385
1.499000,0.115639
1.500000,0.114898
1.501000,0.114161
1.502000,0.113428
1.503000,0.112700
1.504000,0.111976
1.505000,0.111256
1.506000,0.110540
1.507000,0.109829
1.508000,0.109122
1.509000,0.108419
1.510000,0.107720
1.511000,0.107026
1.512000,0.106335
1.513000,0.105649
1.514000,0.104967
1.515000,0.104289
1.516000,0.103615
1.517000,0.102945
1.518000,0.102280
1.519000,0.101618
1.520000,0.100960
1.521000,0.100306
1.522000,0.099657
1.523000,0.099011
1.524000,0.098369
1.525000,0.097731
1.526000,0.097097
1.527000,0.096467
1.528000,0.095841
1.529000,0.095219
1.530000,0.094600
1.531000,0.093986
1.532000,0.093375
1.533000,0.092768
1.534000,0.092164
1.535000,0.091565
1.536000,0.090969
1.537000,0.090377
1.538000,0.089789
1.539000,0.089204
1.540000,0.088623
1.541000,0.088046
1.542000,0.087472
1.543000,0.086902
1.544000,0.086336
1.545000,0.085773
1.546000,0.085214
1.547000,0.084658
1.548000,0.084106
1.549000,0.083558
1.550000,0.083012
1.551000,0.082471
1.552000,0.081933
1.553000,0.081398
1.554000,0.080867
1.555000,0.080339
1.556000,0.079814
1.557000,0.079293
1.558000,0.078776
1.559000,0.078261
1.560000,0.077750
1.561000,0.077243
1.562000,0.076738
1.563000,0.076237
1.564000,0.075739
1.565000,0.075245
1.566000,0.074753
1.567000,0.074265
1.568000,0.073780
1.569000,0.073299
1.570000,0.072820
1.571000,0.072345
1.572000,0.071872
1.573000,0.071403
1.574000,0.070937
1.575000,0.070474
1.576000,0.070014
1.577000,0.069557
1.578000,0.069103
1.579000,0.068653
1.580000,0.068205
1.581000,0.067760
1.582000,0.067318
1.583000,0.066879
1.584000,0.066443
1.585000,0.066010
1.586000,0.065580
1.587000,0.065153
1.588000,0.064728
1.589000,0.064307
1.590000,0.063888
1.591000,0.063472
1.592000,0.063059
1.593000,0.062649
1.594000,0.062241
1.595000,0.061837
1.596000,0.061435
1.597000,0.061035
1.598000,0.060639
1.599000,0.060245
1.600000,0.059854
1.601000,0.059465
1.602000,0.059079
1.603000,0.058696
1.604000,0.058315
1.605000,0.057937
1.606000,0.057562
1.607000,0.057189
1.608000,0.056819
1.609000,0.056451
1.610000,0.056086
1.611000,0.055723
1.612000,0.055363
1.613000,0.055005
1.614000,0.054650
1.615000,0.054297
1.616000,0.053946
1.617000,0.053598
1.618000,0.053253
1.619000,0.052910
1.620000,0.052569
1.621000,0.052230
1.622000,0.051894
1.623000,0.051561
1.624000,0.051229
1.625000,0.050900
1.626000,0.050573
1.627000,0.050248
1.628000,0.049926
1.629000,0.049606
1.630000,0.049288
1.631000,0.048973
1.632000,0.048659
1.633000,0.048348
1.634000,0.048039
1.635000,0.047732
1.636000,0.047427
1.637000,0.047125
1.638000,0.046824
1.639000,0.046526
1.640000,0.046229
1.641000,0.045935
1.642000,0.045643
1.643000,0.045353
1.644000,0.045065
1.645000,0.044779
1.646000,0.044495
1.647000,0.044213
1.648000,0.043933
1.649000,0.043654
1.650000,0.043378
1.651000,0.043104
1.652000,0.042832
1.653000,0.042562
1.654000,0.042293
1.655000,0.042027
1.656000,0.041762
1.657000,0.041499
1.658000,0.041238
1.659000,0.040979
1.660000,0.040722
1.661000,0.040467
1.662000,0.040213
1.663000,0.039961
1.664000,0.039711
1.665000,0.039463
1.666000,0.039216
1.667000,0.038971
1.668000,0.038728
1.669000,0.038487
1.670000,0.038248
1.671000,0.038010
1.672000,0.037773
1.673000,0.037539
1.674000,0.037306
1.675000,0.037075
1.676000,0.036845
1.677000,0.036617
1.678000,0.036391
1.679000,0.036166
1.680000,0.035943
1.681000,0.035721
1.682000,0.035501
1.683000,0.035283
1.684000,0.035066
1.685000,0.034850
1.686000,0.034637
1.687000,0.034424
1.688000,0.034213
1.689000,0.034004
1.690000,0.033796
1.691000,0.033590
1.692000,0.033385
1.693000,0.033182
1.694000,0.032980
1.695000,0.032779
1.696000,0.032580
1.697000,0.032382
1.698000,0.032186
1.699000,0.031991
1.700000,0.031797
1.701000,0.031605
1.702000,0.031414
1.703000,0.031224
1.704000,0.031036
1.705000,0.030849
1.706000,0.030664
1.707000,0.030480
1.708000,0.030297
1.709000,0.030115
1.710000,0.029935
1.711000,0.029756
1.712000,0.029578
1.713000,0.029401
1.714000,0.029226
1.715000,0.029052
1.716000,0.028879
1.717000,0.028707
1.718000,0.028537
1.719000,0.028368
1.720000,0.028200
1.721000,0.028033
1.722000,0.027867
1.723000,0.027703
1.724000,0.027539
1.725000,0.027377
1.726000,0.027216
1.727000,0.027056
1.728000,0.026897
1.729000,0.026739
1.730000,0.026583
1.731000,0.026427
1.732000,0.026273
1.733000,0.026119
1.734000,0.025967
1.735000,0.025816
1.736000,0.025665
1.737000,0.025516
1.738000,0.025368
1.739000,0.025221
1.740000,0.025075
1.741000,0.024930
1.742000,0.024786
1.743000,0.024643
1.744000,0.024501
1.745000,0.024360
1.746000,0.024220
1.747000,0.024081
1.748000,0.023942
1.749000,0.023805
1.750000,0.023669
1.751000,0.023533
1.752000,0.023399
1.753000,0.023266
1.754000,0.023133
1.755000,0.023001
1.756000,0.022871
1.757000,0.022741
1.758000,0.022612
1.759000,0.022484
1.760000,0.022357
1.761000,0.022230
1.762000,0.022105
1.763000,0.021980
1.764000,0.021856
1.765000,0.021733
1.766000,0.021611
1.767000,0.021490
1.768000,0.021370
1.769000,0.021250
1.770000,0.021131
1.771000,0.021013
1.772000,0.020896
1.773000,0.020780
1.774000,0.020664
1.775000,0.020549
1.776000,0.020435
1.777000,0.020322
1.778000,0.020209
1.779000,0.020097
1.780000,0.019986
1.781000,0.019876
1.782000,0.019766
1.783000,0.019658
1.784000,0.019549
1.785000,0.019442
1.786000,0.019335
1.787000,0.019229
1.788000,0.019124
1.789000,0.019020
1.790000,0.018916
1.791000,0.018813
1.792000,0.018710
1.793000,0.018608
1.794000,0.018507
1.795000,0.018407
1.796000,0.018307
1.797000,0.018208
1.798000,0.018109
1.799000,0.018011
1.800000,0.017914
1.801000,0.017818
1.802000,0.017722
1.803000,0.017626
1.804000,0.017532
1.805000,0.017437
1.806000,0.017344
1.807000,0.017251
1.808000,0.017159
1.809000,0.017067
1.810000,0.016976
1.811000,0.016886
1.812000,0.016796
1.813000,0.016706
1.814000,0.016618
1.815000,0.016530
1.816000,0.016442
1.817000,0.016355
1.818000,0.016268
1.819000,0.016183
1.820000,0.016097
1.821000,0.016012
1.822000,0.015928
1.823000,0.015844
1.824000,0.015761
1.825000,0.015678
1.826000,0.015596
1.827000,0.015515
1.828000,0.015433
1.829000,0.015353
1.830000,0.015273
1.831000,0.015193
1.832000,0.015114
1.833000,0.015035
1.834000,0.014957
1.835000,0.014880
1.836000,0.014803
1.837000,0.014726
1.838000,0.014650
1.839000,0.014574
1.840000,0.014499
1.841000,0.014424
1.842000,0.014350
1.843000,0.014276
1.844000,0.014203
1.845000,0.014130
1.846000,0.014057
1.847000,0.013985
1.848000,0.013914
1.849000,0.013843
1.850000,0.013772
1.851000,0.013702
1.852000,0.013632
1.853000,0.013562
1.854000,0.013493
1.855000,0.013425
1.856000,0.013357
1.857000,0.013289
1.858000,0.013222
1.859000,0.013155
1.860000,0.013088
1.861000,0.013022
1.862000,0.012956
1.863000,0.012891
1.864000,0.012826
1.865000,0.012762
1.866000,0.012698
1.867000,0.012634
1.868000,0.012571
1.869000,0.012508
1.870000,0.012445
1.871000,0.012383
1.872000,0.012321
1.873000,0.012259
1.874000,0.012198
1.875000,0.012137
1.876000,0.012077
1.877000,0.012017
1.878000,0.011957
1.879000,0.011898
1.880000,0.011839
1.881000,0.011780
1.882000,0.011722
1.883000,0.011664
1.884000,0.011606
1.885000,0.011549
1.886000,0.011492
1.887000,0.011436
1.888000,0.011379
1.889000,0.011323
1.890000,0.011268
1.891000,0.011212
1.892000,0.011157
1.893000,0.011103
1.894000,0.011048
1.895000,0.010994
1.896000,0.010941
1.897000,0.010887
1.898000,0.010834
1.899000,0.010781
1.900000,0.010729
1.901000,0.010677
1.902000,0.010625
1.903000,0.010573
1.904000,0.010522
1.905000,0.010471
1.906000,0.010420
1.907000,0.010370
1.908000,0.010319
1.909000,0.010270
1.910000,0.010220
1.911000,0.010171
1.912000,0.010122
1.913000,0.010073
1.914000,0.010024
1.915000,0.009976
1.916000,0.009928
1.917000,0.009881
1.918000,0.009833
1.919000,0.009786
1.920000,0.009739
1.921000,0.009693
1.922000,0.009646
1.923000,0.009600
1.924000,0.009554
1.925000,0.009509
1.926000,0.009463
1.927000,0.009418
1.928000,0.009373
1.929000,0.009329
1.930000,0.009284
1.931000,0.009240
1.932000,0.009196
1.933000,0.009153
1.934000,0.009109
1.935000,0.009066
1.936000,0.009023
1.937000,0.008981
1.938000,0.008938
1.939000,0.008896
1.940000,0.008854
1.941000,0.008812
1.942000,0.008771
1.943000,0.008729
1.944000,0.008688
1.945000,0.008648
1.946000,0.008607
1.947000,0.008566
1.948000,0.008526
1.949000,0.008486
1.950000,0.008446
1.951000,0.008407
1.952000,0.008368
1.953000,0.008328
1.954000,0.008289
1.955000,0.008251
1.956000,0.008212
1.957000,0.008174
1.958000,0.008136
1.959000,0.008098
1.960000,0.008060
1.961000,0.008023
1.962000,0.007985
1.963000,0.007948
1.964000,0.007911
1.965000,0.007874
1.966000,0.007838
1.967000,0.007802
1.968000,0.007765
1.969000,0.007729
1.970000,0.007694
1.971000,0.007658
1.972000,0.007623
1.973000,0.007587
1.974000,0.007552
1.975000,0.007517
1.976000,0.007483
1.977000,0.007448
1.978000,0.007414
1.979000,0.007380
1.980000,0.007346
1.981000,0.007312
1.982000,0.007278
1.983000,0.007245
1.984000,0.007212
1.985000,0.007178
1.986000,0.007146
1.987000,0.007113
1.988000,0.007080
1.989000,0.007048
1.990000,0.007015
1.991000,0.006983
1.992000,0.006951
1.993000,0.006920
1.994000,0.006888
1.995000,0.006856
1.996000,0.006825
1.997000,0.006794
1.998000,0.006763
1.999000,0.006732
2.000000,0.006701
2.001000,0.006671
2.002000,0.006641
2.003000,0.006610
2.004000,0.006580
2.005000,0.006550
2.006000,0.006521
2.007000,0.006491
2.008000,0.006461
2.009000,0.006432
2.010000,0.006403
2.011000,0.006374
2.012000,0.006345
2.013000,0.006316
2.014000,0.006288
2.015000,0.006259
2.016000,0.006231
2.017000,0.006203
2.018000,0.006175
2.019000,0.006147
2.020000,0.006119
2.021000,0.006091
2.022000,0.006064
2.023000,0.006036
2.024000,0.006009
2.025000,0.005982
2.026000,0.005955
2.027000,0.005928
2.028000,0.005902
2.029000,0.005875
2.030000,0.005849
2.031000,0.005822
2.032000,0.005796
2.033000,0.005770
2.034000,0.005744
2.035000,0.005718
2.036000,0.005692
2.037000,0.005667
2.038000,0.005641
2.039000,0.005616
2.040000,0.005591
2.041000,0.005566
2.042000,0.005541
2.043000,0.005516
2.044000,0.005491
2.045000,0.005467
2.046000,0.005442
2.047000,0.005418
2.048000,0.005394
2.049000,0.005370
2.050000,0.005346
2.051000,0.005322
2.052000,0.005298
2.053000,0.005274
2.054000,0.005251
2.055000,0.005227
2.056000,0.005204
2.057000,0.005181
2.058000,0.005157
2.059000,0.005134
2.060000,0.005112
2.061000,0.005089
2.062000,0.005066
2.063000,0.005043
2.064000,0.005021
2.065000,0.004999
2.066000,0.004976
2.067000,0.004954
2.068000,0.004932
2.069000,0.004910
2.070000,0.004888
2.071000,0.004867
2.072000,0.004845
2.073000,0.004823
2.074000,0.004802
2.075000,0.004781
2.076000,0.004759
2.077000,0.004738
2.078000,0.004717
2.079000,0.004696
2.080000,0.004675
2.081000,0.004655
2.082000,0.004634
2.083000,0.004613
2.084000,0.004593
2.085000,0.004573
2.086000,0.004552
2.087000,0.004532
2.088000,0.004512
2.089000,0.004492
2.090000,0.004472
2.091000,0.004452
2.092000,0.004433
2.093000,0.004413
2.094000,0.004393
2.095000,0.004374
2.096000,0.004355
2.097000,0.004335
2.098000,0.004316
2.099000,0.004297
2.100000,0.004278
2.101000,0.004259
2.102000,0.004240
2.103000,0.004222
2.104000,0.004203
2.105000,0.004184
2.106000,0.004166
2.107000,0.004147
2.108000,0.004129
2.109000,0.004111
2.110000,0.004093
2.111000,0.004075
2.112000,0.004057
2.113000,0.004039
2.114000,0.004021
2.115000,0.004003
2.116000,0.003986
2.117000,0.003968
2.118000,0.003950
2.119000,0.003933
2.120000,0.003916
2.121000,0.003898
2.122000,0.003881
2.123000,0.003864
2.124000,0.003847
2.125000,0.003830
2.126000,0.003813
2.127000,0.003796
2.128000,0.003780
2.129000,0.003763
2.130000,0.003746
2.131000,0.003730
2.132000,0.003714
2.133000,0.003697
2.134000,0.003681
2.135000,0.003665
2.136000,0.003649
2.137000,0.003633
2.138000,0.003617
2.139000,0.003601
2.140000,0.003585
2.141000,0.003569
2.142000,0.003553
2.143000,0.003538
2.144000,0.003522
2.145000,0.003507
2.146000,0.003491
2.147000,0.003476
2.148000,0.003461
2.149000,0.003445
2.150000,0.003430
2.151000,0.003415
2.152000,0.003400
2.153000,0.003385
2.154000,0.003370
2.155000,0.003356
2.156000,0.003341
2.157000,0.003326
2.158000,0.003312
2.159000,0.003297
2.160000,0.003283
2.161000,0.003268
2.162000,0.003254
2.163000,0.003239
2.164000,0.003225
2.165000,0.003211
2.166000,0.003197
2.167000,0.003183
2.168000,0.003169
2.169000,0.003155
2.170000,0.003141
2.171000,0.003127
2.172000,0.003114
2.173000,0.003100
2.174000,0.003087
2.175000,0.003073
2.176000,0.003060
2.177000,0.003046
2.178000,0.003033
2.179000,0.003019
2.180000,0.003006
2.181000,0.002993
2.182000,0.002980
2.183000,0.002967
2.184000,0.002954
2.185000,0.002941
2.186000,0.002928
2.187000,0.002915
2.188000,0.002903
2.189000,0.002890
2.190000,0.002877
2.191000,0.002865
2.192000,0.002852
2.193000,0.002840
2.194000,0.002827
2.195000,0.002815
2.196000,0.002802
2.197000,0.002790
2.198000,0.002778
2.199000,0.002766
2.200000,0.002754
2.201000,0.002742
2.202000,0.002730
2.203000,0.002718
2.204000,0.002706
2.205000,0.002694
2.206000,0.002682
2.207000,0.002671
2.208000,0.002659
2.209000,0.002647
2.210000,0.002636
2.211000,0.002624
2.212000,0.002613
2.213000,0.002601
2.214000,0.002590
2.215000,0.002579
2.216000,0.002567
2.217000,0.002556
2.218000,0.002545
2.219000,0.002534
2.220000,0.002523
2.221000,0.002512
2.222000,0.002501
2.223000,0.002490
2.224000,0.002479
2.225000,0.002468
2.226000,0.002458
2.227000,0.002447
2.228000,0.002436
2.229000,0.002426
2.230000,0.002415
2.231000,0.002405
2.232000,0.002394
2.233000,0.002384
2.234000,0.002373
2.235000,0.002363
2.236000,0.002353
2.237000,0.002342
2.238000,0.002332
2.239000,0.002322
2.240000,0.002312
2.241000,0.002302
2.242000,0.002292
2.243000,0.002282
2.244000,0.002272
2.245000,0.002262
2.246000,0.002252
2.247000,0.002243
2.248000,0.002233
2.249000,0.002223
2.250000,0.002214
2.251000,0.002204
2.252000,0.002194
2.253000,0.002185
2.254000,0.002175
2.255000,0.002166
2.256000,0.002157
2.257000,0.002147
2.258000,0.002138
2.259000,0.002129
2.260000,0.002119
2.261000,0.002110
2.262000,0.002101
2.263000,0.002092
2.264000,0.002083
2.265000,0.002074
2.266000,0.002065
2.267000,0.002056
2.268000,0.002047
2.269000,0.002038
2.270000,0.002030
2.271000,0.002021
2.272000,0.002012
2.273000,0.002003
2.274000,0.001995
2.275000,0.001986
2.276000,0.001978
2.277000,0.001969
2.278000,0.001961
2.279000,0.001952
2.280000,0.001944
2.281000,0.001935
2.282000,0.001927
2.283000,0.001919
2.284000,0.001911
2.285000,0.001902
2.286000,0.001894
2.287000,0.001886
2.288000,0.001878
2.289000,0.001870
2.290000,0.001862
2.291000,0.001854
2.292000,0.001846
2.293000,0.001838
2.294000,0.001830
2.295000,0.001822
2.296000,0.001814
2.297000,0.001807
2.298000,0.001799
2.299000,0.001791
2.300000,0.001784
2.301000,0.001776
2.302000,0.001768
2.303000,0.001761
2.304000,0.001753
2.305000,0.001746
2.306000,0.001738
2.307000,0.001731
2.308000,0.001724
2.309000,0.001716
2.310000,0.001709
2.311000,0.001702
2.312000,0.001694
2.313000,0.001687
2.314000,0.001680
2.315000,0.001673
2.316000,0.001666
2.317000,0.001659
2.318000,0.001652
2.319000,0.001645
2.320000,0.001638
2.321000,0.001631
2.322000,0.001624
2.323000,0.001617
2.324000,0.001610
2.325000,0.001603
2.326000,0.001596
2.327000,0.001590
2.328000,0.001583
2.329000,0.001576
2.330000,0.001570
2.331000,0.001563
2.332000,0.001556
2.333000,0.001550
2.334000,0.001543
2.335000,0.001537
2.336000,0.001530
2.337000,0.001524
2.338000,0.001518
2.339000,0.001511
2.340000,0.001505
2.341000,0.001499
2.342000,0.001492
2.343000,0.001486
2.344000,0.001480
2.345000,0.001474
2.346000,0.001467
2.347000,0.001461
2.348000,0.001455
2.349000,0.001449
2.350000,0.001443
2.351000,0.001437
2.352000,0.001431
2.353000,0.001425
2.354000,0.001419
2.355000,0.001413
2.356000,0.001407
2.357000,0.001402
2.358000,0.001396
2.359000,0.001390
2.360000,0.001384
2.361000,0.001379
2.362000,0.001373
2.363000,0.001367
2.364000,0.001362
2.365000,0.001356
2.366000,0.001350
2.367000,0.001345
2.368000,0.001339
2.369000,0.001334
2.370000,0.001328
2.371000,0.001323
2.372000,0.001317
2.373000,0.001312
2.374000,0.001307
2.375000,0.001301
2.376000,0.001296
2.377000,0.001291
2.378000,0.001285
2.379000,0.001280
2.380000,0.001275
2.381000,0.001270
2.382000,0.001265
2.383000,0.001259
2.384000,0.001254
2.385000,0.001249
2.386000,0.001244
2.387000,0.001239
2.388000,0.001234
2.389000,0.001229
2.390000,0.001224
2.391000,0.001219
2.392000,0.001214
2.393000,0.001209
2.394000,0.001204
2.395000,0.001200
2.396000,0.001195
2.397000,0.001190
2.398000,0.001185
2.399000,0.001181
2.400000,0.001176
2.401000,0.001171
2.402000,0.001166
2.403000,0.001162
2.404000,0.001157
2.405000,0.001153
2.406000,0.001148
2.407000,0.001143
2.408000,0.001139
2.409000,0.001134
2.410000,0.001130
2.411000,0.001125
2.412000,0.001121
2.413000,0.001117
2.414000,0.001112
2.415000,0.001108
2.416000,0.001103
2.417000,0.001099
2.418000,0.001095
2.419000,0.001090
2.420000,0.001086
2.421000,0.001082
2.422000,0.001078
2.423000,0.001074
2.424000,0.001069
2.425000,0.001065
2.426000,0.001061
2.427000,0.001057
2.428000,0.001053
2.429000,0.001049
2.430000,0.001045
2.431000,0.001041
2.432000,0.001037
2.433000,0.001033
2.434000,0.001029
2.435000,0.001025
2.436000,0.001021
2.437000,0.001017
2.438000,0.001013
2.439000,0.001009
2.440000,0.001005
2.441000,0.001002
2.442000,0.000998
2.443000,0.000994
2.444000,0.000990
2.445000,0.000986
2.446000,0.000983
2.447000,0.000979
2.448000,0.000975
2.449000,0.000972
2.450000,0.000968
2.451000,0.000964
2.452000,0.000961
2.453000,0.000957
2.454000,0.000954
2.455000,0.000950
2.456000,0.000947
2.457000,0.000943
2.458000,0.000940
2.459000,0.000936
2.460000,0.000933
2.461000,0.000929
2.462000,0.000926
2.463000,0.000922
2.464000,0.000919
2.465000,0.000916
2.466000,0.000912
2.467000,0.000909
2.468000,0.000906
2.469000,0.000902
2.470000,0.000899
2.471000,0.000896
2.472000,0.000893
2.473000,0.000889
2.474000,0.000886
2.475000,0.000883
2.476000,0.000880
2.477000,0.000877
2.478000,0.000874
2.479000,0.000870
2.480000,0.000867
2.481000,0.000864
2.482000,0.000861
2.483000,0.000858
2.484000,0.000855
2.485000,0.000852
2.486000,0.000849
2.487000,0.000846
2.488000,0.000843
2.489000,0.000840
2.490000,0.000837
2.491000,0.000834
2.492000,0.000831
2.493000,0.000829
2.494000,0.000826
2.495000,0.000823
2.496000,0.000820
2.497000,0.000817
2.498000,0.000814
2.499000,0.000812
2.500000,0.000809
2.501000,0.000806
2.502000,0.000803
2.503000,0.000801
2.504000,0.000798
2.505000,0.000795
2.506000,0.000792
2.507000,0.000790
2.508000,0.000787
2.509000,0.000785
2.510000,0.000782
2.511000,0.000779
2.512000,0.000777
2.513000,0.000774
2.514000,0.000772
2.515000,0.000769
2.516000,0.000767
2.517000,0.000764
2.518000,0.000761
2.519000,0.000759
2.520000,0.000757
2.521000,0.000754
2.522000,0.000752
2.523000,0.000749
2.524000,0.000747
2.525000,0.000744
2.526000,0.000742
2.527000,0.000740
2.528000,0.000737
2.529000,0.000735
2.530000,0.000733
2.531000,0.000730
2.532000,0.000728
2.533000,0.000726
2.534000,0.000723
2.535000,0.000721
2.536000,0.000719
2.537000,0.000717
2.538000,0.000714
2.539000,0.000712
2.540000,0.000710
2.541000,0.000708
2.542000,0.000706
2.543000,0.000703
2.544000,0.000701
2.545000,0.000699
2.546000,0.000697
2.547000,0.000695
2.548000,0.000693
2.549000,0.000691
2.550000,0.000689
2.551000,0.000687
2.552000,0.000685
2.553000,0.000683
2.554000,0.000681
2.555000,0.000679
2.556000,0.000677
2.557000,0.000675
2.558000,0.000673
2.559000,0.000671
2.560000,0.000669
2.561000,0.000667
2.562000,0.000665
2.563000,0.000663
2.564000,0.000661
2.565000,0.000659
2.566000,0.000657
2.567000,0.000655
2.568000,0.000654
2.569000,0.000652
2.570000,0.000650
2.571000,0.000648
2.572000,0.000646
2.573000,0.000644
2.574000,0.000643
2.575000,0.000641
2.576000,0.000639
2.577000,0.000637
2.578000,0.000636
2.579000,0.000634
2.580000,0.000632
2.581000,0.000631
2.582000,0.000629
2.583000,0.000627
2.584000,0.000625
2.585000,0.000624
2.586000,0.000622
2.587000,0.000621
2.588000,0.000619
2.589000,0.000617
2.590000,0.000616
2.591000,0.000614
2.592000,0.000612
2.593000,0.000611
2.594000,0.000609
2.595000,0.000608
2.596000,0.000606
2.597000,0.000605
2.598000,0.000603
2.599000,0.000602
2.600000,0.000600
2.601000,0.000599
2.602000,0.000597
2.603000,0.000596
2.604000,0.000594
2.605000,0.000593
2.606000,0.000591
2.607000,0.000590
2.608000,0.000588
2.609000,0.000587
2.610000,0.000586
2.611000,0.000584
2.612000,0.000583
2.613000,0.000581
2.614000,0.000580
2.615000,0.000579
2.616000,0.000577
2.617000,0.000576
2.618000,0.000575
2.619000,0.000573
2.620000,0.000572
2.621000,0.000571
2.622000,0.000569
2.623000,0.000568
2.624000,0.000567
2.625000,0.000565
2.626000,0.000564
2.627000,0.000563
2.628000,0.000562
2.629000,0.000560
2.630000,0.000559
2.631000,0.000558
2.632000,0.000557
2.633000,0.000556
2.634000,0.000554
2.635000,0.000553
2.636000,0.000552
2.637000,0.000551
2.638000,0.000550
2.639000,0.000548
2.640000,0.000547
2.641000,0.000546
2.642000,0.000545
2.643000,0.000544
2.644000,0.000543
2.645000,0.000542
2.646000,0.000541
2.647000,0.000539
2.648000,0.000538
2.649000,0.000537
2.650000,0.000536
2.651000,0.000535
2.652000,0.000534
2.653000,0.000533
2.654000,0.000532
2.655000,0.000531
2.656000,0.000530
2.657000,0.000529
2.658000,0.000528
2.659000,0.000527
2.660000,0.000526
2.661000,0.000525
2.662000,0.000524
2.663000,0.000523
2.664000,0.000522
2.665000,0.000521
2.666000,0.000520
2.667000,0.000519
2.668000,0.000518
2.669000,0.000517
2.670000,0.000516
2.671000,0.000515
2.672000,0.000514
2.673000,0.000513
2.674000,0.000513
2.675000,0.000512
2.676000,0.000511
2.677000,0.000510
2.678000,0.000509
2.679000,0.000508
2.680000,0.000507
2.681000,0.000506
2.682000,0.000506
2.683000,0.000505
2.684000,0.000504
2.685000,0.000503
2.686000,0.000502
2.687000,0.000501
2.688000,0.000501
2.689000,0.000500
2.690000,0.000499
2.691000,0.000498
2.692000,0.000497
2.693000,0.000497
2.694000,0.000496
2.695000,0.000495
2.696000,0.000494
2.697000,0.000494
2.698000,0.000493
2.699000,0.000492
2.700000,0.000491
2.701000,0.000491
2.702000,0.000490
2.703000,0.000489
2.704000,0.000488
2.705000,0.000488
2.706000,0.000487
2.707000,0.000486
2.708000,0.000485
2.709000,0.000485
2.710000,0.000484
2.711000,0.000483
2.712000,0.000483
2.713000,0.000482
2.714000,0.000481
2.715000,0.000481
2.716000,0.000480
2.717000,0.000479
2.718000,0.000479
2.719000,0.000478
2.720000,0.000477
2.721000,0.000477
2.722000,0.000476
2.723000,0.000476
2.724000,0.000475
2.725000,0.000474
2.726000,0.000474
2.727000,0.000473
2.728000,0.000472
2.729000,0.000472
2.730000,0.000471
2.731000,0.000471
2.732000,0.000470
2.733000,0.000470
2.734000,0.000469
2.735000,0.000468
2.736000,0.000468
2.737000,0.000467
2.738000,0.000467
2.739000,0.000466
2.740000,0.000466
2.741000,0.000465
2.742000,0.000464
2.743000,0.000464
2.744000,0.000463
2.745000,0.000463
2.746000,0.000462
2.747000,0.000462
2.748000,0.000461
2.749000,0.000461
2.750000,0.000460
2.751000,0.000460
2.752000,0.000459
2.753000,0.000459
2.754000,0.000458
2.755000,0.000458
2.756000,0.000457
2.757000,0.000457
2.758000,0.000456
2.759000,0.000456
2.760000,0.000455
2.761000,0.000455
2.762000,0.000454
2.763000,0.000454
2.764000,0.000454
2.765000,0.000453
2.766000,0.000453
2.767000,0.000452
2.768000,0.000452
2.769000,0.000451
2.770000,0.000451
2.771000,0.000450
2.772000,0.000450
2.773000,0.000450
2.774000,0.000449
2.775000,0.000449
2.776000,0.000448
2.777000,0.000448
2.778000,0.000448
2.779000,0.000447
2.780000,0.000447
2.781000,0.000446
2.782000,0.000446
2.783000,0.000446
2.784000,0.000445
2.785000,0.000445
2.786000,0.000444
2.787000,0.000444
2.788000,0.000444
2.789000,0.000443
2.790000,0.000443
2.791000,0.000442
2.792000,0.000442
2.793000,0.000442
2.794000,0.000441
2.795000,0.000441
2.796000,0.000441
2.797000,0.000440
2.798000,0.000440
2.799000,0.000440
2.800000,0.000439
2.801000,0.000439
2.802000,0.000439
2.803000,0.000438
2.804000,0.000438
2.805000,0.000438
2.806000,0.000437
2.807000,0.000437
2.808000,0.000437
2.809000,0.000436
2.810000,0.000436
2.811000,0.000436
2.812000,0.000435
2.813000,0.000435
2.814000,0.000435
2.815000,0.000434
2.816000,0.000434
2.817000,0.000434
2.818000,0.000434
2.819000,0.000433
2.820000,0.000433
2.821000,0.000433
2.822000,0.000432
2.823000,0.000432
2.824000,0.000432
2.825000,0.000431
2.826000,0.000431
2.827000,0.000431
2.828000,0.000431
2.829000,0.000430
2.830000,0.000430
2.831000,0.000430
2.832000,0.000430
2.833000,0.000429
2.834000,0.000429
2.835000,0.000429
2.836000,0.000429
2.837000,0.000428
2.838000,0.000428
2.839000,0.000428
2.840000,0.000427
2.841000,0.000427
2.842000,0.000427
2.843000,0.000427
2.844000,0.000427
2.845000,0.000426
2.846000,0.000426
2.847000,0.000426
2.848000,0.000426
2.849000,0.000425
2.850000,0.000425
2.851000,0.000425
2.852000,0.000425
2.853000,0.000424
2.854000,0.000424
2.855000,0.000424
2.856000,0.000424
2.857000,0.000424
2.858000,0.000423
2.859000,0.000423
2.860000,0.000423
2.861000,0.000423
2.862000,0.000422
2.863000,0.000422
2.864000,0.000422
2.865000,0.000422
2.866000,0.000422
2.867000,0.000421
2.868000,0.000421
2.869000,0.000421
2.870000,0.000421
2.871000,0.000421
2.872000,0.000420
2.873000,0.000420
2.874000,0.000420
2.875000,0.000420
2.876000,0.000420
2.877000,0.000419
2.878000,0.000419
2.879000,0.000419
2.880000,0.000419
2.881000,0.000419
2.882000,0.000419
2.883000,0.000418
2.884000,0.000418
2.885000,0.000418
2.886000,0.000418
2.887000,