time,arm_x_y_error
0.000000,0.000000
0.001000,0.000000
0.002000,0.000000
0.003000,0.000001
0.004000,0.000001
0.005000,0.000001
0.006000,0.000001
0.007000,0.000001
0.008000,0.000002
0.009000,0.000002
0.010000,0.000002
0.011000,0.000002
0.012000,0.000003
0.013000,0.000003
0.014000,0.000003
0.015000,0.000004
0.016000,0.000004
0.017000,0.000004
0.018000,0.000004
0.019000,0.000005
0.020000,0.000005
0.021000,0.000005
0.022000,0.000006
0.023000,0.000006
0.024000,0.000006
0.025000,0.000007
0.026000,0.000007
0.027000,0.000007
0.028000,0.000007
0.029000,0.000008
0.030000,0.000008
0.031000,0.000008
0.032000,0.000009
0.033000,0.000009
0.034000,0.000009
0.035000,0.000010
0.036000,0.000010
0.037000,0.000010
0.038000,0.000011
0.039000,0.000011
0.040000,0.000011
0.041000,0.000011
0.042000,0.000012
0.043000,0.000012
0.044000,0.000012
0.045000,0.000013
0.046000,0.000013
0.047000,0.000013
0.048000,0.000014
0.049000,0.000014
0.050000,0.000014
0.051000,0.000015
0.052000,0.000015
0.053000,0.000015
0.054000,0.000015
0.055000,0.000016
0.056000,0.000016
0.057000,0.000016
0.058000,0.000017
0.059000,0.000017
0.060000,0.000017
0.061000,0.000018
0.062000,0.000018
0.063000,0.000018
0.064000,0.000019
0.065000,0.000019
0.066000,0.000019
0.067000,0.000019
0.068000,0.000020
0.069000,0.000020
0.070000,0.000020
0.071000,0.000021
0.072000,0.000021
0.073000,0.000021
0.074000,0.000022
0.075000,0.000022
0.076000,0.000022
0.077000,0.000023
0.078000,0.000023
0.079000,0.000023
0.080000,0.000023
0.081000,0.000024
0.082000,0.000024
0.083000,0.000024
0.084000,0.000025
0.085000,0.000025
0.086000,0.000025
0.087000,0.000026
0.088000,0.000026
0.089000,0.000026
0.090000,0.000026
0.091000,0.000027
0.092000,0.000027
0.093000,0.000027
0.094000,0.000028
0.095000,0.000028
0.096000,0.000028
0.097000,0.000029
0.098000,0.000029
0.099000,0.000029
0.100000,0.000029
0.101000,0.000030
0.102000,0.000030
0.103000,0.000030
0.104000,0.000031
0.105000,0.000031
0.106000,0.000031
0.107000,0.000032
0.108000,0.000032
0.109000,0.000032
0.110000,0.000032
0.111000,0.000033
0.112000,0.000033
0.113000,0.000033
0.114000,0.000034
0.115000,0.000034
0.116000,0.000034
0.117000,0.000034
0.118000,0.000035
0.119000,0.000035
0.120000,0.000035
0.121000,0.000036
0.122000,0.000036
0.123000,0.000036
0.124000,0.000036
0.125000,0.000037
0.126000,0.000037
0.127000,0.000037
0.128000,0.000037
0.129000,0.000038
0.130000,0.000038
0.131000,0.000038
0.132000,0.000039
0.133000,0.000039
0.134000,0.000039
0.135000,0.000039
0.136000,0.000040
0.137000,0.000040
0.138000,0.000040
0.139000,0.000040
0.140000,0.000041
0.141000,0.000041
0.142000,0.000041
0.143000,0.000042
0.144000,0.000042
0.145000,0.000042
0.146000,0.000042
0.147000,0.000043
0.148000,0.000043
0.149000,0.000043
0.150000,0.000043
0.151000,0.000044
0.152000,0.000044
0.153000,0.000044
0.154000,0.000044
0.155000,0.000045
0.156000,0.000045
0.157000,0.000045
0.158000,0.000045
0.159000,0.000046
0.160000,0.000046
0.161000,0.000046
0.162000,0.000046
0.163000,0.000047
0.164000,0.000047
0.165000,0.000047
0.166000,0.000047
0.167000,0.000048
0.168000,0.000048
0.169000,0.000048
0.170000,0.000048
0.171000,0.000049
0.172000,0.000049
0.173000,0.000049
0.174000,0.000049
0.175000,0.000049
0.176000,0.000050
0.177000,0.000050
0.178000,0.000050
0.179000,0.000050
0.180000,0.000051
0.181000,0.000051
0.182000,0.000051
0.183000,0.000051
0.184000,0.000052
0.185000,0.000052
0.186000,0.000052
0.187000,0.000052
0.188000,0.000052
0.189000,0.000053
0.190000,0.000053
0.191000,0.000053
0.192000,0.000053
0.193000,0.000054
0.194000,0.000054
0.195000,0.000054
0.196000,0.000054
0.197000,0.000054
0.198000,0.000055
0.199000,0.000055
0.200000,0.000055
0.201000,0.000055
0.202000,0.000055
0.203000,0.000056
0.204000,0.000056
0.205000,0.000056
0.206000,0.000056
0.207000,0.000056
0.208000,0.000057
0.209000,0.000057
0.210000,0.000057
0.211000,0.000057
0.212000,0.000057
0.213000,0.000058
0.214000,0.000058
0.215000,0.000058
0.216000,0.000058
0.217000,0.000058
0.218000,0.000059
0.219000,0.000059
0.220000,0.000059
0.221000,0.000059
0.222000,0.000059
0.223000,0.000060
0.224000,0.000060
0.225000,0.000060
0.226000,0.000060
0.227000,0.000060
0.228000,0.000060
0.229000,0.000061
0.230000,0.000061
0.231000,0.000061
0.232000,0.000061
0.233000,0.000061
0.234000,0.000062
0.235000,0.000062
0.236000,0.000062
0.237000,0.000062
0.238000,0.000062
0.239000,0.000062
0.240000,0.000063
0.241000,0.000063
0.242000,0.000063
0.243000,0.000063
0.244000,0.000063
0.245000,0.000063
0.246000,0.000064
0.247000,0.000064
0.248000,0.000064
0.249000,0.000064
0.250000,0.000064
0.251000,0.000064
0.252000,0.000065
0.253000,0.000065
0.254000,0.000065
0.255000,0.000065
0.256000,0.000065
0.257000,0.000065
0.258000,0.000066
0.259000,0.000066
0.260000,0.000066
0.261000,0.000066
0.262000,0.000066
0.263000,0.000066
0.264000,0.000067
0.265000,0.000067
0.266000,0.000067
0.267000,0.000067
0.268000,0.000067
0.269000,0.000067
0.270000,0.000067
0.271000,0.000068
0.272000,0.000068
0.273000,0.000068
0.274000,0.000068
0.275000,0.000068
0.276000,0.000068
0.277000,0.000068
0.278000,0.000069
0.279000,0.000069
0.280000,0.000069
0.281000,0.000069
0.282000,0.000069
0.283000,0.000069
0.284000,0.000069
0.285000,0.000070
0.286000,0.000070
0.287000,0.000070
0.288000,0.000070
0.289000,0.000070
0.290000,0.000070
0.291000,0.000070
0.292000,0.000071
0.293000,0.000071
0.294000,0.000071
0.295000,0.000071
0.296000,0.000071
0.297000,0.000071
0.298000,0.000071
0.299000,0.000071
0.300000,0.000072
0.301000,0.000072
0.302000,0.000072
0.303000,0.000072
0.304000,0.000072
0.305000,0.000072
0.306000,0.000072
0.307000,0.000072
0.308000,0.000073
0.309000,0.000073
0.310000,0.000073
0.311000,0.000073
0.312000,0.000073
0.313000,0.000073
0.314000,0.000073
0.315000,0.000073
0.316000,0.000073
0.317000,0.000074
0.318000,0.000074
0.319000,0.000074
0.320000,0.000074
0.321000,0.000074
0.322000,0.000074
0.323000,0.000074
0.324000,0.000074
0.325000,0.000074
0.326000,0.000075
0.327000,0.000075
0.328000,0.000075
0.329000,0.000075
0.330000,0.000075
0.331000,0.000075
0.332000,0.000075
0.333000,0.000075
0.334000,0.000075
0.335000,0.000076
0.336000,0.000076
0.337000,0.000076
0.338000,0.000076
0.339000,0.000076
0.340000,0.000076
0.341000,0.000076
0.342000,0.000076
0.343000,0.000076
0.344000,0.000076
0.345000,0.000077
0.346000,0.000077
0.347000,0.000077
0.348000,0.000077
0.349000,0.000077
0.350000,0.000077
0.351000,0.000077
0.352000,0.000077
0.353000,0.000077
0.354000,0.000077
0.355000,0.000078
0.356000,0.000078
0.357000,0.000078
0.358000,0.000078
0.359000,0.000078
0.360000,0.000078
0.361000,0.000078
0.362000,0.000078
0.363000,0.000078
0.364000,0.000078
0.365000,0.000078
0.366000,0.000079
0.367000,0.000079
0.368000,0.000079
0.369000,0.000079
0.370000,0.000079
0.371000,0.000079
0.372000,0.000079
0.373000,0.000079
0.374000,0.000079
0.375000,0.000079
0.376000,0.000079
0.377000,0.000079
0.378000,0.000080
0.379000,0.000080
0.380000,0.000080
0.381000,0.000080
0.382000,0.000080
0.383000,0.000080
0.384000,0.000080
0.385000,0.000080
0.386000,0.000080
0.387000,0.000080
0.388000,0.000080
0.389000,0.000080
0.390000,0.000080
0.391000,0.000081
0.392000,0.000081
0.393000,0.000081
0.394000,0.000081
0.395000,0.000081
0.396000,0.000081
0.397000,0.000081
0.398000,0.000081
0.399000,0.000081
0.400000,0.000081
0.401000,0.000081
0.402000,0.000081
0.403000,0.000081
0.404000,0.000081
0.405000,0.000082
0.406000,0.000082
0.407000,0.000082
0.408000,0.000082
0.409000,0.000082
0.410000,0.000082
0.411000,0.000082
0.412000,0.000082
0.413000,0.000082
0.414000,0.000082
0.415000,0.000082
0.416000,0.000082
0.417000,0.000082
0.418000,0.000082
0.419000,0.000082
0.420000,0.000083
0.421000,0.000083
0.422000,0.000083
0.423000,0.000083
0.424000,0.000083
0.425000,0.000083
0.426000,0.000083
0.427000,0.000083
0.428000,0.000083
0.429000,0.000083
0.430000,0.000083
0.431000,0.000083
0.432000,0.000083
0.433000,0.000083
0.434000,0.000083
0.435000,0.000083
0.436000,0.000084
0.437000,0.000084
0.438000,0.000084
0.439000,0.000084
0.440000,0.000084
0.441000,0.000084
0.442000,0.000084
0.443000,0.000084
0.444000,0.000084
0.445000,0.000084
0.446000,0.000084
0.447000,0.000084
0.448000,0.000084
0.449000,0.000084
0.450000,0.000084
0.451000,0.000084
0.452000,0.000084
0.453000,0.000084
0.454000,0.000085
0.455000,0.000085
0.456000,0.000085
0.457000,0.000085
0.458000,0.000085
0.459000,0.000085
0.460000,0.000085
0.461000,0.000085
0.462000,0.000085
0.463000,0.000085
0.464000,0.000085
0.465000,0.864868
0.466000,0.864904
0.467000,0.865025
0.468000,0.865249
0.469000,0.865580
0.470000,0.866017
0.471000,0.866555
0.472000,0.867190
0.473000,0.867917
0.474000,0.868730
0.475000,0.869626
0.476000,0.870599
0.477000,0.871645
0.478000,0.872760
0.479000,0.873939
0.480000,0.875178
0.481000,0.876474
0.482000,0.877824
0.483000,0.879222
0.484000,0.880667
0.485000,0.882154
0.486000,0.883681
0.487000,0.885245
0.488000,0.886841
0.489000,0.888469
0.490000,0.890124
0.491000,0.891804
0.492000,0.893506
0.493000,0.895229
0.494000,0.896968
0.495000,0.898723
0.496000,0.900491
0.497000,0.902269
0.498000,0.904055
0.499000,0.905848
0.500000,0.907645
0.501000,0.909444
0.502000,0.911243
0.503000,0.913041
0.504000,0.914835
0.505000,0.916624
0.506000,0.918407
0.507000,0.920181
0.508000,0.921945
0.509000,0.923697
0.510000,0.925437
0.511000,0.927162
0.512000,0.928872
0.513000,0.930564
0.514000,0.932238
0.515000,0.933892
0.516000,0.935526
0.517000,0.937137
0.518000,0.938725
0.519000,0.940290
0.520000,0.941829
0.521000,0.943341
0.522000,0.944827
0.523000,0.946285
0.524000,0.947713
0.525000,0.949112
0.526000,0.950481
0.527000,0.951818
0.528000,0.953123
0.529000,0.954396
0.530000,0.955635
0.531000,0.956840
0.532000,0.958010
0.533000,0.959145
0.534000,0.960245
0.535000,0.961308
0.536000,0.962335
0.537000,0.963324
0.538000,0.964276
0.539000,0.965190
0.540000,0.966066
0.541000,0.966903
0.542000,0.967701
0.543000,0.968460
0.544000,0.969179
0.545000,0.969858
0.546000,0.970498
0.547000,0.971098
0.548000,0.971657
0.549000,0.972175
0.550000,0.972653
0.551000,0.973090
0.552000,0.973487
0.553000,0.973842
0.554000,0.974157
0.555000,0.974430
0.556000,0.974663
0.557000,0.974854
0.558000,0.975005
0.559000,0.975114
0.560000,0.975183
0.561000,0.975210
0.562000,0.975197
0.563000,0.975143
0.564000,0.975048
0.565000,0.974913
0.566000,0.974738
0.567000,0.974522
0.568000,0.974266
0.569000,0.973970
0.570000,0.973634
0.571000,0.973258
0.572000,0.972844
0.573000,0.972389
0.574000,0.971896
0.575000,0.971364
0.576000,0.970793
0.577000,0.970184
0.578000,0.969537
0.579000,0.968852
0.580000,0.968129
0.581000,0.967369
0.582000,0.966572
0.583000,0.965737
0.584000,0.964867
0.585000,0.963959
0.586000,0.963016
0.587000,0.962037
0.588000,0.961023
0.589000,0.959973
0.590000,0.958889
0.591000,0.957770
0.592000,0.956617
0.593000,0.955430
0.594000,0.954209
0.595000,0.952955
0.596000,0.951668
0.597000,0.950349
0.598000,0.948997
0.599000,0.947613
0.600000,0.946198
0.601000,0.944751
0.602000,0.943273
0.603000,0.941765
0.604000,0.940226
0.605000,0.938657
0.606000,0.937059
0.607000,0.935432
0.608000,0.933775
0.609000,0.932090
0.610000,0.930377
0.611000,0.928636
0.612000,0.926867
0.613000,0.925071
0.614000,0.923248
0.615000,0.921399
0.616000,0.919524
0.617000,0.917622
0.618000,0.915696
0.619000,0.913744
0.620000,0.911768
0.621000,0.909767
0.622000,0.907742
0.623000,0.905693
0.624000,0.903621
0.625000,0.901526
0.626000,0.899408
0.627000,0.897268
0.628000,0.895105
0.629000,0.892922
0.630000,0.890717
0.631000,0.888490
0.632000,0.886244
0.633000,0.883977
0.634000,0.881690
0.635000,0.879383
0.636000,0.877057
0.637000,0.874713
0.638000,0.872349
0.639000,0.869967
0.640000,0.867568
0.641000,0.865151
0.642000,0.862716
0.643000,0.860265
0.644000,0.857797
0.645000,0.855312
0.646000,0.852812
0.647000,0.850296
0.648000,0.847764
0.649000,0.845218
0.650000,0.842657
0.651000,0.840081
0.652000,0.837492
0.653000,0.834889
0.654000,0.832272
0.655000,0.829642
0.656000,0.826999
0.657000,0.824344
0.658000,0.821677
0.659000,0.818997
0.660000,0.816306
0.661000,0.813604
0.662000,0.810891
0.663000,0.808167
0.664000,0.805432
0.665000,0.802688
0.666000,0.799933
0.667000,0.797169
0.668000,0.794396
0.669000,0.791614
0.670000,0.788823
0.671000,0.786023
0.672000,0.783216
0.673000,0.780400
0.674000,0.777577
0.675000,0.774747
0.676000,0.771910
0.677000,0.769066
0.678000,0.766215
0.679000,0.763358
0.680000,0.760495
0.681000,0.757627
0.682000,0.754753
0.683000,0.751873
0.684000,0.748989
0.685000,0.746100
0.686000,0.743206
0.687000,0.740309
0.688000,0.737407
0.689000,0.734502
0.690000,0.731593
0.691000,0.728681
0.692000,0.725766
0.693000,0.722848
0.694000,0.719927
0.695000,0.717004
0.696000,0.714079
0.697000,0.711153
0.698000,0.708224
0.699000,0.705294
0.700000,0.702363
0.701000,0.699431
0.702000,0.696498
0.703000,0.693565
0.704000,0.690631
0.705000,0.687697
0.706000,0.684763
0.707000,0.681829
0.708000,0.678896
0.709000,0.675963
0.710000,0.673032
0.711000,0.670101
0.712000,0.667171
0.713000,0.664243
0.714000,0.661316
0.715000,0.658392
0.716000,0.655469
0.717000,0.652548
0.718000,0.649629
0.719000,0.646713
0.720000,0.643800
0.721000,0.640889
0.722000,0.637982
0.723000,0.635077
0.724000,0.632176
0.725000,0.629278
0.726000,0.626384
0.727000,0.623494
0.728000,0.620607
0.729000,0.617725
0.730000,0.614847
0.731000,0.611973
0.732000,0.609104
0.733000,0.606239
0.734000,0.603379
0.735000,0.600524
0.736000,0.597674
0.737000,0.594829
0.738000,0.591989
0.739000,0.589155
0.740000,0.586327
0.741000,0.583504
0.742000,0.580687
0.743000,0.577876
0.744000,0.575070
0.745000,0.572271
0.746000,0.569479
0.747000,0.566692
0.748000,0.563912
0.749000,0.561139
0.750000,0.558372
0.751000,0.555612
0.752000,0.552859
0.753000,0.550113
0.754000,0.547374
0.755000,0.544642
0.756000,0.541917
0.757000,0.539199
0.758000,0.536489
0.759000,0.533787
0.760000,0.531092
0.761000,0.528405
0.762000,0.525725
0.763000,0.523054
0.764000,0.520390
0.765000,0.517734
0.766000,0.515086
0.767000,0.512446
0.768000,0.509815
0.769000,0.507191
0.770000,0.504576
0.771000,0.501969
0.772000,0.499371
0.773000,0.496781
0.774000,0.494200
0.775000,0.491627
0.776000,0.489063
0.777000,0.486508
0.778000,0.483961
0.779000,0.481423
0.780000,0.478894
0.781000,0.476374
0.782000,0.473862
0.783000,0.471360
0.784000,0.468867
0.785000,0.466382
0.786000,0.463907
0.787000,0.461441
0.788000,0.458984
0.789000,0.456536
0.790000,0.454097
0.791000,0.451668
0.792000,0.449248
0.793000,0.446837
0.794000,0.444435
0.795000,0.442043
0.796000,0.439660
0.797000,0.437287
0.798000,0.434923
0.799000,0.432568
0.800000,0.430223
0.801000,0.427887
0.802000,0.425561
0.803000,0.423244
0.804000,0.420937
0.805000,0.418639
0.806000,0.416351
0.807000,0.414072
0.808000,0.411803
0.809000,0.409543
0.810000,0.407293
0.811000,0.405053
0.812000,0.402822
0.813000,0.400600
0.814000,0.398389
0.815000,0.396187
0.816000,0.393994
0.817000,0.391811
0.818000,0.389637
0.819000,0.387474
0.820000,0.385319
0.821000,0.383175
0.822000,0.381039
0.823000,0.378914
0.824000,0.376798
0.825000,0.374691
0.826000,0.372594
0.827000,0.370507
0.828000,0.368429
0.829000,0.366360
0.830000,0.364302
0.831000,0.362252
0.832000,0.360212
0.833000,0.358182
0.834000,0.356161
0.835000,0.354149
0.836000,0.352147
0.837000,0.350154
0.838000,0.348171
0.839000,0.346197
0.840000,0.344233
0.841000,0.342277
0.842000,0.340331
0.843000,0.338395
0.844000,0.336467
0.845000,0.334549
0.846000,0.332641
0.847000,0.330741
0.848000,0.328851
0.849000,0.326970
0.850000,0.325098
0.851000,0.323235
0.852000,0.321381
0.853000,0.319536
0.854000,0.317701
0.855000,0.315874
0.856000,0.314057
0.857000,0.312248
0.858000,0.310449
0.859000,0.308658
0.860000,0.306877
0.861000,0.305104
0.862000,0.303340
0.863000,0.301585
0.864000,0.299839
0.865000,0.298102
0.866000,0.296373
0.867000,0.294653
0.868000,0.292942
0.869000,0.291240
0.870000,0.289546
0.871000,0.287861
0.872000,0.286184
0.873000,0.284516
0.874000,0.282857
0.875000,0.281206
0.876000,0.279564
0.877000,0.277930
0.878000,0.276304
0.879000,0.274687
0.880000,0.273078
0.881000,0.271478
0.882000,0.269885
0.883000,0.268301
0.884000,0.266726
0.885000,0.265158
0.886000,0.263599
0.887000,0.262048
0.888000,0.260505
0.889000,0.258970
0.890000,0.257443
0.891000,0.255924
0.892000,0.254413
0.893000,0.252910
0.894000,0.251415
0.895000,0.249928
0.896000,0.248449
0.897000,0.246978
0.898000,0.245514
0.899000,0.244058
0.900000,0.242610
0.901000,0.241170
0.902000,0.239737
0.903000,0.238312
0.904000,0.236894
0.905000,0.235484
0.906000,0.234082
0.907000,0.232687
0.908000,0.231299
0.909000,0.229919
0.910000,0.228547
0.911000,0.227182
0.912000,0.225824
0.913000,0.224473
0.914000,0.223130
0.915000,0.221794
0.916000,0.220465
0.917000,0.219143
0.918000,0.217829
0.919000,0.216522
0.920000,0.215221
0.921000,0.213928
0.922000,0.212642
0.923000,0.211363
0.924000,0.210090
0.925000,0.208825
0.926000,0.207567
0.927000,0.206315
0.928000,0.205070
0.929000,0.203832
0.930000,0.202601
0.931000,0.201377
0.932000,0.200159
0.933000,0.198948
0.934000,0.197743
0.935000,0.196545
0.936000,0.195354
0.937000,0.194169
0.938000,0.192991
0.939000,0.191819
0.940000,0.190654
0.941000,0.189495
0.942000,0.188343
0.943000,0.187197
0.944000,0.186057
0.945000,0.184923
0.946000,0.183796
0.947000,0.182675
0.948000,0.181560
0.949000,0.180452
0.950000,0.179349
0.951000,0.178253
0.952000,0.177162
0.953000,0.176078
0.954000,0.175000
0.955000,0.173928
0.956000,0.172861
0.957000,0.171801
0.958000,0.170747
0.959000,0.169698
0.960000,0.168655
0.961000,0.167619
0.962000,0.166587
0.963000,0.165562
0.964000,0.164543
0.965000,0.163529
0.966000,0.162520
0.967000,0.161518
0.968000,0.160521
0.969000,0.159529
0.970000,0.158544
0.971000,0.157563
0.972000,0.156588
0.973000,0.155619
0.974000,0.154655
0.975000,0.153697
0.976000,0.152744
0.977000,0.151796
0.978000,0.150854
0.979000,0.149917
0.980000,0.148985
0.981000,0.148058
0.982000,0.147137
0.983000,0.146221
0.984000,0.145310
0.985000,0.144404
0.986000,0.143504
0.987000,0.142608
0.988000,0.141718
0.989000,0.140832
0.990000,0.139952
0.991000,0.139076
0.992000,0.138206
0.993000,0.137340
0.994000,0.136480
0.995000,0.135624
0.996000,0.134773
0.997000,0.133927
0.998000,0.133086
0.999000,0.132250
1.000000,0.131418
1.001000,0.130591
1.002000,0.129769
1.003000,0.128951
1.004000,0.128139
1.005000,0.127330
1.006000,0.126527
1.007000,0.125728
1.008000,0.124933
1.009000,0.124143
1.010000,0.123358
1.011000,0.122577
1.012000,0.121801
1.013000,0.121029
1.014000,0.120261
1.015000,0.119498
1.016000,0.118740
1.017000,0.117985
1.018000,0.117235
1.019000,0.116490
1.020000,0.115748
1.021000,0.115011
1.022000,0.114278
1.023000,0.113549
1.024000,0.112825
1.025000,0.112105
1.026000,0.111389
1.027000,0.110677
1.028000,0.109969
1.029000,0.109265
1.030000,0.108565
1.031000,0.107869
1.032000,0.107178
1.033000,0.106490
1.034000,0.105806
1.035000,0.105127
1.036000,0.104451
1.037000,0.103779
1.038000,0.103111
1.039000,0.102447
1.040000,0.101787
1.041000,0.101131
1.042000,0.100478
1.043000,0.099829
1.044000,0.099184
1.045000,0.098543
1.046000,0.097906
1.047000,0.097272
1.048000,0.096642
1.049000,0.096016
1.050000,0.095393
1.051000,0.094774
1.052000,0.094159
1.053000,0.093547
1.054000,0.092938
1.055000,0.092334
1.056000,0.091733
1.057000,0.091135
1.058000,0.090541
1.059000,0.089950
1.060000,0.089363
1.061000,0.088780
1.062000,0.088199
1.063000,0.087623
1.064000,0.087049
1.065000,0.086479
1.066000,0.085912
1.067000,0.085349
1.068000,0.084789
1.069000,0.084232
1.070000,0.083679
1.071000,0.083129
1.072000,0.082582
1.073000,0.082038
1.074000,0.081498
1.075000,0.080961
1.076000,0.080427
1.077000,0.079896
1.078000,0.079368
1.079000,0.078844
1.080000,0.078322
1.081000,0.077804
1.082000,0.077289
1.083000,0.076776
1.084000,0.076267
1.085000,0.075761
1.086000,0.075258
1.087000,0.074758
1.088000,0.074261
1.089000,0.073767
1.090000,0.073276
1.091000,0.072788
1.092000,0.072302
1.093000,0.071820
1.094000,0.071341
1.095000,0.070864
1.096000,0.070390
1.097000,0.069920
1.098000,0.069452
1.099000,0.068986
1.100000,0.068524
1.101000,0.068064
1.102000,0.067608
1.103000,0.067153
1.104000,0.066702
1.105000,0.066254
1.106000,0.065808
1.107000,0.065364
1.108000,0.064924
1.109000,0.064486
1.110000,0.064051
1.111000,0.063618
1.112000,0.063189
1.113000,0.062761
1.114000,0.062337
1.115000,0.061914
1.116000,0.061495
1.117000,0.061078
1.118000,0.060664
1.119000,0.060252
1.120000,0.059842
1.121000,0.059435
1.122000,0.059031
1.123000,0.058629
1.124000,0.058230
1.125000,0.057833
1.126000,0.057438
1.127000,0.057046
1.128000,0.056656
1.129000,0.056269
1.130000,0.055884
1.131000,0.055502
1.132000,0.055121
1.133000,0.054744
1.134000,0.054368
1.135000,0.053995
1.136000,0.053624
1.137000,0.053255
1.138000,0.052889
1.139000,0.052525
1.140000,0.052163
1.141000,0.051804
1.142000,0.051447
1.143000,0.051092
1.144000,0.050739
1.145000,0.050388
1.146000,0.050040
1.147000,0.049693
1.148000,0.049349
1.149000,0.049007
1.150000,0.048667
1.151000,0.048330
1.152000,0.047994
1.153000,0.047661
1.154000,0.047329
1.155000,0.047000
1.156000,0.046673
1.157000,0.046348
1.158000,0.046024
1.159000,0.045703
1.160000,0.045384
1.161000,0.045067
1.162000,0.044752
1.163000,0.044439
1.164000,0.044128
1.165000,0.043819
1.166000,0.043512
1.167000,0.043207
1.168000,0.042903
1.169000,0.042602
1.170000,0.042303
1.171000,0.042005
1.172000,0.041710
1.173000,0.041416
1.174000,0.041124
1.175000,0.040834
1.176000,0.040546
1.177000,0.040260
1.178000,0.039975
1.179000,0.039693
1.180000,0.039412
1.181000,0.039133
1.182000,0.038856
1.183000,0.038580
1.184000,0.038307
1.185000,0.038035
1.186000,0.037765
1.187000,0.037497
1.188000,0.037230
1.189000,0.036965
1.190000,0.036702
1.191000,0.036440
1.192000,0.036181
1.193000,0.035923
1.194000,0.035666
1.195000,0.035411
1.196000,0.035158
1.197000,0.034907
1.198000,0.034657
1.199000,0.034409
1.200000,0.034162
1.201000,0.033918
1.202000,0.033674
1.203000,0.033433
1.204000,0.033192
1.205000,0.032954
1.206000,0.032717
1.207000,0.032482
1.208000,0.032248
1.209000,0.032015
1.210000,0.031785
1.211000,0.031555
1.212000,0.031328
1.213000,0.031101
1.214000,0.030877
1.215000,0.030654
1.216000,0.030432
1.217000,0.030212
1.218000,0.029993
1.219000,0.029775
1.220000,0.029559
1.221000,0.029345
1.222000,0.029132
1.223000,0.028920
1.224000,0.028710
1.225000,0.028502
1.226000,0.028294
1.227000,0.028088
1.228000,0.027884
1.229000,0.027680
1.230000,0.027479
1.231000,0.027278
1.232000,0.027079
1.233000,0.026881
1.234000,0.026685
1.235000,0.026490
1.236000,0.026296
1.237000,0.026104
1.238000,0.025912
1.239000,0.025723
1.240000,0.025534
1.241000,0.025347
1.242000,0.025161
1.243000,0.024976
1.244000,0.024793
1.245000,0.024611
1.246000,0.024430
1.247000,0.024250
1.248000,0.024071
1.249000,0.023894
1.250000,0.023718
1.251000,0.023543
1.252000,0.023370
1.253000,0.023197
1.254000,0.023026
1.255000,0.022856
1.256000,0.022687
1.257000,0.022520
1.258000,0.022353
1.259000,0.022188
1.260000,0.022024
1.261000,0.021861
1.262000,0.021699
1.263000,0.021538
1.264000,0.021378
1.265000,0.021220
1.266000,0.021063
1.267000,0.020906
1.268000,0.020751
1.269000,0.020597
1.270000,0.020444
1.271000,0.020292
1.272000,0.020141
1.273000,0.019991
1.274000,0.019843
1.275000,0.019695
1.276000,0.019548
1.277000,0.019403
1.278000,0.019258
1.279000,0.019114
1.280000,0.018972
1.281000,0.018830
1.282000,0.018690
1.283000,0.018550
1.284000,0.018412
1.285000,0.018274
1.286000,0.018138
1.287000,0.018002
1.288000,0.017868
1.289000,0.017734
1.290000,0.017602
1.291000,0.017470
1.292000,0.017339
1.293000,0.017210
1.294000,0.017081
1.295000,0.016953
1.296000,0.016826
1.297000,0.016700
1.298000,0.016575
1.299000,0.016450
1.300000,0.016327
1.301000,0.016205
1.302000,0.016083
1.303000,0.015963
1.304000,0.015843
1.305000,0.015724
1.306000,0.015606
1.307000,0.015489
1.308000,0.015373
1.309000,0.015257
1.310000,0.015143
1.311000,0.015029
1.312000,0.014916
1.313000,0.014804
1.314000,0.014693
1.315000,0.014583
1.316000,0.014473
1.317000,0.014364
1.318000,0.014256
1.319000,0.014149
1.320000,0.014043
1.321000,0.013937
1.322000,0.013833
1.323000,0.013729
1.324000,0.013626
1.325000,0.013523
1.326000,0.013422
1.327000,0.013321
1.328000,0.013221
1.329000,0.013121
1.330000,0.013023
1.331000,0.012925
1.332000,0.012828
1.333000,0.012731
1.334000,0.012636
1.335000,0.012541
1.336000,0.012447
1.337000,0.012353
1.338000,0.012260
1.339000,0.012168
1.340000,0.012077
1.341000,0.011986
1.342000,0.011897
1.343000,0.011807
1.344000,0.011719
1.345000,0.011631
1.346000,0.011544
1.347000,0.011457
1.348000,0.011371
1.349000,0.011286
1.350000,0.011202
1.351000,0.011118
1.352000,0.011035
1.353000,0.010952
1.354000,0.010870
1.355000,0.010789
1.356000,0.010708
1.357000,0.010628
1.358000,0.010549
1.359000,0.010470
1.360000,0.010392
1.361000,0.010314
1.362000,0.010237
1.363000,0.010161
1.364000,0.010085
1.365000,0.010010
1.366000,0.009936
1.367000,0.009862
1.368000,0.009788
1.369000,0.009715
1.370000,0.009643
1.371000,0.009572
1.372000,0.009501
1.373000,0.009430
1.374000,0.009360
1.375000,0.009291
1.376000,0.009222
1.377000,0.009154
1.378000,0.009086
1.379000,0.009019
1.380000,0.008952
1.381000,0.008886
1.382000,0.008821
1.383000,0.008756
1.384000,0.008691
1.385000,0.008627
1.386000,0.008564
1.387000,0.008501
1.388000,0.008438
1.389000,0.008376
1.390000,0.008315
1.391000,0.008254
1.392000,0.008194
1.393000,0.008134
1.394000,0.008074
1.395000,0.008015
1.396000,0.007957
1.397000,0.007899
1.398000,0.007842
1.399000,0.007785
1.400000,0.007728
1.401000,0.007672
1.402000,0.007616
1.403000,0.007561
1.404000,0.007506
1.405000,0.007452
1.406000,0.007398
1.407000,0.007345
1.408000,0.007292
1.409000,0.007240
1.410000,0.007188
1.411000,0.007136
1.412000,0.007085
1.413000,0.007034
1.414000,0.006984
1.415000,0.006934
1.416000,0.006885
1.417000,0.006835
1.418000,0.006787
1.419000,0.006739
1.420000,0.006691
1.421000,0.006643
1.422000,0.006596
1.423000,0.006550
1.424000,0.006504
1.425000,0.006458
1.426000,0.006412
1.427000,0.006367
1.428000,0.006323
1.429000,0.006278
1.430000,0.006235
1.431000,0.006191
1.432000,0.006148
1.433000,0.006105
1.434000,0.006063
1.435000,0.006021
1.436000,0.005979
1.437000,0.005938
1.438000,0.005897
1.439000,0.005856
1.440000,0.005816
1.441000,0.005776
1.442000,0.005737
1.443000,0.005697
1.444000,0.005658
1.445000,0.005620
1.446000,0.005582
1.447000,0.005544
1.448000,0.005506
1.449000,0.005469
1.450000,0.005432
1.451000,0.005396
1.452000,0.005360
1.453000,0.005324
1.454000,0.005288
1.455000,0.005253
1.456000,0.005218
1.457000,0.005183
1.458000,0.005149
1.459000,0.005115
1.460000,0.005081
1.461000,0.005048
1.462000,0.005015
1.463000,0.004982
1.464000,0.004949
1.465000,0.004917
1.466000,0.004885
1.467000,0.004853
1.468000,0.004822
1.469000,0.004791
1.470000,0.004760
1.471000,0.004729
1.472000,0.004699
1.473000,0.004669
1.474000,0.004639
1.475000,0.004610
1.476000,0.004581
1.477000,0.004552
1.478000,0.004523
1.479000,0.004494
1.480000,0.004466
1.481000,0.004438
1.482000,0.004411
1.483000,0.004383
1.484000,0.004356
1.485000,0.004329
1.486000,0.004303
1.487000,0.004276
1.488000,0.004250
1.489000,0.004224
1.490000,0.004198
1.491000,0.004173
1.492000,0.004148
1.493000,0.004123
1.494000,0.004098
1.495000,0.004073
1.496000,0.004049
1.497000,0.004025
1.498000,0.004001
1.499000,0.003977
1.500000,0.003954
1.501000,0.003931
1.502000,0.003908
1.503000,0.003885
1.504000,0.003862
1.505000,0.003840
1.506000,0.003818
1.507000,0.003796
1.508000,0.003774
1.509000,0.003753
1.510000,0.003731
1.511000,0.003710
1.512000,0.003689
1.513000,0.003668
1.514000,0.003648
1.515000,0.003627
1.516000,0.003607
1.517000,0.003587
1.518000,0.003567
1.519000,0.003548
1.520000,0.003528
1.521000,0.003509
1.522000,0.003490
1.523000,0.003471
1.524000,0.003453
1.525000,0.003434
1.526000,0.003416
1.527000,0.003397
1.528000,0.003379
1.529000,0.003362
1.530000,0.003344
1.531000,0.003326
1.532000,0.003309
1.533000,0.003292
1.534000,0.003275
1.535000,0.003258
1.536000,0.003241
1.537000,0.003225
1.538000,0.003208
1.539000,0.003192
1.540000,0.003176
1.541000,0.003160
1.542000,0.003144
1.543000,0.003129
1.544000,0.003113
1.545000,0.003098
1.546000,0.003083
1.547000,0.003068
1.548000,0.003053
1.549000,0.003038
1.550000,0.003024
1.551000,0.003009
1.552000,0.002995
1.553000,0.002981
1.554000,0.002967
1.555000,0.002953
1.556000,0.002939
1.557000,0.002925
1.558000,0.002912
1.559000,0.002898
1.560000,0.002885
1.561000,0.002872
1.562000,0.002859
1.563000,0.002846
1.564000,0.002833
1.565000,0.002821
1.566000,0.002808
1.567000,0.002796
1.568000,0.002784
1.569000,0.002771
1.570000,0.002759
1.571000,0.002747
1.572000,0.002736
1.573000,0.002724
1.574000,0.002712
1.575000,0.002701
1.576000,0.002690
1.577000,0.002678
1.578000,0.002667
1.579000,0.002656
1.580000,0.002645
1.581000,0.002634
1.582000,0.002624
1.583000,0.002613
1.584000,0.002602
1.585000,0.002592
1.586000,0.002582
1.587000,0.002571
1.588000,0.002561
1.589000,0.002551
1.590000,0.002541
1.591000,0.002532
1.592000,0.002522
1.593000,0.002512
1.594000,0.002503
1.595000,0.002493
1.596000,0.002484
1.597000,0.002474
1.598000,0.002465
1.599000,0.002456
1.600000,0.002447
1.601000,0.002438
1.602000,0.002429
1.603000,0.002421
1.604000,0.002412
1.605000,0.002403
1.606000,0.002395
1.607000,0.002386
1.608000,0.002378
1.609000,0.002370
1.610000,0.002361
1.611000,0.002353
1.612000,0.002345
1.613000,0.002337
1.614000,0.002329
1.615000,0.002321
1.616000,0.002314
1.617000,0.002306
1.618000,0.002298
1.619000,0.002291
1.620000,0.002283
1.621000,0.002276
1.622000,0.002269
1.623000,0.002261
1.624000,0.002254
1.625000,0.002247
1.626000,0.002240
1.627000,0.002233
1.628000,0.002226
1.629000,0.002219
1.630000,0.002212
1.631000,0.002205
1.632000,0.002199
1.633000,0.002192
1.634000,0.002185
1.635000,0.002179
1.636000,0.002172
1.637000,0.002166
1.638000,0.002160
1.639000,0.002153
1.640000,0.002147
1.641000,0.002141
1.642000,0.002135
1.643000,0.002129
1.644000,0.002123
1.645000,0.002117
1.646000,0.002111
1.647000,0.002105
1.648000,0.002099
1.649000,0.002093
1.650000,0.002088
1.651000,0.002082
1.652000,0.002076
1.653000,0.002071
1.654000,0.002065
1.655000,0.002060
1.656000,0.002054
1.657000,0.002049
1.658000,0.002044
1.659000,0.002038
1.660000,0.002033
1.661000,0.002028
1.662000,0.002023
1.663000,0.002018
1.664000,0.002013
1.665000,0.002008
1.666000,0.002003
1.667000,0.001998
1.668000,0.001993
1.669000,0.001988
1.670000,0.001983
1.671000,0.001978
1.672000,0.001973
1.673000,0.001969
1.674000,0.001964
1.675000,0.001959
1.676000,0.001955
1.677000,0.001950
1.678000,0.001946
1.679000,0.001941
1.680000,0.001937
1.681000,0.001932
1.682000,0.001928
1.683000,0.001923
1.684000,0.001919
1.685000,0.001915
1.686000,0.001910
1.687000,0.001906
1.688000,0.001902
1.689000,0.001898
1.690000,0.001894
1.691000,0.001889
1.692000,0.001885
1.693000,0.001881
1.694000,0.001877
1.695000,0.001873
1.696000,0.001869
1.697000,0.001865
1.698000,0.001861
1.699000,0.001857
1.700000,0.001853
1.701000,0.001850
1.702000,0.001846
1.703000,0.001842
1.704000,0.001838
1.705000,0.001834
1.706000,0.001831
1.707000,0.001827
1.708000,0.001823
1.709000,0.001819
1.710000,0.001816
1.711000,0.001812
1.712000,0.001809
1.713000,0.001805
1.714000,0.001801
1.715000,0.001798
1.716000,0.001794
1.717000,0.001791
1.718000,0.001787
1.719000,0.001784
1.720000,0.001780
1.721000,0.001777
1.722000,0.001774
1.723000,0.001770
1.724000,0.001767
1.725000,0.001763
1.726000,0.001760
1.727000,0.001757
1.728000,0.001753
1.729000,0.001750
1.730000,0.001747
1.731000,0.001744
1.732000,0.001740
1.733000,0.001737
1.734000,0.001734
1.735000,0.001731
1.736000,0.001727
1.737000,0.001724
1.738000,0.001721
1.739000,0.001718
1.740000,0.001715
1.741000,0.001712
1.742000,0.001709
1.743000,0.001706
1.744000,0.001702
1.745000,0.001699
1.746000,0.001696
1.747000,0.001693
1.748000,0.001690
1.749000,0.001687
1.750000,0.001684
1.751000,0.001681
1.752000,0.001678
1.753000,0.001675
1.754000,0.001672
1.755000,0.001669
1.756000,0.001666
1.757000,0.001663
1.758000,0.001661
1.759000,0.001658
1.760000,0.001655
1.761000,0.001652
1.762000,0.001649
1.763000,0.001646
1.764000,0.001643
1.765000,0.001640
1.766000,0.001637
1.767000,0.001635
1.768000,0.001632
1.769000,0.001629
1.770000,0.001626
1.771000,0.001623
1.772000,0.001620
1.773000,0.001618
1.774000,0.001615
1.775000,0.001612
1.776000,0.001609
1.777000,0.001606
1.778000,0.001604
1.779000,0.001601
1.780000,0.001598
1.781000,0.001595
1.782000,0.001593
1.783000,0.001590
1.784000,0.001587
1.785000,0.001584
1.786000,0.001582
1.787000,0.001579
1.788000,0.001576
1.789000,0.001574
1.790000,0.001571
1.791000,0.001568
1.792000,0.001565
1.793000,0.001563
1.794000,0.001560
1.795000,0.001557
1.796000,0.001555
1.797000,0.001552
1.798000,0.001549
1.799000,0.001547
1.800000,0.001544
1.801000,0.001541
1.802000,0.001539
1.803000,0.001536
1.804000,0.001533
1.805000,0.001531
1.806000,0.001528
1.807000,0.001525
1.808000,0.001523
1.809000,0.001520
1.810000,0.001517
1.811000,0.001515
1.812000,0.001512
1.813000,0.001509
1.814000,0.001507
1.815000,0.001504
1.816000,0.001502
1.817000,0.001499
1.818000,0.001496
1.819000,0.001494
1.820000,0.001491
1.821000,0.001488
1.822000,0.001486
1.823000,0.001483
1.824000,0.001481
1.825000,0.001478
1.826000,0.001475
1.827000,0.001473
1.828000,0.001470
1.829000,0.001467
1.830000,0.001465
1.831000,0.001462
1.832000,0.001460
1.833000,0.001457
1.834000,0.001454
1.835000,0.001452
1.836000,0.001449
1.837000,0.001447
1.838000,0.001444
1.839000,0.001441
1.840000,0.001439
1.841000,0.001436
1.842000,0.001433
1.843000,0.001431
1.844000,0.001428
1.845000,0.001426
1.846000,0.001423
1.847000,0.001420
1.848000,0.001418
1.849000,0.001415
1.850000,0.001413
1.851000,0.001410
1.852000,0.001407
1.853000,0.001405
1.854000,0.001402
1.855000,0.001400
1.856000,0.001397
1.857000,0.001394
1.858000,0.001392
1.859000,0.001389
1.860000,0.001386
1.861000,0.001384
1.862000,0.001381
1.863000,0.001379
1.864000,0.001376
1.865000,0.001373
1.866000,0.001371
1.867000,0.001368
1.868000,0.001366
1.869000,0.001363
1.870000,0.001360
1.871000,0.001358
1.872000,0.001355
1.873000,0.001352
1.874000,0.001350
1.875000,0.001347
1.876000,0.001345
1.877000,0.001342
1.878000,0.001339
1.879000,0.001337
1.880000,0.001334
1.881000,0.001331
1.882000,0.001329
1.883000,0.001326
1.884000,0.001324
1.885000,0.001321
1.886000,0.001318
1.887000,0.001316
1.888000,0.001313
1.889000,0.001310
1.890000,0.001308
1.891000,0.001305
1.892000,0.001302
1.893000,0.001300
1.894000,0.001297
1.895000,0.001295
1.896000,0.001292
1.897000,0.001289
1.898000,0.001287
1.899000,0.001284
1.900000,0.001281
1.901000,0.001279
1.902000,0.001276
1.903000,0.001273
1.904000,0.001271
1.905000,0.001268
1.906000,0.001266
1.907000,0.001263
1.908000,0.001260
1.909000,0.001258
1.910000,0.001255
1.911000,0.001252
1.912000,0.001250
1.913000,0.001247
1.914000,0.001244
1.915000,0.001242
1.916000,0.001239
1.917000,0.001236
1.918000,0.001234
1.919000,0.001231
1.920000,0.001228
1.921000,0.001226
1.922000,0.001223
1.923000,0.001220
1.924000,0.001218
1.925000,0.001215
1.926000,0.001212
1.927000,0.001210
1.928000,0.001207
1.929000,0.001204
1.930000,0.001202
1.931000,0.001199
1.932000,0.001197
1.933000,0.001194
1.934000,0.001191
1.935000,0.001189
1.936000,0.001186
1.937000,0.001183
1.938000,0.001181
1.939000,0.001178
1.940000,0.001175
1.941000,0.001173
1.942000,0.001170
1.943000,0.001167
1.944000,0.001165
1.945000,0.001162
1.946000,0.001159
1.947000,0.001157
1.948000,0.001154
1.949000,0.001151
1.950000,0.001149
1.951000,0.001146
1.952000,0.001143
1.953000,0.001141
1.954000,0.001138
1.955000,0.001135
1.956000,0.001133
1.957000,0.001130
1.958000,0.001127
1.959000,0.001125
1.960000,0.001122
1.961000,0.001119
1.962000,0.001117
1.963000,0.001114
1.964000,0.001111
1.965000,0.001109
1.966000,0.001106
1.967000,0.001103
1.968000,0.001101
1.969000,0.001098
1.970000,0.001095
1.971000,0.001093
1.972000,0.001090
1.973000,0.001087
1.974000,0.001085
1.975000,0.001082
1.976000,0.001080
1.977000,0.001077
1.978000,0.001074
1.979000,0.001072
1.980000,0.001069
1.981000,0.001066
1.982000,0.001064
1.983000,0.001061
1.984000,0.001058
1.985000,0.001056
1.986000,0.001053
1.987000,0.001050
1.988000,0.001048
1.989000,0.001045
1.990000,0.001043
1.991000,0.001040
1.992000,0.001037
1.993000,0.001035
1.994000,0.001032
1.995000,0.001029
1.996000,0.001027
1.997000,0.001024
1.998000,0.001022
1.999000,0.001019
2.000000,0.001016
2.001000,0.001014
2.002000,0.001011
2.003000,0.001008
2.004000,0.001006
2.005000,0.001003
2.006000,0.001001
2.007000,0.000998
2.008000,0.000995
2.009000,0.000993
2.010000,0.000990
2.011000,0.000988
2.012000,0.000985
2.013000,0.000982
2.014000,0.000980
2.015000,0.000977
2.016000,0.000975
2.017000,0.000972
2.018000,0.000969
2.019000,0.000967
2.020000,0.000964
2.021000,0.000962
2.022000,0.000959
2.023000,0.000957
2.024000,0.000954
2.025000,0.000951
2.026000,0.000949
2.027000,0.000946
2.028000,0.000944
2.029000,0.000941
2.030000,0.000939
2.031000,0.000936
2.032000,0.000934
2.033000,0.000931
2.034000,0.000928
2.035000,0.000926
2.036000,0.000923
2.037000,0.000921
2.038000,0.000918
2.039000,0.000916
2.040000,0.000913
2.041000,0.000911
2.042000,0.000908
2.043000,0.000906
2.044000,0.000903
2.045000,0.000901
2.046000,0.000898
2.047000,0.000896
2.048000,0.000893
2.049000,0.000891
2.050000,0.000888
2.051000,0.000886
2.052000,0.000883
2.053000,0.000881
2.054000,0.000878
2.055000,0.000876
2.056000,0.000873
2.057000,0.000871
2.058000,0.000868
2.059000,0.000866
2.060000,0.000863
2.061000,0.000861
2.062000,0.000858
2.063000,0.000856
2.064000,0.000854
2.065000,0.000851
2.066000,0.000849
2.067000,0.000846
2.068000,0.000844
2.069000,0.000841
2.070000,0.000839
2.071000,0.000837
2.072000,0.000834
2.073000,0.000832
2.074000,0.000829
2.075000,0.000827
2.076000,0.000824
2.077000,0.000822
2.078000,0.000820
2.079000,0.000817
2.080000,0.000815
2.081000,0.000813
2.082000,0.000810
2.083000,0.000808
2.084000,0.000805
2.085000,0.000803
2.086000,0.000801
2.087000,0.000798
2.088000,0.000796
2.089000,0.000794
2.090000,0.000791
2.091000,0.000789
2.092000,0.000787
2.093000,0.000784
2.094000,0.000782
2.095000,0.000780
2.096000,0.000777
2.097000,0.000775
2.098000,0.000773
2.099000,0.000770
2.100000,0.000768
2.101000,0.000766
2.102000,0.000764
2.103000,0.000761
2.104000,0.000759
2.105000,0.000757
2.106000,0.000754
2.107000,0.000752
2.108000,0.000750
2.109000,0.000748
2.110000,0.000745
2.111000,0.000743
2.112000,0.000741
2.113000,0.000739
2.114000,0.000736
2.115000,0.000734
2.116000,0.000732
2.117000,0.000730
2.118000,0.000728
2.119000,0.000725
2.120000,0.000723
2.121000,0.000721
2.122000,0.000719
2.123000,0.000717
2.124000,0.000714
2.125000,0.000712
2.126000,0.000710
2.127000,0.000708
2.128000,0.000706
2.129000,0.000704
2.130000,0.000701
2.131000,0.000699
2.132000,0.000697
2.133000,0.000695
2.134000,0.000693
2.135000,0.000691
2.136000,0.000689
2.137000,0.000687
2.138000,0.000685
2.139000,0.000682
2.140000,0.000680
2.141000,0.000678
2.142000,0.000676
2.143000,0.000674
2.144000,0.000672
2.145000,0.000670
2.146000,0.000668
2.147000,0.000666
2.148000,0.000664
2.149000,0.000662
2.150000,0.000660
2.151000,0.000658
2.152000,0.000656
2.153000,0.000654
2.154000,0.000652
2.155000,0.000650
2.156000,0.000648
2.157000,0.000646
2.158000,0.000644
2.159000,0.000642
2.160000,0.000640
2.161000,0.000638
2.162000,0.000636
2.163000,0.000634
2.164000,0.000632
2.165000,0.000630
2.166000,0.000628
2.167000,0.000626
2.168000,0.000624
2.169000,0.000622
2.170000,0.000620
2.171000,0.000618
2.172000,0.000616
2.173000,0.000614
2.174000,0.000612
2.175000,0.000610
2.176000,0.000609
2.177000,0.000607
2.178000,0.000605
2.179000,0.000603
2.180000,0.000601
2.181000,0.000599
2.182000,0.000597
2.183000,0.000596
2.184000,0.000594
2.185000,0.000592
2.186000,0.000590
2.187000,0.000588
2.188000,0.000586
2.189000,0.000585
2.190000,0.000583
2.191000,0.000581
2.192000,0.000579
2.193000,0.000577
2.194000,0.000576
2.195000,0.000574
2.196000,0.000572
2.197000,0.000570
2.198000,0.000568
2.199000,0.000567
2.200000,0.000565
2.201000,0.000563
2.202000,0.000561
2.203000,0.000560
2.204000,0.000558
2.205000,0.000556
2.206000,0.000555
2.207000,0.000553
2.208000,0.000551
2.209000,0.000549
2.210000,0.000548
2.211000,0.000546
2.212000,0.000544
2.213000,0.000543
2.214000,0.000541
2.215000,0.000539
2.216000,0.000538
2.217000,0.000536
2.218000,0.000534
2.219000,0.000533
2.220000,0.000531
2.221000,0.000530
2.222000,0.000528
2.223000,0.000526
2.224000,0.000525
2.225000,0.000523
2.226000,0.000522
2.227000,0.000520
2.228000,0.000518
2.229000,0.000517
2.230000,0.000515
2.231000,0.000514
2.232000,0.000512
2.233000,0.000511
2.234000,0.000509
2.235000,0.000508
2.236000,0.000506
2.237000,0.000504
2.238000,0.000503
2.239000,0.000501
2.240000,0.000500
2.241000,0.000498
2.242000,0.000497
2.243000,0.000495
2.244000,0.000494
2.245000,0.000493
2.246000,0.000491
2.247000,0.000490
2.248000,0.000488
2.249000,0.000487
2.250000,0.000485
2.251000,0.000484
2.252000,0.000482
2.253000,0.000481
2.254000,0.000480
2.255000,0.000478
2.256000,0.000477
2.257000,0.000475
2.258000,0.000474
2.259000,0.000472
2.260000,0.000471
2.261000,0.000470
2.262000,0.000468
2.263000,0.000467
2.264000,0.000466
2.265000,0.000464
2.266000,0.000463
2.267000,0.000462
2.268000,0.000460
2.269000,0.000459
2.270000,0.000458
2.271000,0.000456
2.272000,0.000455
2.273000,0.000454
2.274000,0.000452
2.275000,0.000451
2.276000,0.000450
2.277000,0.000448
2.278000,0.000447
2.279000,0.000446
2.280000,0.000445
2.281000,0.000443
2.282000,0.000442
2.283000,0.000441
2.284000,0.000440
2.285000,0.000438
2.286000,0.000437
2.287000,0.000436
2.288000,0.000435
2.289000,0.000434
2.290000,0.000432
2.291000,0.000431
2.292000,0.000430
2.293000,0.000429
2.294000,0.000428
2.295000,0.000426
2.296000,0.000425
2.297000,0.000424
2.298000,0.000423
2.299000,0.000422
2.300000,0.000421
2.301000,0.000419
2.302000,0.000418
2.303000,0.000417
2.304000,0.000416
2.305000,0.000415
2.306000,0.000414
2.307000,0.000413
2.308000,0.000412
2.309000,0.000411
2.310000,0.000409
2.311000,0.000408
2.312000,0.000407
2.313000,0.000406
2.314000,0.000405
2.315000,0.000404
2.316000,0.000403
2.317000,0.000402
2.318000,0.000401
2.319000,0.000400
2.320000,0.000399
2.321000,0.000398
2.322000,0.000397
2.323000,0.000396
2.324000,0.000395
2.325000,0.000394
2.326000,0.000393
2.327000,0.000392
2.328000,0.000391
2.329000,0.000390
2.330000,0.000389
2.331000,0.000388
2.332000,0.000387
2.333000,0.000386
2.334000,0.000385
2.335000,0.000384
2.336000,0.000383
2.337000,0.000382
2.338000,0.000381
2.339000,0.000380
2.340000,0.000379
2.341000,0.000378
2.342000,0.000377
2.343000,0.000377
2.344000,0.000376
2.345000,0.000375
2.346000,0.000374
2.347000,0.000373
2.348000,0.000372
2.349000,0.000371
2.350000,0.000370
2.351000,0.000369
2.352000,0.000369
2.353000,0.000368
2.354000,0.000367
2.355000,0.000366
2.356000,0.000365
2.357000,0.000364
2.358000,0.000364
2.359000,0.000363
2.360000,0.000362
2.361000,0.000361
2.362000,0.000360
2.363000,0.000359
2.364000,0.000359
2.365000,0.000358
2.366000,0.000357
2.367000,0.000356
2.368000,0.000355
2.369000,0.000355
2.370000,0.000354
2.371000,0.000353
2.372000,0.000352
2.373000,0.000352
2.374000,0.000351
2.375000,0.000350
2.376000,0.000349
2.377000,0.000349
2.378000,0.000348
2.379000,0.000347
2.380000,0.000346
2.381000,0.000346
2.382000,0.000345
2.383000,0.000344
2.384000,0.000344
2.385000,0.000343
2.386000,0.000342
2.387000,0.000342
2.388000,0.000341
2.389000,0.000340
2.390000,0.000339
2.391000,0.000339
2.392000,0.000338
2.393000,0.000337
2.394000,0.000337
2.395000,0.000336
2.396000,0.000336
2.397000,0.000335
2.398000,0.000334
2.399000,0.000334
2.400000,0.000333
2.401000,0.000332
2.402000,0.000332
2.403000,0.000331
2.404000,0.000331
2.405000,0.000330
2.406000,0.000329
2.407000,0.000329
2.408000,0.000328
2.409000,0.000328
2.410000,0.000327
2.411000,0.000326
2.412000,0.000326
2.413000,0.000325
2.414000,0.000325
2.415000,0.000324
2.416000,0.000323
2.417000,0.000323
2.418000,0.000322
2.419000,0.000322
2.420000,0.000321
2.421000,0.000321
2.422000,0.000320
2.423000,0.000320
2.424000,0.000319
2.425000,0.000319
2.426000,0.000318
2.427000,0.000318
2.428000,0.000317
2.429000,0.000317
2.430000,0.000316
2.431000,0.000316
2.432000,0.000315
2.433000,0.000315
2.434000,0.000314
2.435000,0.000314
2.436000,0.000313
2.437000,0.000313
2.438000,0.000312
2.439000,0.000312
2.440000,0.000311
2.441000,0.000311
2.442000,0.000310
2.443000,0.000310
2.444000,0.000309
2.445000,0.000309
2.446000,0.000309
2.447000,0.000308
2.448000,0.000308
2.449000,0.000307
2.450000,0.000307
2.451000,0.000306
2.452000,0.000306
2.453000,0.000306
2.454000,0.000305
2.455000,0.000305
2.456000,0.000304
2.457000,0.000304
2.458000,0.000304
2.459000,0.000303
2.460000,0.000303
2.461000,0.000302
2.462000,0.000302
2.463000,0.000302
2.464000,0.000301
2.465000,0.000301
2.466000,0.000300
2.467000,0.000300
2.468000,0.000300
2.469000,0.000299
2.470000,0.000299
2.471000,0.000299
2.472000,0.000298
2.473000,0.000298
2.474000,0.000298
2.475000,0.000297
2.476000,0.000297
2.477000,0.000297
2.478000,0.000296
2.479000,0.000296
2.480000,0.000296
2.481000,0.000295
2.482000,0.000295
2.483000,0.000295
2.484000,0.000294
2.485000,0.000294
2.486000,0.000294
2.487000,0.000294
2.488000,0.000293
2.489000,0.000293
2.490000,0.000293
2.491000,0.000292
2.492000,0.000292
2.493000,0.000292
2.494000,0.000292
2.495000,0.000291
2.496000,0.000291
2.497000,0.000291
2.498000,0.000290
2.499000,0.000290
2.500000,0.000290
2.501000,0.000290
2