time,base_heading,distance_ball_base,distance_ball_hand
0.0000,2.2089,0.0000,0.0000
0.0010,2.2089,0.0000,0.0000
0.0020,2.2089,0.0000,0.0000
0.0030,2.2089,0.0000,0.0000
0.0040,2.2089,0.0000,0.0000
0.0050,2.2089,0.0000,0.0000
0.0060,2.2089,0.0000,0.0000
0.0070,2.2089,0.0000,0.0000
0.0080,2.2089,0.0000,0.0000
0.0090,2.2089,0.0000,0.0000
0.0100,2.2089,0.0000,0.0000
0.0110,2.2089,0.0000,0.0000
0.0120,2.2089,0.0000,0.0000
0.0130,2.2089,0.0000,0.0000
0.0140,2.2089,0.0000,0.0000
0.0150,2.2089,0.0000,0.0000
0.0160,2.2089,0.0000,0.0000
0.0170,2.2089,0.0000,0.0000
0.0180,2.2089,0.0000,0.0000
0.0190,2.2089,0.0000,0.0000
0.0200,2.2089,0.0000,0.0000
0.0210,2.2089,0.0000,0.0000
0.0220,2.2089,0.0000,0.0000
0.0230,2.2089,0.0000,0.0000
0.0240,2.2089,0.0000,0.0000
0.0250,2.2089,0.0000,0.0000
0.0260,2.2089,0.0000,0.0000
0.0270,2.2089,0.0000,0.0000
0.0280,2.2089,0.0000,0.0000
0.0290,2.2089,0.0000,0.0000
0.0300,2.2089,0.0000,0.0000
0.0310,2.2089,0.0000,0.0000
0.0320,2.2089,0.0000,0.0000
0.0330,2.2089,0.0000,0.0000
0.0340,2.2089,0.0000,0.0000
0.0350,2.2089,0.0000,0.0000
0.0360,2.2089,0.0000,0.0000
0.0370,2.2089,0.0000,0.0000
0.0380,2.2089,0.0000,0.0000
0.0390,2.2089,0.0000,0.0000
0.0400,2.2089,0.0000,0.0000
0.0410,2.2089,0.0000,0.0000
0.0420,2.2089,0.0000,0.0000
0.0430,2.2089,0.0000,0.0000
0.0440,2.2089,0.0000,0.0000
0.0450,2.2089,0.0000,0.0000
0.0460,2.2089,0.0000,0.0000
0.0470,2.2089,0.0000,0.0000
0.0480,2.2089,0.0000,0.0000
0.0490,2.2089,0.0000,0.0000
0.0500,2.2089,0.0000,0.0000
0.0510,2.2089,0.0000,0.0000
0.0520,2.2089,0.0000,0.0000
0.0530,2.2089,0.0000,0.0000
0.0540,2.2089,0.0000,0.0000
0.0550,2.2089,0.0000,0.0000
0.0560,2.2089,0.0000,0.0000
0.0570,2.2089,0.0000,0.0000
0.0580,2.2089,0.0000,0.0000
0.0590,2.2089,0.0000,0.0000
0.0600,2.2089,0.0000,0.0000
0.0610,2.2089,0.0000,0.0000
0.0620,2.2089,0.0000,0.0000
0.0630,2.2089,0.0000,0.0000
0.0640,2.2089,0.0000,0.0000
0.0650,2.2089,0.0000,0.0000
0.0660,2.2089,0.0000,0.0000
0.0670,2.2089,0.0000,0.0000
0.0680,2.2089,0.0000,0.0000
0.0690,2.2089,0.0000,0.0000
0.0700,2.2089,0.0000,0.0000
0.0710,2.2089,0.0000,0.0000
0.0720,2.2089,0.0000,0.0000
0.0730,2.2089,0.0000,0.0000
0.0740,2.2089,0.0000,0.0000
0.0750,2.2089,0.0000,0.0000
0.0760,2.2089,0.0000,0.0000
0.0770,2.2089,0.0000,0.0000
0.0780,2.2089,0.0000,0.0000
0.0790,2.2089,0.0000,0.0000
0.0800,2.2089,0.0000,0.0000
0.0810,2.2089,0.0000,0.0000
0.0820,2.2089,0.0000,0.0000
0.0830,2.2089,0.0000,0.0000
0.0840,2.2089,0.0000,0.0000
0.0850,2.2089,0.0000,0.0000
0.0860,2.2089,0.0000,0.0000
0.0870,2.2089,0.0000,0.0000
0.0880,2.2089,0.0000,0.0000
0.0890,2.2089,0.0000,0.0000
0.0900,2.2089,0.0000,0.0000
0.0910,2.2089,0.0000,0.0000
0.0920,2.2089,0.0000,0.0000
0.0930,2.2089,0.0000,0.0000
0.0940,2.2089,0.0000,0.0000
0.0950,2.2089,0.0000,0.0000
0.0960,2.2089,0.0000,0.0000
0.0970,2.2089,0.0000,0.0000
0.0980,2.2089,0.0000,0.0000
0.0990,2.2089,0.0000,0.0000
0.1000,2.2089,0.0000,0.0000
0.1010,2.2089,0.0000,0.0000
0.1020,2.2089,0.0000,0.0000
0.1030,2.2089,0.0000,0.0000
0.1040,2.2089,0.0000,0.0000
0.1050,2.2089,0.0000,0.0000
0.1060,2.2089,0.0000,0.0000
0.1070,2.2089,0.0000,0.0000
0.1080,2.2089,0.0000,0.0000
0.1090,2.2089,0.0000,0.0000
0.1100,2.2089,0.0000,0.0000
0.1110,2.2089,0.0000,0.0000
0.1120,2.2089,0.0000,0.0000
0.1130,2.2089,0.0000,0.0000
0.1140,2.2089,0.0000,0.0000
0.1150,2.2089,0.0000,0.0000
0.1160,2.2089,0.0000,0.0000
0.1170,2.2089,0.0000,0.0000
0.1180,2.2089,0.0000,0.0000
0.1190,2.2089,0.0000,0.0000
0.1200,2.2089,0.0000,0.0000
0.1210,2.2089,0.0000,0.0000
0.1220,2.2089,0.0000,0.0000
0.1230,2.2089,0.0000,0.0000
0.1240,2.2089,0.0000,0.0000
0.1250,2.2089,0.0000,0.0000
0.1260,2.2089,0.0000,0.0000
0.1270,2.2089,0.0000,0.0000
0.1280,2.2089,0.0000,0.0000
0.1290,2.2089,0.0000,0.0000
0.1300,2.2089,0.0000,0.0000
0.1310,2.2089,0.0000,0.0000
0.1320,2.2089,0.0000,0.0000
0.1330,2.2089,0.0000,0.0000
0.1340,2.2089,0.0000,0.0000
0.1350,2.2089,0.0000,0.0000
0.1360,2.2089,0.0000,0.0000
0.1370,2.2089,0.0000,0.0000
0.1380,2.2089,0.0000,0.0000
0.1390,2.2089,0.0000,0.0000
0.1400,2.2089,0.0000,0.0000
0.1410,2.2089,0.0000,0.0000
0.1420,2.2089,0.0000,0.0000
0.1430,2.2089,0.0000,0.0000
0.1440,2.2089,0.0000,0.0000
0.1450,2.2089,0.0000,0.0000
0.1460,2.2089,0.0000,0.0000
0.1470,2.2089,0.0000,0.0000
0.1480,2.2089,0.0000,0.0000
0.1490,2.2089,0.0000,0.0000
0.1500,2.2089,0.0000,0.0000
0.1510,2.2089,0.0000,0.0000
0.1520,2.2089,0.0000,0.0000
0.1530,2.2089,0.0000,0.0000
0.1540,2.2089,0.0000,0.0000
0.1550,2.2089,0.0000,0.0000
0.1560,2.2089,0.0000,0.0000
0.1570,2.2089,0.0000,0.0000
0.1580,2.2089,0.0000,0.0000
0.1590,2.2089,0.0000,0.0000
0.1600,2.2089,0.0000,0.0000
0.1610,2.2089,0.0000,0.0000
0.1620,2.2089,0.0000,0.0000
0.1630,2.2089,0.0000,0.0000
0.1640,2.2089,0.0000,0.0000
0.1650,2.2089,0.0000,0.0000
0.1660,2.2089,0.0000,0.0000
0.1670,2.2089,0.0000,0.0000
0.1680,2.2089,0.0000,0.0000
0.1690,2.2089,0.0000,0.0000
0.1700,2.2089,0.0000,0.0000
0.1710,2.2089,0.0000,0.0000
0.1720,2.2089,0.0000,0.0000
0.1730,2.2089,0.0000,0.0000
0.1740,2.2089,0.0000,0.0000
0.1750,2.2089,0.0000,0.0000
0.1760,2.2089,0.0000,0.0000
0.1770,2.2089,0.0000,0.0000
0.1780,2.2089,0.0000,0.0000
0.1790,2.2089,0.0000,0.0000
0.1800,2.2089,0.0000,0.0000
0.1810,2.2089,0.0000,0.0000
0.1820,2.2089,0.0000,0.0000
0.1830,2.2089,0.0000,0.0000
0.1840,2.2089,0.0000,0.0000
0.1850,2.2089,0.0000,0.0000
0.1860,2.2089,0.0000,0.0000
0.1870,2.2089,0.0000,0.0000
0.1880,2.2089,0.0000,0.0000
0.1890,2.2089,0.0000,0.0000
0.1900,2.2089,0.0000,0.0000
0.1910,2.2089,0.0000,0.0000
0.1920,2.2089,0.0000,0.0000
0.1930,2.2089,0.0000,0.0000
0.1940,2.2089,0.0000,0.0000
0.1950,2.2089,0.0000,0.0000
0.1960,2.2089,0.0000,0.0000
0.1970,2.2089,0.0000,0.0000
0.1980,2.2089,0.0000,0.0000
0.1990,2.2089,0.0000,0.0000
0.2000,-0.5400,0.0000,0.0000
0.2010,-0.5400,0.0000,0.0000
0.2020,-0.5400,0.0000,0.0000
0.2030,-0.5400,0.0000,0.0000
0.2040,-0.5400,0.0000,0.0000
0.2050,-0.5400,0.0000,0.0000
0.2060,-0.5400,0.0000,0.0000
0.2070,-0.5400,0.0000,0.0000
0.2080,-0.5400,0.0000,0.0000
0.2090,-0.5400,0.0000,0.0000
0.2100,-0.5400,0.0000,0.0000
0.2110,-0.5400,0.0000,0.0000
0.2120,-0.5400,0.0000,0.0000
0.2130,-0.5400,0.0000,0.0000
0.2140,-0.5400,0.0000,0.0000
0.2150,-0.5400,0.0000,0.0000
0.2160,-0.5400,0.0000,0.0000
0.2170,-0.5400,0.0000,0.0000
0.2180,-0.5400,0.0000,0.0000
0.2190,-0.5400,0.0000,0.0000
0.2200,-0.5400,0.0000,0.0000
0.2210,-0.5400,0.0000,0.0000
0.2220,-0.5400,0.0000,0.0000
0.2230,-0.5400,0.0000,0.0000
0.2240,-0.5400,0.0000,0.0000
0.2250,-0.5400,0.0000,0.0000
0.2260,-0.5400,0.0000,0.0000
0.2270,-0.5400,0.0000,0.0000
0.2280,-0.5400,0.0000,0.0000
0.2290,-0.5400,0.0000,0.0000
0.2300,-0.5400,0.0000,0.0000
0.2310,-0.5400,0.0000,0.0000
0.2320,-0.5400,0.0000,0.0000
0.2330,-0.5400,0.0000,0.0000
0.2340,-0.5400,0.0000,0.0000
0.2350,-0.5400,0.0000,0.0000
0.2360,-0.5400,0.0000,0.0000
0.2370,-0.5400,0.0000,0.0000
0.2380,-0.5400,0.0000,0.0000
0.2390,-0.5400,0.0000,0.0000
0.2400,-0.5400,0.0000,0.0000
0.2410,-0.5400,0.0000,0.0000
0.2420,-0.5400,0.0000,0.0000
0.2430,-0.5400,0.0000,0.0000
0.2440,-0.5400,0.0000,0.0000
0.2450,-0.5400,0.0000,0.0000
0.2460,-0.5400,0.0000,0.0000
0.2470,-0.5400,0.0000,0.0000
0.2480,-0.5400,0.0000,0.0000
0.2490,-0.5400,0.0000,0.0000
0.2500,-0.5400,0.0000,0.0000
0.2510,-0.5400,0.0000,0.0000
0.2520,-0.5400,0.0000,0.0000
0.2530,-0.5400,0.0000,0.0000
0.2540,-0.5400,0.0000,0.0000
0.2550,-0.5400,0.0000,0.0000
0.2560,-0.5400,0.0000,0.0000
0.2570,-0.5400,0.0000,0.0000
0.2580,-0.5400,0.0000,0.0000
0.2590,-0.5400,0.0000,0.0000
0.2600,-0.5400,0.0000,0.0000
0.2610,-0.5400,0.0000,0.0000
0.2620,-0.5400,0.0000,0.0000
0.2630,-0.5400,0.0000,0.0000
0.2640,-0.5400,0.0000,0.0000
0.2650,-0.5400,0.0000,0.0000
0.2660,-0.5400,0.0000,0.0000
0.2670,-0.5400,0.0000,0.0000
0.2680,-0.5400,0.0000,0.0000
0.2690,-0.5400,0.0000,0.0000
0.2700,-0.5400,0.0000,0.0000
0.2710,-0.5400,0.0000,0.0000
0.2720,-0.5400,0.0000,0.0000
0.2730,-0.5400,0.0000,0.0000
0.2740,-0.5400,0.0000,0.0000
0.2750,-0.5400,0.0000,0.0000
0.2760,-0.5400,0.0000,0.0000
0.2770,-0.5400,0.0000,0.0000
0.2780,-0.5400,0.0000,0.0000
0.2790,-0.5400,0.0000,0.0000
0.2800,-0.5400,0.0000,0.0000
0.2810,-0.5400,0.0000,0.0000
0.2820,-0.5400,0.0000,0.0000
0.2830,-0.5400,0.0000,0.0000
0.2840,-0.5400,0.0000,0.0000
0.2850,-0.5400,0.0000,0.0000
0.2860,-0.5400,0.0000,0.0000
0.2870,-0.5400,0.0000,0.0000
0.2880,-0.5400,0.0000,0.0000
0.2890,-0.5400,0.0000,0.0000
0.2900,-0.5400,0.0000,0.0000
0.2910,-0.5400,0.0000,0.0000
0.2920,-0.5400,0.0000,0.0000
0.2930,-0.5400,0.0000,0.0000
0.2940,-0.5400,0.0000,0.0000
0.2950,-0.5400,0.0000,0.0000
0.2960,-0.5400,0.0000,0.0000
0.2970,-0.5400,0.0000,0.0000
0.2980,-0.5400,0.0000,0.0000
0.2990,-0.5400,0.0000,0.0000
0.3000,-0.5400,0.0000,0.0000
0.3010,-0.5400,0.0000,0.0000
0.3020,-0.5400,0.0000,0.0000
0.3030,-0.5400,0.0000,0.0000
0.3040,-0.5400,0.0000,0.0000
0.3050,-0.5400,0.0000,0.0000
0.3060,-0.5400,0.0000,0.0000
0.3070,-0.5400,0.0000,0.0000
0.3080,-0.5400,0.0000,0.0000
0.3090,-0.5400,0.0000,0.0000
0.3100,-0.5400,0.0000,0.0000
0.3110,-0.5400,0.0000,0.0000
0.3120,-0.5400,0.0000,0.0000
0.3130,-0.5400,0.0000,0.0000
0.3140,-0.5400,0.0000,0.0000
0.3150,-0.5400,0.0000,0.0000
0.3160,-0.5400,0.0000,0.0000
0.3170,-0.5400,0.0000,0.0000
0.3180,-0.5400,0.0000,0.0000
0.3190,-0.5400,0.0000,0.0000
0.3200,-0.5400,0.0000,0.0000
0.3210,-0.5400,0.0000,0.0000
0.3220,-0.5400,0.0000,0.0000
0.3230,-0.5400,0.0000,0.0000
0.3240,-0.5400,0.0000,0.0000
0.3250,-0.5400,0.0000,0.0000
0.3260,-0.5400,0.0000,0.0000
0.3270,-0.5400,0.0000,0.0000
0.3280,-0.5400,0.0000,0.0000
0.3290,-0.5400,0.0000,0.0000
0.3300,-0.5400,0.0000,0.0000
0.3310,-0.5400,0.0000,0.0000
0.3320,-0.5400,0.0000,0.0000
0.3330,-0.5400,0.0000,0.0000
0.3340,-0.5400,0.0000,0.0000
0.3350,-0.5400,0.0000,0.0000
0.3360,-0.5400,0.0000,0.0000
0.3370,-0.5400,0.0000,0.0000
0.3380,-0.5400,0.0000,0.0000
0.3390,-0.5400,0.0000,0.0000
0.3400,-0.5400,0.0000,0.0000
0.3410,-0.5400,0.0000,0.0000
0.3420,-0.5400,0.0000,0.0000
0.3430,-0.5400,0.0000,0.0000
0.3440,-0.5400,0.0000,0.0000
0.3450,-0.5400,0.0000,0.0000
0.3460,-0.5400,0.0000,0.0000
0.3470,-0.5400,0.0000,0.0000
0.3480,-0.5400,0.0000,0.0000
0.3490,-0.5400,0.0000,0.0000
0.3500,-0.5400,0.0000,0.0000
0.3510,-0.5400,0.0000,0.0000
0.3520,-0.5400,0.0000,0.0000
0.3530,-0.5400,0.0000,0.0000
0.3540,-0.5400,0.0000,0.0000
0.3550,-0.5400,0.0000,0.0000
0.3560,-0.5400,0.0000,0.0000
0.3570,-0.5400,0.0000,0.0000
0.3580,-0.5400,0.0000,0.0000
0.3590,-0.5400,0.0000,0.0000
0.3600,-0.5400,0.0000,0.0000
0.3610,-0.5400,0.0000,0.0000
0.3620,-0.5400,0.0000,0.0000
0.3630,-0.5400,0.0000,0.0000
0.3640,-0.5400,0.0000,0.0000
0.3650,-0.5400,0.0000,0.0000
0.3660,-0.5400,0.0000,0.0000
0.3670,-0.5400,0.0000,0.0000
0.3680,-0.5400,0.0000,0.0000
0.3690,-0.5400,0.0000,0.0000
0.3700,-0.5400,0.0000,0.0000
0.3710,-0.5400,0.0000,0.0000
0.3720,-0.5400,0.0000,0.0000
0.3730,-0.5400,0.0000,0.0000
0.3740,-0.5400,0.0000,0.0000
0.3750,-0.5400,0.0000,0.0000
0.3760,-0.5400,0.0000,0.0000
0.3770,-0.5400,0.0000,0.0000
0.3780,-0.5400,0.0000,0.0000
0.3790,-0.5400,0.0000,0.0000
0.3800,-0.5400,0.0000,0.0000
0.3810,-0.5400,0.0000,0.0000
0.3820,-0.5400,0.0000,0.0000
0.3830,-0.5400,0.0000,0.0000
0.3840,-0.5400,0.0000,0.0000
0.3850,-0.5400,0.0000,0.0000
0.3860,-0.5400,0.0000,0.0000
0.3870,-0.5400,0.0000,0.0000
0.3880,-0.5400,0.0000,0.0000
0.3890,-0.5400,0.0000,0.0000
0.3900,-0.5400,0.0000,0.0000
0.3910,-0.5400,0.0000,0.0000
0.3920,-0.5400,0.0000,0.0000
0.3930,-0.5400,0.0000,0.0000
0.3940,-0.5400,0.0000,0.0000
0.3950,-0.5400,0.0000,0.0000
0.3960,-0.5400,0.0000,0.0000
0.3970,-0.5400,0.0000,0.0000
0.3980,-0.5400,0.0000,0.0000
0.3990,-0.5400,0.0000,0.0000
0.4000,1.9144,0.0000,0.0000
0.4010,1.9144,0.0000,0.0000
0.4020,1.9144,0.0000,0.0000
0.4030,1.9144,0.0000,0.0000
0.4040,1.9144,0.0000,0.0000
0.4050,1.9144,0.0000,0.0000
0.4060,1.9144,0.0000,0.0000
0.4070,1.9144,0.0000,0.0000
0.4080,1.9144,0.0000,0.0000
0.4090,1.9144,0.0000,0.0000
0.4100,1.9144,0.0000,0.0000
0.4110,1.9144,0.0000,0.0000
0.4120,1.9144,0.0000,0.0000
0.4130,1.9144,0.0000,0.0000
0.4140,1.9144,0.0000,0.0000
0.4150,1.9144,0.0000,0.0000
0.4160,1.9144,0.0000,0.0000
0.4170,1.9144,0.0000,0.0000
0.4180,1.9144,0.0000,0.0000
0.4190,1.9144,0.0000,0.0000
0.4200,1.9144,0.0000,0.0000
0.4210,1.9144,0.0000,0.0000
0.4220,1.9144,0.0000,0.0000
0.4230,1.9144,0.0000,0.0000
0.4240,1.9144,0.0000,0.0000
0.4250,1.9144,0.0000,0.0000
0.4260,1.9144,0.0000,0.0000
0.4270,1.9144,0.0000,0.0000
0.4280,1.9144,0.0000,0.0000
0.4290,1.9144,0.0000,0.0000
0.4300,1.9144,0.0000,0.0000
0.4310,1.9144,0.0000,0.0000
0.4320,1.9144,0.0000,0.0000
0.4330,1.9144,0.0000,0.0000
0.4340,1.9144,0.0000,0.0000
0.4350,1.9144,0.0000,0.0000
0.4360,1.9144,0.0000,0.0000
0.4370,1.9144,0.0000,0.0000
0.4380,1.9144,0.0000,0.0000
0.4390,1.9144,0.0000,0.0000
0.4400,1.9144,0.0000,0.0000
0.4410,1.9144,0.0000,0.0000
0.4420,1.9144,0.0000,0.0000
0.4430,1.9144,0.0000,0.0000
0.4440,1.9144,0.0000,0.0000
0.4450,1.9144,0.0000,0.0000
0.4460,1.9144,0.0000,0.0000
0.4470,1.9144,0.0000,0.0000
0.4480,1.9144,0.0000,0.0000
0.4490,1.9144,0.0000,0.0000
0.4500,1.9144,0.0000,0.0000
0.4510,1.9144,0.0000,0.0000
0.4520,1.9144,0.0000,0.0000
0.4530,1.9144,0.0000,0.0000
0.4540,1.9144,0.0000,0.0000
0.4550,1.9144,0.0000,0.0000
0.4560,1.9144,0.0000,0.0000
0.4570,1.9144,0.0000,0.0000
0.4580,1.9144,0.0000,0.0000
0.4590,1.9144,0.0000,0.0000
0.4600,1.9144,0.0000,0.0000
0.4610,1.9144,0.0000,0.0000
0.4620,1.9144,0.0000,0.0000
0.4630,1.9144,0.0000,0.0000
0.4640,1.9144,0.0000,0.0000
0.4650,1.9144,0.0000,0.0000
0.4660,1.9144,0.0000,0.0000
0.4670,1.9144,0.0000,0.0000
0.4680,1.9144,0.0000,0.0000
0.4690,1.9144,0.0000,0.0000
0.4700,1.9144,0.0000,0.0000
0.4710,1.9144,0.0000,0.0000
0.4720,1.9144,0.0000,0.0000
0.4730,1.9144,0.0000,0.0000
0.4740,1.9144,0.0000,0.0000
0.4750,1.9144,0.0000,0.0000
0.4760,1.9144,0.0000,0.0000
0.4770,1.9144,0.0000,0.0000
0.4780,1.9144,0.0000,0.0000
0.4790,1.9144,0.0000,0.0000
0.4800,1.9144,0.0000,0.0000
0.4810,1.9144,0.0000,0.0000
0.4820,1.9144,0.0000,0.0000
0.4830,1.9144,0.0000,0.0000
0.4840,1.9144,0.0000,0.0000
0.4850,1.9144,0.0000,0.0000
0.4860,1.9144,0.0000,0.0000
0.4870,1.9144,0.0000,0.0000
0.4880,1.9144,0.0000,0.0000
0.4890,1.9144,0.0000,0.0000
0.4900,1.9144,0.0000,0.0000
0.4910,1.9144,0.0000,0.0000
0.4920,1.9144,0.0000,0.0000
0.4930,1.9144,0.0000,0.0000
0.4940,1.9144,0.0000,0.0000
0.4950,1.9144,0.0000,0.0000
0.4960,1.9144,0.0000,0.0000
0.4970,1.9144,0.0000,0.0000
0.4980,1.9144,0.0000,0.0000
0.4990,1.9144,0.0000,0.0000
0.5000,1.9144,0.0000,0.0000
0.5010,1.9144,0.0000,0.0000
0.5020,1.9144,0.0000,0.0000
0.5030,1.9144,0.0000,0.0000
0.5040,1.9144,0.0000,0.0000
0.5050,1.9144,0.0000,0.0000
0.5060,1.9144,0.0000,0.0000
0.5070,1.9144,0.0000,0.0000
0.5080,1.9144,0.0000,0.0000
0.5090,1.9144,0.0000,0.0000
0.5100,1.9144,0.0000,0.0000
0.5110,1.9144,0.0000,0.0000
0.5120,1.9144,0.0000,0.0000
0.5130,1.9144,0.0000,0.0000
0.5140,1.9144,0.0000,0.0000
0.5150,1.9144,0.0000,0.0000
0.5160,1.9144,0.0000,0.0000
0.5170,1.9144,0.0000,0.0000
0.5180,1.9144,0.0000,0.0000
0.5190,1.9144,0.0000,0.0000
0.5200,1.9144,0.0000,0.0000
0.5210,1.9144,0.0000,0.0000
0.5220,1.9144,0.0000,0.0000
0.5230,1.9144,0.0000,0.0000
0.5240,1.9144,0.0000,0.0000
0.5250,1.9144,0.0000,0.0000
0.5260,1.9144,0.0000,0.0000
0.5270,1.9144,0.0000,0.0000
0.5280,1.9144,0.0000,0.0000
0.5290,1.9144,0.0000,0.0000
0.5300,1.9144,0.0000,0.0000
0.5310,1.9144,0.0000,0.0000
0.5320,1.9144,0.0000,0.0000
0.5330,1.9144,0.0000,0.0000
0.5340,1.9144,0.0000,0.0000
0.5350,1.9144,0.0000,0.0000
0.5360,1.9144,0.0000,0.0000
0.5370,1.9144,0.0000,0.0000
0.5380,1.9144,0.0000,0.0000
0.5390,1.9144,0.0000,0.0000
0.5400,1.9144,0.0000,0.0000
0.5410,1.9144,0.0000,0.0000
0.5420,1.9144,0.0000,0.0000
0.5430,1.9144,0.0000,0.0000
0.5440,1.9144,0.0000,0.0000
0.5450,1.9144,0.0000,0.0000
0.5460,1.9144,0.0000,0.0000
0.5470,1.9144,0.0000,0.0000
0.5480,1.9144,0.0000,0.0000
0.5490,1.9144,0.0000,0.0000
0.5500,1.9144,0.0000,0.0000
0.5510,1.9144,0.0000,0.0000
0.5520,1.9144,0.0000,0.0000
0.5530,1.9144,0.0000,0.0000
0.5540,1.9144,0.0000,0.0000
0.5550,1.9144,0.0000,0.0000
0.5560,1.9144,0.0000,0.0000
0.5570,1.9144,0.0000,0.0000
0.5580,1.9144,0.0000,0.0000
0.5590,1.9144,0.0000,0.0000
0.5600,1.9144,0.0000,0.0000
0.5610,1.9144,0.0000,0.0000
0.5620,1.9144,0.0000,0.0000
0.5630,1.9144,0.0000,0.0000
0.5640,1.9144,0.0000,0.0000
0.5650,1.9144,0.0000,0.0000
0.5660,1.9144,0.0000,0.0000
0.5670,1.9144,0.0000,0.0000
0.5680,1.9144,0.0000,0.0000
0.5690,1.9144,0.0000,0.0000
0.5700,1.9144,0.0000,0.0000
0.5710,1.9144,0.0000,0.0000
0.5720,1.9144,0.0000,0.0000
0.5730,1.9144,0.0000,0.0000
0.5740,1.9144,0.0000,0.0000
0.5750,1.9144,0.0000,0.0000
0.5760,1.9144,0.0000,0.0000
0.5770,1.9144,0.0000,0.0000
0.5780,1.9144,0.0000,0.0000
0.5790,1.9144,0.0000,0.0000
0.5800,1.9144,0.0000,0.0000
0.5810,-4.5288,0.0000,0.0000
0.5820,-4.5396,0.0000,0.0000
0.5830,-4.5548,0.0000,0.0000
0.5840,-4.5738,0.0000,0.0000
0.5850,-4.5959,0.0000,0.0000
0.5860,-4.6207,0.0000,0.0000
0.5870,-4.6472,0.0000,0.0000
0.5880,-4.6704,0.0000,0.0000
0.5890,-4.6786,0.0000,0.0000
0.5900,-4.6868,0.0000,0.0000
0.5910,-4.6949,0.0000,0.0000
0.5920,-4.7031,0.0000,0.0000
0.5930,-4.7113,0.0000,0.0000
0.5940,1.5637,0.0000,0.0000
0.5950,1.5555,0.0000,0.0000
0.5960,1.5472,0.0000,0.0000
0.5970,1.5390,0.0000,0.0000
0.5980,1.5308,0.0000,0.0000
0.5990,1.5226,0.0000,0.0000
0.6000,1.5144,0.0000,0.0000
0.6010,1.5062,0.0000,0.0000
0.6020,1.4980,0.0000,0.0000
0.6030,1.4898,0.0000,0.0000
0.6040,1.4815,0.0000,0.0000
0.6050,1.4733,0.0000,0.0000
0.6060,1.4651,0.0000,0.0000
0.6070,1.4569,0.0000,0.0000
0.6080,1.4486,0.0000,0.0000
0.6090,1.4404,0.0000,0.0000
0.6100,1.4322,0.0000,0.0000
0.6110,1.4239,0.0000,0.0000
0.6120,1.4157,0.0000,0.0000
0.6130,1.4075,0.0000,0.0000
0.6140,1.3992,0.0000,0.0000
0.6150,1.3910,0.0000,0.0000
0.6160,1.3828,0.0000,0.0000
0.6170,1.3745,0.0000,0.0000
0.6180,1.3663,0.0000,0.0000
0.6190,1.3581,0.0000,0.0000
0.6200,1.3498,0.0000,0.0000
0.6210,1.3416,0.0000,0.0000
0.6220,1.3333,0.0000,0.0000
0.6230,1.3251,0.0000,0.0000
0.6240,1.3169,0.0000,0.0000
0.6250,1.3086,0.0000,0.0000
0.6260,1.3004,0.0000,0.0000
0.6270,1.2921,0.0000,0.0000
0.6280,1.2839,0.0000,0.0000
0.6290,1.2757,0.0000,0.0000
0.6300,1.2674,0.0000,0.0000
0.6310,1.2592,0.0000,0.0000
0.6320,1.2509,0.0000,0.0000
0.6330,1.2427,0.0000,0.0000
0.6340,1.2344,0.0000,0.0000
0.6350,1.2262,0.0000,0.0000
0.6360,1.2180,0.0000,0.0000
0.6370,1.2097,0.0000,0.0000
0.6380,1.2015,0.0000,0.0000
0.6390,1.1932,0.0000,0.0000
0.6400,1.1850,0.0000,0.0000
0.6410,1.1767,0.0000,0.0000
0.6420,1.1685,0.0000,0.0000
0.6430,1.1602,0.0000,0.0000
0.6440,1.1520,0.0000,0.0000
0.6450,1.1437,0.0000,0.0000
0.6460,1.1355,0.0000,0.0000
0.6470,1.1272,0.0000,0.0000
0.6480,1.1190,0.0000,0.0000
0.6490,1.1108,0.0000,0.0000
0.6500,1.1025,0.0000,0.0000
0.6510,1.0943,0.0000,0.0000
0.6520,1.0860,0.0000,0.0000
0.6530,1.0778,0.0000,0.0000
0.6540,1.0695,0.0000,0.0000
0.6550,1.0613,0.0000,0.0000
0.6560,1.0530,0.0000,0.0000
0.6570,1.0448,0.0000,0.0000
0.6580,1.0365,0.0000,0.0000
0.6590,1.0283,0.0000,0.0000
0.6600,1.0200,0.0000,0.0000
0.6610,1.0118,0.0000,0.0000
0.6620,1.0035,0.0000,0.0000
0.6630,0.9953,0.0000,0.0000
0.6640,0.9870,0.0000,0.0000
0.6650,0.9788,0.0000,0.0000
0.6660,0.9705,0.0000,0.0000
0.6670,0.9623,0.0000,0.0000
0.6680,0.9540,0.0000,0.0000
0.6690,0.9458,0.0000,0.0000
0.6700,0.9375,0.0000,0.0000
0.6710,0.9293,0.0000,0.0000
0.6720,0.9210,0.0000,0.0000
0.6730,0.9128,0.0000,0.0000
0.6740,0.9045,0.0000,0.0000
0.6750,0.8963,0.0000,0.0000
0.6760,0.8880,0.0000,0.0000
0.6770,0.8798,0.0000,0.0000
0.6780,0.8715,0.0000,0.0000
0.6790,0.8633,0.0000,0.0000
0.6800,0.8554,0.0000,0.0000
0.6810,0.8477,0.0000,0.0000
0.6820,0.8409,0.0000,0.0000
0.6830,0.8346,0.0000,0.0000
0.6840,0.8287,0.0000,0.0000
0.6850,0.8231,0.0000,0.0000
0.6860,0.8179,0.0000,0.0000
0.6870,0.8133,0.0000,0.0000
0.6880,0.8091,0.0000,0.0000
0.6890,0.8052,0.0000,0.0000
0.6900,0.8017,0.0000,0.0000
0.6910,0.7984,0.0000,0.0000
0.6920,0.7954,0.0000,0.0000
0.6930,0.7926,0.0000,0.0000
0.6940,0.7900,0.0000,0.0000
0.6950,0.7875,0.0000,0.0000
0.6960,0.7852,0.0000,0.0000
0.6970,0.7830,0.0000,0.0000
0.6980,0.7809,0.0000,0.0000
0.6990,0.7788,0.0000,0.0000
0.7000,0.7769,0.0000,0.0000
0.7010,0.7750,0.0000,0.0000
0.7020,0.7733,0.0000,0.0000
0.7030,0.7717,0.0000,0.0000
0.7040,0.7703,0.0000,0.0000
0.7050,0.7689,0.0000,0.0000
0.7060,0.7677,0.0000,0.0000
0.7070,0.7665,0.0000,0.0000
0.7080,0.7655,0.0000,0.0000
0.7090,0.7645,0.0000,0.0000
0.7100,0.7636,0.0000,0.0000
0.7110,0.7628,0.0000,0.0000
0.7120,0.7622,0.0000,0.0000
0.7130,0.7616,0.0000,0.0000
0.7140,0.7612,0.0000,0.0000
0.7150,0.7608,0.0000,0.0000
0.7160,0.7605,0.0000,0.0000
0.7170,0.7604,0.0000,0.0000
0.7180,0.7602,0.0000,0.0000
0.7190,0.7602,0.0000,0.0000
0.7200,0.7602,0.0000,0.0000
0.7210,0.7603,0.0000,0.0000
0.7220,0.7604,0.0000,0.0000
0.7230,0.7605,0.0000,0.0000
0.7240,0.7607,0.0000,0.0000
0.7250,0.7610,0.0000,0.0000
0.7260,0.7613,0.0000,0.0000
0.7270,0.7616,0.0000,0.0000
0.7280,0.7620,0.0000,0.0000
0.7290,0.7624,0.0000,0.0000
0.7300,0.7629,0.0000,0.0000
0.7310,0.7634,0.0000,0.0000
0.7320,0.7640,0.0000,0.0000
0.7330,0.7646,0.0000,0.0000
0.7340,0.7652,0.0000,0.0000
0.7350,0.7659,0.0000,0.0000
0.7360,0.7666,0.0000,0.0000
0.7370,0.7673,0.0000,0.0000
0.7380,0.7680,0.0000,0.0000
0.7390,0.7687,0.0000,0.0000
0.7400,0.7695,0.0000,0.0000
0.7410,0.7702,0.0000,0.0000
0.7420,0.7710,0.0000,0.0000
0.7430,0.7718,0.0000,0.0000
0.7440,0.7726,0.0000,0.0000
0.7450,0.7735,0.0000,0.0000
0.7460,0.7743,0.0000,0.0000
0.7470,0.7752,0.0000,0.0000
0.7480,0.7761,0.0000,0.0000
0.7490,0.7771,0.0000,0.0000
0.7500,0.7780,0.0000,0.0000
0.7510,0.7790,0.0000,0.0000
0.7520,0.7800,0.0000,0.0000
0.7530,0.7811,0.0000,0.0000
0.7540,0.7821,0.0000,0.0000
0.7550,0.7832,0.0000,0.0000
0.7560,0.7844,0.0000,0.0000
0.7570,0.7855,0.0000,0.0000
0.7580,0.7866,0.0000,0.0000
0.7590,0.7878,0.0000,0.0000
0.7600,0.7889,0.0000,0.0000
0.7610,0.7901,0.0000,0.0000
0.7620,0.7913,0.0000,0.0000
0.7630,0.7925,0.0000,0.0000
0.7640,0.7938,0.0000,0.0000
0.7650,0.7951,0.0000,0.0000
0.7660,0.7964,0.0000,0.0000
0.7670,0.7976,0.0000,0.0000
0.7680,0.7988,0.0000,0.0000
0.7690,0.8001,0.0000,0.0000
0.7700,0.8013,0.0000,0.0000
0.7710,0.8026,0.0000,0.0000
0.7720,0.8038,0.0000,0.0000
0.7730,0.8049,0.0000,0.0000
0.7740,0.8061,0.0000,0.0000
0.7750,0.8072,0.0000,0.0000
0.7760,0.8084,0.0000,0.0000
0.7770,0.8095,0.0000,0.0000
0.7780,0.8107,0.0000,0.0000
0.7790,0.8118,0.0000,0.0000
0.7800,0.8130,0.0000,0.0000
0.7810,0.8142,0.0000,0.0000
0.7820,0.8154,0.0000,0.0000
0.7830,0.8166,0.0000,0.0000
0.7840,0.8178,0.0000,0.0000
0.7850,0.8190,0.0000,0.0000
0.7860,0.8203,0.0000,0.0000
0.7870,0.8214,0.0000,0.0000
0.7880,0.8225,0.0000,0.0000
0.7890,0.8236,0.0000,0.0000
0.7900,0.8246,0.0000,0.0000
0.7910,0.8257,0.0000,0.0000
0.7920,0.8268,0.0000,0.0000
0.7930,0.8278,0.0000,0.0000
0.7940,0.8289,0.0000,0.0000
0.7950,0.8300,0.0000,0.0000
0.7960,0.8300,1.7721,0.0000
0.7970,0.8300,1.7692,0.0000
0.7980,0.8300,1.7656,0.0000
0.7990,0.8300,1.7615,0.0000
0.8000,0.8300,1.7567,0.0000
0.8010,0.8300,1.7516,0.0000
0.8020,0.8300,1.7461,0.0000
0.8030,0.8300,1.7403,0.0000
0.8040,0.8300,1.7343,0.0000
0.8050,0.8300,1.7281,0.0000
0.8060,0.8300,1.7217,0.0000
0.8070,0.8300,1.7151,0.0000
0.8080,0.8300,1.7085,0.0000
0.8090,0.8300,1.7018,0.0000
0.8100,0.8300,1.6950,0.0000
0.8110,0.8300,1.6881,0.0000
0.8120,0.8300,1.6812,0.0000
0.8130,0.8300,1.6743,0.0000
0.8140,0.8300,1.6673,0.0000
0.8150,0.8300,1.6603,0.0000
0.8160,0.8300,1.6533,0.0000
0.8170,0.8300,1.6463,0.0000
0.8180,0.8300,1.6392,0.0000
0.8190,0.8300,1.6322,0.0000
0.8200,0.8300,1.6252,0.0000
0.8210,0.8300,1.6181,0.0000
0.8220,0.8300,1.6110,0.0000
0.8230,0.8300,1.6040,0.0000
0.8240,0.8300,1.5969,0.0000
0.8250,0.8300,1.5899,0.0000
0.8260,0.8300,1.5828,0.0000
0.8270,0.8300,1.5758,0.0000
0.8280,0.8300,1.5688,0.0000
0.8290,0.8300,1.5617,0.0000
0.8300,0.8300,1.5547,0.0000
0.8310,0.8300,1.6820,0.0000
0.8320,0.8300,1.6747,0.0000
0.8330,0.8300,1.6680,0.0000
0.8340,0.8300,1.6618,0.0000
0.8350,0.8300,1.6560,0.0000
0.8360,0.8300,1.8034,0.0000
0.8370,0.8300,1.7983,0.0000
0.8380,0.8300,1.7942,0.0000
0.8390,0.8300,1.7910,0.0000
0.8400,0.8300,1.7883,0.0000
0.8410,0.8300,1.7862,0.0000
0.8420,0.8300,1.7845,0.0000
0.8430,0.8300,1.7832,0.0000
0.8440,0.8300,1.7821,0.0000
0.8450,0.8300,1.7812,0.0000
0.8460,0.8300,1.6224,0.0000
0.8470,0.8300,1.6210,0.0000
0.8480,0.8300,1.6191,0.0000
0.8490,0.8300,1.6167,0.0000
0.8500,0.8300,1.6139,0.0000
0.8510,0.8300,1.7534,0.0000
0.8520,0.8300,1.7504,0.0000
0.8530,0.8300,1.7478,0.0000
0.8540,0.8300,1.7455,0.0000
0.8550,0.8300,1.7434,0.0000
0.8560,0.8300,1.7415,0.0000
0.8570,0.8300,1.7397,0.0000
0.8580,0.8300,1.7380,0.0000
0.8590,0.8300,1.7364,0.0000
0.8600,0.8300,1.7349,0.0000
0.8610,0.8300,1.5861,0.0000
0.8620,0.8300,1.5840,0.0000
0.8630,0.8300,1.5813,0.0000
0.8640,0.8300,1.5781,0.0000
0.8650,0.8300,1.5744,0.0000
0.8660,0.8300,1.7040,0.0000
0.8670,0.8300,1.7000,0.0000
0.8680,0.8300,1.6964,0.0000
0.8690,0.8300,1.6930,0.0000
0.8700,0.8300,1.6899,0.0000
0.8710,0.8300,1.6869,0.0000
0.8720,0.8300,1.6840,0.0000
0.8730,0.8300,1.6813,0.0000
0.8740,0.8300,1.6786,0.0000
0.8750,0.8300,1.6760,0.0000
0.8760,0.8300,1.8204,0.0000
0.8770,0.8300,1.8187,0.0000
0.8780,0.8300,1.8177,0.0000
0.8790,0.8300,1.8172,0.0000
0.8800,0.8300,1.8172,0.0000
0.8810,0.8300,1.6638,0.0000
0.8820,0.8300,1.6634,0.0000
0.8830,0.8300,1.6626,0.0000
0.8840,0.8300,1.6614,0.0000
0.8850,0.8300,1.6600,0.0000
0.8860,0.8300,1.5295,0.0000
0.8870,0.8300,1.5270,0.0000
0.8880,0.8300,1.5238,0.0000
0.8890,0.8300,1.5200,0.0000
0.8900,0.8300,1.5158,0.0000
0.8910,0.8300,1.7759,0.0000
0.8920,0.8300,1.7715,0.0000
0.8930,0.8300,1.7681,0.0000
0.8940,0.8300,1.7654,0.0000
0.8950,0.8300,1.7635,0.0000
0.8960,0.8300,1.6182,0.0000
0.8970,0.8300,1.6163,0.0000
0.8980,0.8300,1.6142,0.0000
0.8990,0.8300,1.6119,0.0000
0.9000,0.8300,1.6094,0.0000
0.9010,0.8300,1.4864,0.0000
0.9020,0.8300,1.4831,0.0000
0.9030,0.8300,1.4793,0.0000
0.9040,0.8300,1.4749,0.0000
0.9050,0.8300,1.4702,0.0000
0.9060,0.8300,1.7116,0.0000
0.9070,0.8300,1.7066,0.0000
0.9080,0.8300,1.7026,0.0000
0.9090,0.8300,1.6993,0.0000
0.9100,0.8300,1.6967,0.0000
0.9110,0.8300,1.6946,0.0000
0.9120,0.8300,1.6930,0.0000
0.9130,0.8300,1.6917,0.0000
0.9140,0.8300,1.6907,0.0000
0.9150,0.8300,1.6900,0.0000
0.9160,0.8300,1.5579,0.0000
0.9170,0.8300,1.5567,0.0000
0.9180,0.8300,1.5550,0.0000
0.9190,0.8300,1.5530,0.0000
0.9200,0.8300,1.5507,0.0000
0.9210,0.8300,1.5457,0.0000
0.9220,0.8300,1.5430,0.0000
0.9230,0.8300,1.5401,0.0000
0.9240,0.8300,1.5370,0.0000
0.9250,0.8300,1.5338,0.0000
0.9260,0.8300,1.5304,0.0000
0.9270,0.8300,1.5270,0.0000
0.9280,0.8300,1.5235,0.0000
0.9290,0.8300,1.5200,0.0000
0.9300,0.8300,1.5164,0.0000
0.9310,0.8300,1.5127,0.0000
0.9320,0.8300,1.5090,0.0000
0.9330,0.8300,1.5053,0.0000
0.9340,0.8300,1.5016,0.0000
0.9350,0.8300,1.4978,0.0000
0.9360,0.8300,1.6098,0.0000
0.9370,0.8300,1.6065,0.0000
0.9380,0.8300,1.6037,0.0000
0.9390,0.8300,1.6013,0.0000
0.9400,0.8300,1.5994,0.0000
0.9410,0.8300,1.5977,0.0000
0.9420,0.8300,1.5963,0.0000
0.9430,0.8300,1.5951,0.0000
0.9440,0.8300,1.5941,0.0000
0.9450,0.8300,1.5932,0.0000
0.9460,0.8300,1.5924,0.0000
0.9470,0.8300,1.5918,0.0000
0.9480,0.8300,1.5912,0.0000
0.9490,0.8300,1.5907,0.0000
0.9500,0.8300,1.5902,0.0000
0.9510,0.8300,1.4738,0.0000
0.9520,0.8300,1.4726,0.0000
0.9530,0.8300,1.4709,0.0000
0.9540,0.8300,1.4689,0.0000
0.9550,0.8300,1.4666,0.0000
0.9560,0.8300,1.4625,0.0000
0.9570,0.8300,1.4597,0.0000
0.9580,0.8300,1.4567,0.0000
0.9590,0.8300,1.4535,0.0000
0.9600,0.8300,1.4502,0.0000
0.9610,0.8300,1.4468,0.0000
0.9620,0.8300,1.4434,0.0000
0.9630,0.8300,1.4398,0.0000
0.9640,0.8300,1.4362,0.0000
0.9650,0.8300,1.4326,0.0000
0.9660,0.8300,1.4289,0.0000
0.9670,0.8300,1.4252,0.0000
0.9680,0.8300,1.4215,0.0000
0.9690,0.8300,1.4178,0.0000
0.9700,0.8300,1.4140,0.0000
0.9710,0.8300,1.3184,0.0000
0.9720,0.8300,1.3144,0.0000
0.9730,0.8300,1.3100,0.0000
0.9740,0.8300,1.3054,0.0000
0.9750,0.8300,1.3005,0.0000
0.9760,0.8300,1.3828,0.0000
0.9770,0.8300,1.3777,0.0000
0.9780,0.8300,1.3728,0.0000
0.9790,0.8300,1.3681,0.0000
0.9800,0.8300,1.3636,0.0000
0.9810,0.8300,1.3593,0.0000
0.9820,0.8300,1.3551,0.0000
0.9830,0.8300,1.3510,0.0000
0.9840,0.8300,1.3471,0.0000
0.9850,0.8300,1.3432,0.0000
0.9860,0.8300,1.3394,0.0000
0.9870,0.8300,1.3357,0.0000
0.9880,0.8300,1.3320,0.0000
0.9890,0.8300,1.3284,0.0000
0.9900,0.8300,1.3249,0.0000
0.9910,0.8300,1.2405,0.0000
0.9920,0.8300,1.2368,0.0000
0.9930,0.8300,1.2328,0.0000
0.9940,0.8300,1.2285,0.0000
0.9950,0.8300,1.2241,0.0000
0.9960,0.8300,1.2967,0.0000
0.9970,0.8300,1.2921,0.0000
0.9980,0.8300,1.2877,0.0000
0.9990,0.8300,1.2835,0.0000
1.0000,0.8300,1.2796,0.0000
1.0010,0.8300,1.3612,0.0000
1.0020,0.8300,1.3578,0.0000
1.0030,0.8300,1.3549,0.0000
1.0040,0.8300,1.3524,0.0000
1.0050,0.8300,1.3503,0.0000
1.0060,0.8300,1.3485,0.0000
1.0070,0.8300,1.3469,0.0000
1.0080,0.8300,1.3456,0.0000
1.0090,0.8300,1.3445,0.0000
1.0100,0.8300,1.3435,0.0000
1.0110,0.8300,1.2595,0.0000
1.0120,0.8300,1.2582,0.0000
1.0130,0.8300,1.2566,0.0000
1.0140,0.8300,1.2548,0.0000
1.0150,0.8300,1.2528,0.0000
1.0160,0.8300,1.3320,0.0000
1.0170,0.8300,1.3302,0.0000
1.0180,0.8300,1.3286,0.0000
1.0190,0.8300,1.3272,0.0000
1.0200,0.8300,1.3261,0.0000
1.0210,0.8300,1.3251,0.0000
1.0220,0.8300,1.3242,0.0000
1.0230,0.8300,1.3234,0.0000
1.0240,0.8300,1.3227,0.0000
1.0250,0.8300,1.3221,0.0000
1.0260,0.8300,1.2410,0.0000
1.0270,0.8300,1.2399,0.0000
1.0280,0.8300,1.2386,0.0000
1.0290,0.8300,1.2370,0.0000
1.0300,0.8300,1.2351,0.0000
1.0310,0.8300,1.1630,0.0000
1.0320,0.8300,1.1605,0.0000
1.0330,0.8300,1.1576,0.0000
1.0340,0.8300,1.1544,0.0000
1.0350,0.8300,1.1510,0.0000
1.0360,0.8300,1.1473,0.0000
1.0370,0.8300,1.1434,0.0000
1.0380,0.8300,1.1394,0.0000
1.0390,0.8300,1.1353,0.0000
1.0400,0.8300,1.1311,0.0000
1.0410,0.8300,1.1926,0.0000
1.0420,0.8300,1.1883,0.0000
1.0430,0.8300,1.1844,0.0000
1.0440,0.8300,1.1806,0.0000
1.0450,0.8300,1.1771,0.0000
1.0460,0.8300,1.1097,0.0000
1.0470,0.8300,1.1063,0.0000
1.0480,0.8300,1.1027,0.0000
1.0490,0.8300,1.0990,0.0000
1.0500,0.8300,1.0952,0.0000
1.0510,0.8300,1.0913,0.0000
1.0520,0.8300,1.0874,0.0000
1.0530,0.8300,1.0834,0.0000
1.0540,0.8300,1.0794,0.0000
1.0550,0.8300,1.0753,0.0000
1.0560,0.8300,1.0713,0.0000
1.0570,0.8300,1.0672,0.0000
1.0580,0.8300,1.0632,0.0000
1.0590,0.8300,1.0591,0.0000
1.0600,0.8300,1.0551,0.0000
1.0610,0.8300,1.1719,0.0000
1.0620,0.8300,1.1681,0.0000
1.0630,0.8300,1.1650,0.0000
1.0640,0.8300,1.1623,0.0000
1.0650,0.8300,1.1601,0.0000
1.0660,0.8300,1.0400,0.0000
1.0670,0.8300,1.0378,0.0000
1.0680,0.8300,1.0354,0.0000
1.0690,0.8300,1.0327,0.0000
1.0700,0.8300,1.0298,0.0000
1.0710,0.8300,1.0268,0.0000
1.0720,0.8300,1.0237,0.0000
1.0730,0.8300,1.0205,0.0000
1.0740,0.8300,1.0172,0.0000
1.0750,0.8300,1.0139,0.0000
1.0760,0.8300,1.0105,0.0000
1.0770,0.8300,1.0071,0.0000
1.0780,0.8300,1.0036,0.0000
1.0790,0.8300,1.0001,0.0000
1.0800,0.8300,0.9967,0.0000
1.0810,0.8300,1.0442,0.0000
1.0820,0.8300,1.0408,0.0000
1.0830,0.8300,1.0377,0.0000
1.0840,0.8300,1.0348,0.0000
1.0850,0.8300,1.0321,0.0000
1.0860,0.8300,1.0295,0.0000
1.0870,0.8300,1.0271,0.0000
1.0880,0.8300,1.0247,0.0000
1.0890,0.8300,1.0225,0.0000
1.0900,0.8300,1.0203,0.0000
1.0910,0.8300,0.9696,0.0000
1.0920,0.8300,0.9676,0.0000
1.0930,0.8300,0.9655,0.0000
1.0940,0.8300,0.9635,0.0000
1.0950,0.8300,0.9613,0.0000
1.0960,0.8300,0.9592,0.0000
1.0970,0.8300,0.9571,0.0000
1.0980,0.8300,0.9550,0.0000
1.0990,0.8300,0.9530,0.0000
1.1000,0.8300,0.9509,0.0000
1.1010,0.8300,0.9491,0.0000
1.1020,0.8300,0.9471,0.0000
1.1030,0.8300,0.9452,0.0000
1.1040,0.8300,0.9433,0.0000
1.1050,0.8300,0.9415,0.0000
1.1060,0.8300,0.9397,0.0000
1.1070,0.8300,0.9379,0.0000
1.1080,0.8300,0.9361,0.0000
1.1090,0.8300,0.9344,0.0000
1.1100,0.8300,0.9327,0.0000
1.1110,0.8300,0.8529,0.0000
1.1120,0.8300,0.8508,0.0000
1.1130,0.8300,0.8485,0.0000
1.1140,0.8300,0.8458,0.0000
1.1150,0.8300,0.8430,0.0000
1.1160,0.8300,0.8761,0.0000
1.1170,0.8300,0.8730,0.0000
1.1180,0.8300,0.8699,0.0000
1.1190,0.8300,0.8668,0.0000
1.1200,0.8300,0.8638,0.0000
1.1210,0.8300,0.8990,0.0000
1.1220,0.8300,0.8962,0.0000
1.1230,0.8300,0.8935,0.0000
1.1240,0.8300,0.8910,0.0000
1.1250,0.8300,0.8886,0.0000
1.1260,0.8300,0.8492,0.0000
1.1270,0.8300,0.8469,0.0000
1.1280,0.8300,0.8444,0.0000
1.1290,0.8300,0.8419,0.0000
1.1300,0.8300,0.8393,0.0000
1.1310,0.8300,0.8366,0.0000
1.1320,0.8300,0.8339,0.0000
1.1330,0.8300,0.8311,0.0000
1.1340,0.8300,0.8283,0.0000
1.1350,0.8300,0.8255,0.0000
1.1360,0.8300,0.8226,0.0000
1.1370,0.8300,0.8197,0.0000
1.1380,0.8300,0.8168,0.0000
1.1390,0.8300,0.8138,0.0000
1.1400,0.8300,0.8109,0.0000
1.1410,0.8300,0.8416,0.0000
1.1420,0.8300,0.8387,0.0000
1.1430,0.8300,0.8360,0.0000
1.1440,0.8300,0.8334,0.0000
1.1450,0.8300,0.8309,0.0000
1.1460,0.8300,0.7958,0.0000
1.1470,0.8300,0.7933,0.0000
1.1480,0.8300,0.7907,0.0000
1.1490,0.8300,0.7881,0.0000
1.1500,0.8300,0.7853,0.0000
1.1510,0.8300,0.7825,0.0000
1.1520,0.8300,0.7797,0.0000
1.1530,0.8300,0.7768,0.0000
1.1540,0.8300,0.7739,0.0000
1.1550,0.8300,0.7710,0.0000
1.1560,0.8300,0.7680,0.0000
1.1570,0.8300,0.7650,0.0000
1.1580,0.8300,0.7620,0.0000
1.1590,0.8300,0.7590,0.0000
1.1600,0.8300,0.7560,0.0000
1.1610,0.8300,0.7530,0.0000
1.1620,0.8300,0.7500,0.0000
1.1630,0.8300,0.7470,0.0000
1.1640,0.8300,0.7440,0.0000
1.1650,0.8300,0.7410,0.7294
1.1660,0.8300,0.7381,0.7251
1.1670,0.8300,0.7351,0.7208
1.1680,0.8300,0.7321,0.7165
1.1690,0.8300,0.7291,0.7122
1.1700,0.8300,0.7262,0.7079
1.1710,0.8300,0.7232,0.7035
1.1720,0.8300,0.7203,0.6992
1.1730,0.8300,0.7174,0.6949
1.1740,0.8300,0.7144,0.6906
1.1750,0.8300,0.7115,0.6863
1.1760,0.8300,0.7346,0.7033
1.1770,0.8300,0.7318,0.6990
1.1780,0.8300,0.7291,0.6948
1.1790,0.8300,0.7266,0.6907
1.1800,0.8300,0.7241,0.6867
1.1810,0.8300,0.6966,0.6626
1.1820,0.8300,0.6942,0.6587
1.1830,0.8300,0.6918,0.6547
1.1840,0.8300,0.6893,0.6508
1.1850,0.8300,0.6867,0.6467
1.1860,0.8300,0.6841,0.6427
1.1870,0.8300,0.6815,0.6386
1.1880,0.8300,0.6789,0.6345
1.1890,0.8300,0.6762,0.6304
1.1900,0.8300,0.6736,0.6263
1.1910,0.8300,0.6943,0.6401
1.1920,0.8300,0.6917,0.6359
1.1930,0.8300,0.6892,0.6319
1.1940,0.8300,0.6869,0.6280
1.1950,0.8300,0.6846,0.6241
1.1960,0.8300,0.6598,0.6035
1.1970,0.8300,0.6576,0.5997
1.1980,0.8300,0.6553,0.5960
1.1990,0.8300,0.6530,0.5921
1.2000,0.8300,0.6506,0.5883
1.2010,0.8300,0.6482,0.5844
1.2020,0.8300,0.6457,0.5806
1.2030,0.8300,0.6433,0.5767
1.2040,0.8300,0.6409,0.5728
1.2050,0.8300,0.6384,0.5690
1.2060,0.8300,0.6789,0.5914
1.2070,0.8300,0.6766,0.5874
1.2080,0.8300,0.6746,0.5836
1.2090,0.8300,0.6727,0.5799
1.2100,0.8300,0.6710,0.5763
1.2110,0.8300,0.6276,0.5482
1.2120,0.8300,0.6258,0.5449
1.2130,0.8300,0.6240,0.5414
1.2140,0.8300,0.6221,0.5379
1.2150,0.8300,0.6200,0.5344
1.2160,0.8300,0.6379,0.5439
1.2170,0.8300,0.6358,0.5403
1.2180,0.8300,0.6338,0.5367
1.2190,0.8300,0.6319,0.5332
1.2200,0.8300,0.6300,0.5297
1.2210,0.8300,0.6089,0.5141
1.2220,0.8300,0.6070,0.5107
1.2230,0.8300,0.6050,0.5074
1.2240,0.8300,0.6030,0.5039
1.2250,0.8300,0.6009,0.5005
1.2260,0.8300,0.5989,0.4971
1.2270,0.8300,0.5967,0.4937
1.2280,0.8300,0.5946,0.4902
1.2290,0.8300,0.5925,0.4868
1.2300,0.8300,0.5904,0.4834
1.2310,0.8300,0.6063,0.4905
1.2320,0.8300,0.6043,0.4870
1.2330,0.8300,0.6023,0.4837
1.2340,0.8300,0.6004,0.4803
1.2350,0.8300,0.5986,0.4771
1.2360,0.8300,0.5632,0.4599
1.2370,0.8300,0.5613,0.4569
1.2380,0.8300,0.5593,0.4538
1.2390,0.8300,0.5573,0.4508
1.2400,0.8300,0.5551,0.4477
1.2410,0.8300,0.5684,0.4481
1.2420,0.8300,0.5662,0.4449
1.2430,0.8300,0.5640,0.4418
1.2440,0.8300,0.5619,0.4386
1.2450,0.8300,0.5598,0.4355
1.2460,0.8300,0.5578,0.4324
1.2470,0.8300,0.5557,0.4294
1.2480,0.8300,0.5537,0.4263
1.2490,0.8300,0.5517,0.4233
1.2500,0.8300,0.5498,0.4203
1.2510,0.8300,0.5479,0.4174
1.2520,0.8300,0.5459,0.4145
1.2530,0.8300,0.5440,0.4115
1.2540,0.8300,0.5422,0.4086
1.2550,0.8300,0.5403,0.4058
1.2560,0.8300,0.5240,0.3973
1.2570,0.8300,0.5221,0.3946
1.2580,0.8300,0.5201,0.3919
1.2590,0.8300,0.5181,0.3891
1.2600,0.8300,0.5161,0.3864
1.2610,0.8300,0.5281,0.3885
1.2620,0.8300,0.5260,0.3857
1.2630,0.8300,0.5241,0.3830
1.2640,0.8300,0.5222,0.3803
1.2650,0.8300,0.5203,0.3776
1.2660,0.8300,0.4927,0.3713
1.2670,0.8300,0.4908,0.3689
1.2680,0.8300,0.4889,0.3665
1.2690,0.8300,0.4868,0.3641
1.2700,0.8300,0.4847,0.3618
1.2710,0.8300,0.4826,0.3594
1.2720,0.8300,0.4805,0.3571
1.2730,0.8300,0.4783,0.3549
1.2740,0.8300,0.4761,0.3526
1.2750,0.8300,0.4739,0.3504
1.2760,0.8300,0.4830,0.3465
1.2770,0.8300,0.4808,0.3443
1.2780,0.8300,0.4787,0.3420
1.2790,0.8300,0.4766,0.3398
1.2800,0.8300,0.4746,0.3376
1.2810,0.8300,0.4613,0.3340
1.2820,0.8300,0.4593,0.3319
1.2830,0.8300,0.4573,0.3299
1.2840,0.8300,0.4553,0.3279
1.2850,0.8300,0.4533,0.3259
1.2860,0.8300,0.4622,0.3248
1.2870,0.8300,0.4602,0.3228
1.2880,0.8300,0.4583,0.3208
1.2890,0.8300,0.4564,0.3188
1.2900,0.8300,0.4546,0.3169
1.2910,0.8300,0.4428,0.3181
1.2920,0.8300,0.4410,0.3163
1.2930,0.8300,0.4392,0.3146
1.2940,0.8300,0.4374,0.3129
1.2950,0.8300,0.4355,0.3112
1.2960,0.8300,0.4240,0.3100
1.2970,0.8300,0.4221,0.3085
1.2980,0.8300,0.4202,0.3071
1.2990,0.8300,0.4183,0.3056
1.3000,0.8300,0.4164,0.3042
1.3010,0.8300,0.4138,0.2999
1.3020,0.8300,0.4119,0.2985
1.3030,0.8300,0.4099,0.2972
1.3040,0.8300,0.4079,0.2959
1.3050,0.8300,0.4059,0.2947
1.3060,0.8300,0.4039,0.2934
1.3070,0.8300,0.4020,0.2922
1.3080,0.8300,0.4000,0.2910
1.3090,0.8300,0.3981,0.2899
1.3100,0.8300,0.3961,0.2887
1.3110,0.8300,0.3866,0.2923
1.3120,0.8300,0.3847,0.2913
1.3130,0.8300,0.3828,0.2903
1.3140,0.8300,0.3808,0.2894
1.3150,0.8300,0.3789,0.2885
1.3160,0.8300,0.3694,0.2902
1.3170,0.8300,0.3674,0.2894
1.3180,0.8300,0.3655,0.2887
1.3190,0.8300,0.3635,0.2881
1.3200,0.8300,0.3615,0.2874
1.3210,0.8300,0.3661,0.2819
1.3220,0.8300,0.3641,0.2811
1.3230,0.8300,0.3622,0.2803
1.3240,0.8300,0.3603,0.2794
1.3250,0.8300,0.3586,0.2784
1.3260,0.8300,0.3568,0.2772
1.3270,0.8300,0.3552,0.2760
1.3280,0.8300,0.3536,0.2747
1.3290,0.8300,0.3520,0.2733
1.3300,0.8300,0.3505,0.2719
1.3310,0.8300,0.3490,0.2703
1.3320,0.8300,0.3477,0.2686
1.3330,0.8300,0.3465,0.2667
1.3340,0.8300,0.3454,0.2648
1.3350,0.8300,0.3445,0.2627
1.3360,0.8300,0.3262,0.2737
1.3370,0.8300,0.3254,0.2716
1.3380,0.8300,0.3246,0.2695
1.3390,0.8300,0.3238,0.2675
1.3400,0.8300,0.3230,0.2654
1.3410,0.8300,0.3217,0.2622
1.3420,0.8300,0.3210,0.2602
1.3430,0.8300,0.3202,0.2583
1.3440,0.8300,0.3194,0.2565
1.3450,0.8300,0.3187,0.2548
1.3460,0.8300,0.3230,0.2482
1.3470,0.8300,0.3222,0.2466
1.3480,0.8300,0.3214,0.2450
1.3490,0.8300,0.3205,0.2435
1.3500,0.8300,0.3196,0.2422
1.3510,0.8300,0.3359,0.2277
1.3520,0.8300,0.3349,0.2265
1.3530,0.8300,0.3340,0.2253
1.3540,0.8300,0.3330,0.2241
1.3550,0.8300,0.3319,0.2231
1.3560,0.8300,0.3495,0.2077
1.3570,0.8300,0.3484,0.2067
1.3580,0.8300,0.3474,0.2057
1.3590,0.8300,0.3463,0.2047
1.3600,0.8300,0.3452,0.2039
1.3610,0.8300,0.3578,0.1933
1.3620,0.8300,0.3567,0.1924
1.3630,0.8300,0.3558,0.1914
1.3640,0.8300,0.3548,0.1905
1.3650,0.8300,0.3540,0.1896
1.3660,0.8300,0.3743,0.1719
1.3670,0.8300,0.3737,0.1707
1.3680,0.8300,0.3732,0.1695
1.3690,0.8300,0.3728,0.1682
1.3700,0.8300,0.3726,0.1669
1.3710,0.8300,0.3802,0.1599
1.3720,0.8300,0.3801,0.1584
1.3730,0.8300,0.3802,0.1569
1.3740,0.8300,0.3804,0.1554
1.3750,0.8300,0.3806,0.1538
1.3760,0.8300,0.3967,0.1389
1.3770,0.8300,0.3973,0.1371
1.3780,0.8300,0.3980,0.1352
1.3790,0.8300,0.3988,0.1332
1.3800,0.8300,0.3997,0.1311
1.3810,0.8300,0.4096,0.1225
1.3820,0.8300,0.4108,0.1202
1.3830,0.8300,0.4121,0.1179
1.3840,0.8300,0.4135,0.1155
1.3850,0.8300,0.4150,0.1131
1.3860,0.8300,0.4073,0.1176
1.3870,0.8300,0.4088,0.1153
1.3880,0.8300,0.4103,0.1130
1.3890,0.8300,0.4117,0.1107
1.3900,0.8300,0.4132,0.1085
1.3910,0.8300,0.4243,0.0989
1.3920,0.8300,0.4259,0.0968
1.3930,0.8300,0.4276,0.0947
1.3940,0.8300,0.4293,0.0928
1.3950,0.8300,0.4310,0.0909
1.3960,0.8300,0.4336,0.0903
1.3970,0.8300,0.4353,0.0887
1.3980,0.8300,0.4370,0.0873
1.3990,0.8300,0.4387,0.0860
1.4000,0.8300,0.4404,0.0849
1.4010,0.8300,0.4244,0.1024
1.4020,0.8300,0.4257,0.1018
1.4030,0.8300,0.4270,0.1014
1.4040,0.8300,0.4282,0.1011
1.4050,0.8300,0.4294,0.1009
1.4060,0.8300,0.4230,0.1117
1.4070,0.8300,0.4240,0.1118
1.4080,0.8300,0.4249,0.1119
1.4090,0.8300,0.4258,0.1120
1.4100,0.8300,0.4267,0.1120
1.4110,0.8300,0.4291,0.1150
1.4120,0.8300,0.4301,0.1148
1.4130,0.8300,0.4312,0.1144
1.4140,0.8300,0.4324,0.1138
1.4150,0.8300,0.4337,0.1130
1.4160,0.8300,0.4271,0.1236
1.4170,0.8300,0.4285,0.1225
1.4180,0.8300,0.4299,0.1212
1.4190,0.8300,0.4314,0.1197
1.4200,0.8300,0.4331,0.1181
1.4210,0.8300,0.4353,0.1186
1.4220,0.8300,0.4371,0.1168
1.4230,0.8300,0.4389,0.1148
1.4240,0.8300,0.4408,0.1128
1.4250,0.8300,0.4428,0.1108
1.4260,0.8300,0.4357,0.1182
1.4270,0.8300,0.4375,0.1162
1.4280,0.8300,0.4393,0.1143
1.4290,0.8300,0.4411,0.1125
1.4300,0.8300,0.4428,0.1109
1.4310,0.8300,0.4349,0.1155
1.4320,0.8300,0.4364,0.1141
1.4330,0.8300,0.4376,0.1128
1.4340,0.8300,0.4388,0.1117
1.4350,0.8300,0.4399,0.1108
1.4360,0.8300,0.4412,0.1131
1.4370,0.8300,0.4420,0.1125
1.4380,0.8300,0.4428,0.1122
1.4390,0.8300,0.4434,0.1119
1.4400,0.8300,0.4440,0.1117
1.4410,0.8300,0.4445,0.1117
1.4420,0.8300,0.4449,0.1117
1.4430,0.8300,0.4453,0.1119
1.4440,0.8300,0.4456,0.1121
1.4450,0.8300,0.4458,0.1124
1.4460,0.8300,0.4668,0.1077
1.4470,0.8300,0.4672,0.1082
1.4480,0.8300,0.4677,0.1087
1.4490,0.8300,0.4682,0.1093
1.4500,0.8300,0.4688,0.1099
1.4510,0.8300,0.4484,0.1148
1.4520,0.8300,0.4487,0.1153
1.4530,0.8300,0.4490,0.1159
1.4540,0.8300,0.4492,0.1166
1.4550,0.8300,0.4494,0.1173
1.4560,0.8300,0.4598,0.1138
1.4570,0.8300,0.4599,0.1145
1.4580,0.8300,0.4602,0.1152
1.4590,0.8300,0.4604,0.1159
1.4600,0.8300,0.4607,0.1165
1.4610,0.8300,0.4609,0.1172
1.4620,0.8300,0.4612,0.1179
1.4630,0.8300,0.4615,0.1184
1.4640,0.8300,0.4618,0.1191
1.4650,0.8300,0.4620,0.1197
1.4660,0.8300,0.4731,0.1213
1.4670,0.8300,0.4734,0.1220
1.4680,0.8300,0.4737,0.1228
1.4690,0.8300,0.4740,0.1235
1.4700,0.8300,0.4743,0.1243
1.4710,0.8300,0.4749,0.1175
1.4720,0.8300,0.4752,0.1183
1.4730,0.8300,0.4755,0.1190
1.4740,0.8300,0.4758,0.1197
1.4750,0.8300,0.4761,0.1204
1.4760,0.8300,0.4767,0.1096
1.4770,0.8300,0.4771,0.1102
1.4780,0.8300,0.4774,0.1108
1.4790,0.8300,0.4778,0.1113
1.4800,0.8300,0.4782,0.1118
1.4810,0.8300,0.4675,0.1030
1.4820,0.8300,0.4679,0.1033
1.4830,0.8300,0.4683,0.1036
1.4840,0.8300,0.4687,0.1038
1.4850,0.8300,0.4691,0.1041
1.4860,0.8300,0.4696,0.0931
1.4870,0.8300,0.4701,0.0933
1.4880,0.8300,0.4707,0.0935
1.4890,0.8300,0.4714,0.0937
1.4900,0.8300,0.4721,0.0938
1.4910,0.8300,0.4727,0.0864
1.4920,0.8300,0.4735,0.0864
1.4930,0.8300,0.4743,0.0864
1.4940,0.8300,0.4751,0.0865
1.4950,0.8300,0.4759,0.0865
1.4960,0.8300,0.4656,0.0852
1.4970,0.8300,0.4664,0.0851
1.4980,0.8300,0.4671,0.0849
1.4990,0.8300,0.4678,0.0847
1.5000,0.8300,0.4686,0.0845
1.5010,0.8300,0.4585,0.0875
1.5020,0.8300,0.4591,0.0872
1.5030,0.8300,0.4597,0.0868
1.5040,0.8300,0.4603,0.0863
1.5050,0.8300,0.4609,0.0858
1.5060,0.8300,0.4615,0.0925
1.5070,0.8300,0.4620,0.0920
1.5080,0.8300,0.4626,0.0914
1.5090,0.8300,0.4632,0.0907
1.5100,0.8300,0.4638,0.0900
1.5110,0.8300,0.4537,0.0961
1.5120,0.8300,0.4542,0.0953
1.5130,0.8300,0.4546,0.0945
1.5140,0.8300,0.4549,0.0937
1.5150,0.8300,0.4552,0.0929
1.5160,0.8300,0.4451,0.1026
1.5170,0.8300,0.4452,0.1019
1.5180,0.8300,0.4451,0.1011
1.5190,0.8300,0.4451,0.1004
1.5200,0.8300,0.4449,0.0997
1.5210,0.8300,0.4444,0.1061
1.5220,0.8300,0.4440,0.1055
1.5230,0.8300,0.4437,0.1050
1.5240,0.8300,0.4432,0.1045
1.5250,0.8300,0.4427,0.1040
1.5260,0.8300,0.4625,0.1065
1.5270,0.8300,0.4620,0.1062
1.5280,0.8300,0.4615,0.1059
1.5290,0.8300,0.4611,0.1055
1.5300,0.8300,0.4606,0.1054
1.5310,0.8300,0.4598,0.1090
1.5320,0.8300,0.4593,0.1090
1.5330,0.8300,0.4588,0.1091
1.5340,0.8300,0.4582,0.1093
1.5350,0.8300,0.4576,0.1096
1.5360,0.8300,0.4676,0.1132
1.5370,0.8300,0.4670,0.1134
1.5380,0.8300,0.4664,0.1137
1.5390,0.8300,0.4658,0.1140
1.5400,0.8300,0.4651,0.1144
1.5410,0.8300,0.4653,0.1075
1.5420,0.8300,0.4645,0.1078
1.5430,0.8300,0.4638,0.1082
1.5440,0.8300,0.4630,0.1085
1.5450,0.8300,0.4623,0.1088
1.5460,0.8300,0.4614,0.1092
1.5470,0.8300,0.4606,0.1095
1.5480,0.8300,0.4598,0.1099
1.5490,0.8300,0.4590,0.1103
1.5500,0.8300,0.4581,0.1108
1.5510,0.8300,0.4689,0.1071
1.5520,0.8300,0.4682,0.1074
1.5530,0.8300,0.4677,0.1077
1.5540,0.8300,0.4672,0.1081
1.5550,0.8300,0.4667,0.1083
1.5560,0.8300,0.4564,0.1024
1.5570,0.8300,0.4561,0.1030
1.5580,0.8300,0.4559,0.1035
1.5590,0.8300,0.4559,0.1041
1.5600,0.8300,0.4559,0.1047
1.5610,0.8300,0.4674,0.1006
1.5620,0.8300,0.4677,0.1011
1.5630,0.8300,0.4681,0.1017
1.5640,0.8300,0.4687,0.1023
1.5650,0.8300,0.4694,0.1029
1.5660,0.8300,0.4492,0.0988
1.5670,0.8300,0.4498,0.0992
1.5680,0.8300,0.4505,0.0996
1.5690,0.8300,0.4511,0.0999
1.5700,0.8300,0.4517,0.1003
1.5710,0.8300,0.4527,0.0969
1.5720,0.8300,0.4532,0.0971
1.5730,0.8300,0.4538,0.0973
1.5740,0.8300,0.4543,0.0974
1.5750,0.8300,0.4548,0.0975
1.5760,0.8300,0.4553,0.0976
1.5770,0.8300,0.4557,0.0976
1.5780,0.8300,0.4561,0.0977
1.5790,0.8300,0.4564,0.0977
1.5800,0.8300,0.4567,0.0976
1.5810,0.8300,0.4366,0.0993
1.5820,0.8300,0.4366,0.0992
1.5830,0.8300,0.4364,0.0991
1.5840,0.8300,0.4360,0.0991
1.5850,0.8300,0.4356,0.0990
1.5860,0.8300,0.4350,0.0990
1.5870,0.8300,0.4344,0.0990
1.5880,0.8300,0.4337,0.0990
1.5890,0.8300,0.4329,0.0991
1.5900,0.8300,0.4321,0.0991
1.5910,0.8300,0.4406,0.0994
1.5920,0.8300,0.4398,0.0994
1.5930,0.8300,0.4389,0.0995
1.5940,0.8300,0.4381,0.0997
1.5950,0.8300,0.4374,0.0998
1.5960,0.8300,0.4371,0.0965
1.5970,0.8300,0.4363,0.0966
1.5980,0.8300,0.4357,0.0968
1.5990,0.8300,0.4350,0.0971
1.6000,0.8300,0.4344,0.0973
1.6010,0.8300,0.4243,0.1013
1.6020,0.8300,0.4236,0.1016
1.6030,0.8300,0.4230,0.1020
1.6040,0.8300,0.4224,0.1023
1.6050,0.8300,0.4218,0.1027
1.6060,0.8300,0.4211,0.1031
1.6070,0.8300,0.4205,0.1035
1.6080,0.8300,0.4199,0.1039
1.6090,0.8300,0.4192,0.1043
1.6100,0.8300,0.4186,0.1047
1.6110,0.8300,0.4090,0.1097
1.6120,0.8300,0.4083,0.1102
1.6130,0.8300,0.4076,0.1107
1.6140,0.8300,0.4068,0.1112
1.6150,0.8300,0.4059,0.1117
1.6160,0.8300,0.4134,0.1107
1.6170,0.8300,0.4125,0.1112
1.6180,0.8300,0.4116,0.1116
1.6190,0.8300,0.4107,0.1121
1.6200,0.8300,0.4098,0.1126
1.6210,0.8300,0.4094,0.1098
1.6220,0.8300,0.4084,0.1103
1.6230,0.8300,0.4075,0.1107
1.6240,0.8300,0.4066,0.1112
1.6250,0.8300,0.4056,0.1116
1.6260,0.8300,0.4041,0.1153
1.6270,0.8300,0.4031,0.1158
1.6280,0.8300,0.4021,0.1163
1.6290,0.8300,0.4011,0.1169
1.6300,0.8300,0.4002,0.1175
1.6310,0.8300,0.4073,0.1165
1.6320,0.8300,0.4063,0.1171
1.6330,0.8300,0.4053,0.1176
1.6340,0.8300,0.4042,0.1181
1.6350,0.8300,0.4032,0.1187
1.6360,0.8300,0.4027,0.1161
1.6370,0.8300,0.4017,0.1167
1.6380,0.8300,0.4007,0.1173
1.6390,0.8300,0.3997,0.1179
1.6400,0.8300,0.3987,0.1186
1.6410,0.8300,0.3972,0.1223
1.6420,0.8300,0.3962,0.1230
1.6430,0.8300,0.3952,0.1237
1.6440,0.8300,0.3942,0.1244
1.6450,0.8300,0.3932,0.1251
1.6460,0.8300,0.4000,0.1239
1.6470,0.8300,0.3990,0.1246
1.6480,0.8300,0.3981,0.1252
1.6490,0.8300,0.3973,0.1259
1.6500,0.8300,0.3964,0.1266
1.6510,0.8300,0.3880,0.1295
1.6520,0.8300,0.3872,0.1302
1.6530,0.8300,0.3863,0.1310
1.6540,0.8300,0.3855,0.1317
1.6550,0.8300,0.3846,0.1324
1.6560,0.8300,0.3837,0.1331
1.6570,0.8300,0.3829,0.1338
1.6580,0.8300,0.3820,0.1345
1.6590,0.8300,0.3811,0.1352
1.6600,0.8300,0.3803,0.1359
1.6610,0.8300,0.3867,0.1339
1.6620,0.8300,0.3859,0.1345
1.6630,0.8300,0.3851,0.1351
1.6640,0.8300,0.3844,0.1356
1.6650,0.8300,0.3837,0.1362
1.6660,0.8300,0.3758,0.1395
1.6670,0.8300,0.3751,0.1400
1.6680,0.8300,0.3744,0.1406
1.6690,0.8300,0.3736,0.1412
1.6700,0.8300,0.3728,0.1417
1.6710,0.8300,0.3721,0.1423
1.6720,0.8300,0.3713,0.1429
1.6730,0.8300,0.3705,0.1435
1.6740,0.8300,0.3697,0.1440
1.6750,0.8300,0.3689,0.1446
1.6760,0.8300,0.3609,0.1511
1.6770,0.8300,0.3600,0.1517
1.6780,0.8300,0.3591,0.1524
1.6790,0.8300,0.3582,0.1532
1.6800,0.8300,0.3572,0.1539
1.6810,0.8300,0.3633,0.1489
1.6820,0.8300,0.3624,0.1496
1.6830,0.8300,0.3614,0.1504
1.6840,0.8300,0.3605,0.1511
1.6850,0.8300,0.3596,0.1518
1.6860,0.8300,0.3519,0.1584
1.6870,0.8300,0.3510,0.1591
1.6880,0.8300,0.3502,0.1598
1.6890,0.8300,0.3494,0.1605
1.6900,0.8300,0.3486,0.1612
1.6910,0.8300,0.3479,0.1618
1.6920,0.8300,0.3472,0.1624
1.6930,0.8300,0.3466,0.1630
1.6940,0.8300,0.3460,0.1635
1.6950,0.8300,0.3455,0.1641
1.6960,0.8300,0.3450,0.1645
1.6970,0.8300,0.3445,0.1650
1.6980,0.8300,0.3441,0.1654
1.6990,0.8300,0.3437,0.1658
1.7000,0.8300,0.3434,0.1662
1.7010,0.8300,0.3424,0.1690
1.7020,0.8300,0.3421,0.1693
1.7030,0.8300,0.3418,0.1697
1.7040,0.8300,0.3415,0.1700
1.7050,0.8300,0.3411,0.1704
1.7060,0.8300,0.3474,0.1649
1.7070,0.8300,0.3471,0.1653
1.7080,0.8300,0.3468,0.1656
1.7090,0.8300,0.3465,0.1660
1.7100,0.8300,0.3461,0.1664
1.7110,0.8300,0.3525,0.1608
1.7120,0.8300,0.3521,0.1612
1.7130,0.8300,0.3517,0.1617
1.7140,0.8300,0.3513,0.1621
1.7150,0.8300,0.3508,0.1626
1.7160,0.8300,0.3637,0.1533
1.7170,0.8300,0.3631,0.1538
1.7180,0.8300,0.3626,0.1543
1.7190,0.8300,0.3621,0.1548
1.7200,0.8300,0.3615,0.1552
1.7210,0.8300,0.3609,0.1558
1.7220,0.8300,0.3603,0.1563
1.7230,0.8300,0.3597,0.1568
1.7240,0.8300,0.3590,0.1573
1.7250,0.8300,0.3584,0.1579
1.7260,0.8300,0.3658,0.1494
1.7270,0.8300,0.3652,0.1499
1.7280,0.8300,0.3647,0.1502
1.7290,0.8300,0.3642,0.1506
1.7300,0.8300,0.3639,0.1508
1.7310,0.8300,0.3508,0.1589
1.7320,0.8300,0.3505,0.1591
1.7330,0.8300,0.3502,0.1593
1.7340,0.8300,0.3499,0.1595
1.7350,0.8300,0.3496,0.1596
1.7360,0.8300,0.3563,0.1532
1.7370,0.8300,0.3562,0.1532
1.7380,0.8300,0.3562,0.1531
1.7390,0.8300,0.3563,0.1529
1.7400,0.8300,0.3564,0.1527
1.7410,0.8300,0.3504,0.1567
1.7420,0.8300,0.3505,0.1565
1.7430,0.8300,0.3507,0.1563
1.7440,0.8300,0.3509,0.1561
1.7450,0.8300,0.3511,0.1560
1.7460,0.8300,0.3513,0.1559
1.7470,0.8300,0.3515,0.1558
1.7480,0.8300,0.3517,0.1557
1.7490,0.8300,0.3518,0.1557
1.7500,0.8300,0.3520,0.1557
1.7510,0.8300,0.3522,0.1558
1.7520,0.8300,0.3523,0.1559
1.7530,0.8300,0.3524,0.1561
1.7540,0.8300,0.3525,0.1563
1.7550,0.8300,0.3524,0.1566
1.7560,0.8300,0.3518,0.1590
1.7570,0.8300,0.3518,0.1593
1.7580,0.8300,0.3519,0.1596
1.7590,0.8300,0.3519,0.1599
1.7600,0.8300,0.3520,0.1603
1.7610,0.8300,0.3583,0.1563
1.7620,0.8300,0.3583,0.1567
1.7630,0.8300,0.3584,0.1571
1.7640,0.8300,0.3584,0.1575
1.7650,0.8300,0.3584,0.1580
1.7660,0.8300,0.3725,0.1471
1.7670,0.8300,0.3726,0.1475
1.7680,0.8300,0.3728,0.1477
1.7690,0.8300,0.3730,0.1480
1.7700,0.8300,0.3733,0.1482
1.7710,0.8300,0.3660,0.1552
1.7720,0.8300,0.3663,0.1553
1.7730,0.8300,0.3667,0.1555
1.7740,0.8300,0.3670,0.1556
1.7750,0.8300,0.3672,0.1558
1.7760,0.8300,0.3674,0.1560
1.7770,0.8300,0.3675,0.1562
1.7780,0.8300,0.3675,0.1564
1.7790,0.8300,0.3677,0.1565
1.7800,0.8300,0.3680,0.1565
1.7810,0.8300,0.3609,0.1631
1.7820,0.8300,0.3613,0.1630
1.7830,0.8300,0.3617,0.1628
1.7840,0.8300,0.3621,0.1625
1.7850,0.8300,0.3627,0.1622
1.7860,0.8300,0.3568,0.1659
1.7870,0.8300,0.3573,0.1655
1.7880,0.8300,0.3579,0.1650
1.7890,0.8300,0.3584,0.1645
1.7900,0.8300,0.3590,0.1639
1.7910,0.8300,0.3525,0.1699
1.7920,0.8300,0.3530,0.1693
1.7930,0.8300,0.3535,0.1687
1.7940,0.8300,0.3539,0.1682
1.7950,0.8300,0.3544,0.1677
1.7960,0.8300,0.3611,0.1631
1.7970,0.8300,0.3616,0.1625
1.7980,0.8300,0.3620,0.1620
1.7990,0.8300,0.3624,0.1614
1.8000,0.8300,0.3628,0.1609
1.8010,0.8300,0.3566,0.1645
1.8020,0.8300,0.3569,0.1641
1.8030,0.8300,0.3571,0.1637
1.8040,0.8300,0.3572,0.1634
1.8050,0.8300,0.3572,0.1632
1.8060,0.8300,0.3573,0.1630
1.8070,0.8300,0.3572,0.1629
1.8080,0.8300,0.3571,0.1628
1.8090,0.8300,0.3572,0.1627
1.8100,0.8300,0.3570,0.1628
1.8110,0.8300,0.3577,0.1604
1.8120,0.8300,0.3574,0.1605
1.8130,0.8300,0.3571,0.1607
1.8140,0.8300,0.3568,0.1609
1.8150,0.8300,0.3563,0.1611
1.8160,0.8300,0.3497,0.1654
1.8170,0.8300,0.3494,0.1656
1.8180,0.8300,0.3491,0.1658
1.8190,0.8300,0.3488,0.1659
1.8200,0.8300,0.3486,0.1661
1.8210,0.8300,0.3492,0.1639
1.8220,0.8300,0.3490,0.1640
1.8230,0.8300,0.3489,0.1641
1.8240,0.8300,0.3488,0.1642
1.8250,0.8300,0.3487,0.1643
1.8260,0.8300,0.3486,0.1644
1.8270,0.8300,0.3486,0.1645
1.8280,0.8300,0.3485,0.1645
1.8290,0.8300,0.3485,0.1646
1.8300,0.8300,0.3485,0.1647
1.8310,0.8300,0.3418,0.1713
1.8320,0.8300,0.3417,0.1715
1.8330,0.8300,0.3416,0.1718
1.8340,0.8300,0.3415,0.1720
1.8350,0.8300,0.3413,0.1724
1.8360,0.8300,0.3411,0.1727
1.8370,0.8300,0.3409,0.1731
1.8380,0.8300,0.3407,0.1736
1.8390,0.8300,0.3404,0.1741
1.8400,0.8300,0.3400,0.1746
1.8410,0.8300,0.3463,0.1687
1.8420,0.8300,0.3460,0.1693
1.8430,0.8300,0.3456,0.1698
1.8440,0.8300,0.3453,0.1704
1.8450,0.8300,0.3449,0.1709
1.8460,0.8300,0.3506,0.1671
1.8470,0.8300,0.3502,0.1677
1.8480,0.8300,0.3499,0.1682
1.8490,0.8300,0.3496,0.1688
1.8500,0.8300,0.3492,0.1693
1.8510,0.8300,0.3489,0.1698
1.8520,0.8300,0.3486,0.1703
1.8530,0.8300,0.3483,0.1708
1.8540,0.8300,0.3480,0.1713
1.8550,0.8300,0.3476,0.1718
1.8560,0.8300,0.3607,0.1611
1.8570,0.8300,0.3605,0.1615
1.8580,0.8300,0.3603,0.1619
1.8590,0.8300,0.3602,0.1621
1.8600,0.8300,0.3602,0.1624
1.8610,0.8300,0.3602,0.1626
1.8620,0.8300,0.3602,0.1627
1.8630,0.8300,0.3603,0.1628
1.8640,0.8300,0.3606,0.1629
1.8650,0.8300,0.3607,0.1630
1.8660,0.8300,0.3607,0.1632
1.8670,0.8300,0.3608,0.1634
1.8680,0.8300,0.3607,0.1636
1.8690,0.8300,0.3607,0.1638
1.8700,0.8300,0.3606,0.1640
1.8710,0.8300,0.3606,0.1643
1.8720,0.8300,0.3605,0.1645
1.8730,0.8300,0.3604,0.1648
1.8740,0.8300,0.3602,0.1651
1.8750,0.8300,0.3601,0.1653
1.8760,0.8300,0.3600,0.1656
1.8770,0.8300,0.3598,0.1659
1.8780,0.8300,0.3596,0.1662
1.8790,0.8300,0.3595,0.1665
1.8800,0.8300,0.3593,0.1668
1.8810,0.8300,0.3591,0.1671
1.8820,0.8300,0.3589,0.1674
1.8830,0.8300,0.3587,0.1677
1.8840,0.8300,0.3586,0.1680
1.8850,0.8300,0.3584,0.1682
1.8860,0.8300,0.3583,0.1685
1.8870,0.8300,0.3581,0.1687
1.8880,0.8300,0.3580,0.1689
1.8890,0.8300,0.3579,0.1691
1.8900,0.8300,0.3578,0.1693
1.8910,0.8300,0.3577,0.1695
1.8920,0.8300,0.3577,0.1696
1.8930,0.8300,0.3576,0.1697
1.8940,0.8300,0.3577,0.1698
1.8950,0.8300,0.3577,0.1698
1.8960,0.8300,0.3515,0.1744
1.8970,0.8300,0.3515,0.1744
1.8980,0.8300,0.3515,0.1745
1.8990,0.8300,0.3515,0.1745
1.9000,0.8300,0.3516,0.1745
1.9010,0.8300,0.3579,0.1700
1.9020,0.8300,0.3580,0.1700
1.9030,0.8300,0.3582,0.1699
1.9040,0.8300,0.3584,0.1697
1.9050,0.8300,0.3586,0.1696
1.9060,0.8300,0.3588,0.1694
1.9070,0.8300,0.3591,0.1693
1.9080,0.8300,0.3594,0.1691
1.9090,0.8300,0.3597,0.1689
1.9100,0.8300,0.3599,0.1687
1.9110,0.8300,0.3602,0.1684
1.9120,0.8300,0.3605,0.1681
1.9130,0.8300,0.3610,0.1678
1.9140,0.8300,0.3614,0.1674
1.9150,0.8300,0.3619,0.1671
1.9160,0.8300,0.3559,0.1715
1.9170,0.8300,0.3563,0.1712
1.9180,0.8300,0.3566,0.1710
1.9190,0.8300,0.3570,0.1708
1.9200,0.8300,0.3572,0.1707
1.9210,0.8300,0.3575,0.1706
1.9220,0.8300,0.3577,0.1705
1.9230,0.8300,0.3579,0.1705
1.9240,0.8300,0.3581,0.1705
1.9250,0.8300,0.3582,0.1705
1.9260,0.8300,0.3520,0.1754
1.9270,0.8300,0.3520,0.1755
1.9280,0.8300,0.3520,0.1758
1.9290,0.8300,0.3519,0.1760
1.9300,0.8300,0.3519,0.1763
1.9310,0.8300,0.3517,0.1766
1.9320,0.8300,0.3516,0.1770
1.9330,0.8300,0.3514,0.1774
1.9340,0.8300,0.3512,0.1778
1.9350,0.8300,0.3510,0.1783
1.9360,0.8300,0.3579,0.1718
1.9370,0.8300,0.3577,0.1722
1.9380,0.8300,0.3576,0.1726
1.9390,0.8300,0.3574,0.1730
1.9400,0.8300,0.3573,0.1733
1.9410,0.8300,0.3637,0.1687
1.9420,0.8300,0.3637,0.1690
1.9430,0.8300,0.3637,0.1693
1.9440,0.8300,0.3638,0.1695
1.9450,0.8300,0.3639,0.1696
1.9460,0.8300,0.3640,0.1698
1.9470,0.8300,0.3641,0.1699
1.9480,0.8300,0.3643,0.1700
1.9490,0.8300,0.3645,0.1701
1.9500,0.8300,0.3647,0.1701
1.9510,0.8300,0.3648,0.1701
1.9520,0.8300,0.3652,0.1701
1.9530,0.8300,0.3654,0.1701
1.9540,0.8300,0.3655,0.1702
1.9550,0.8300,0.3656,0.1703
1.9560,0.8300,0.3657,0.1704
1.9570,0.8300,0.3657,0.1705
1.9580,0.8300,0.3657,0.1707
1.9590,0.8300,0.3657,0.1708
1.9600,0.8300,0.3657,0.1709
1.9610,0.8300,0.3520,0.1829
1.9620,0.8300,0.3519,0.1832
1.9630,0.8300,0.3517,0.1834
1.9640,0.8300,0.3515,0.1837
1.9650,0.8300,0.3512,0.1840
1.9660,0.8300,0.3509,0.1844
1.9670,0.8300,0.3506,0.1847
1.9680,0.8300,0.3503,0.1850
1.9690,0.8300,0.3500,0.1854
1.9700,0.8300,0.3496,0.1857
1.9710,0.8300,0.3555,0.1813
1.9720,0.8300,0.3552,0.1815
1.9730,0.8300,0.3550,0.1818
1.9740,0.8300,0.3548,0.1820
1.9750,0.8300,0.3546,0.1822
1.9760,0.8300,0.3545,0.1823
1.9770,0.8300,0.3543,0.1824
1.9780,0.8300,0.3542,0.1825
1.9790,0.8300,0.3542,0.1826
1.9800,0.8300,0.3541,0.1827
1.9810,0.8300,0.3471,0.1896
1.9820,0.8300,0.3471,0.1897
1.9830,0.8300,0.3470,0.1897
1.9840,0.8300,0.3469,0.1898
1.9850,0.8300,0.3468,0.1899
1.9860,0.8300,0.3467,0.1900
1.9870,0.8300,0.3466,0.1902
1.9880,0.8300,0.3464,0.1903
1.9890,0.8300,0.3463,0.1904
1.9900,0.8300,0.3462,0.1905
1.9910,0.8300,0.3461,0.1906
1.9920,0.8300,0.3459,0.1907
1.9930,0.8300,0.3458,0.1908
1.9940,0.8300,0.3456,0.1910
1.9950,0.8300,0.3454,0.1910
1.9960,0.8300,0.3594,0.1771
1.9970,0.8300,0.3595,0.1770
1.9980,0.8300,0.3597,0.1769
1.9990,0.8300,0.3599,0.1767
2.0000,0.8300,0.3602,0.1765
2.0010,0.8300,0.3604,0.1763
2.0020,0.8300,0.3608,0.1761
2.0030,0.8300,0.3611,0.1759
2.0040,0.8300,0.3614,0.1757
2.0050,0.8300,0.3617,0.1756
2.0060,0.8300,0.3620,0.1754
2.0070,0.8300,0.3624,0.1753
2.0080,0.8300,0.3627,0.1753
2.0090,0.8300,0.3630,0.1753
2.0100,0.8300,0.3633,0.1753
2.0110,0.8300,0.3571,0.1805
2.0120,0.8300,0.3573,0.1806
2.0130,0.8300,0.3575,0.1808
2.0140,0.8300,0.3576,0.1810
2.0150,0.8300,0.3577,0.1812
2.0160,0.8300,0.3578,0.1815
2.0170,0.8300,0.3579,0.1818
2.0180,0.8300,0.3580,0.1821
2.0190,0.8300,0.3580,0.1824
2.0200,0.8300,0.3581,0.1827
2.0210,0.8300,0.3582,0.1830
2.0220,0.8300,0.3583,0.1833
2.0230,0.8300,0.3583,0.1835
2.0240,0.8300,0.3584,0.1838
2.0250,0.8300,0.3585,0.1840
2.0260,0.8300,0.3586,0.1841
2.0270,0.8300,0.3587,0.1842
2.0280,0.8300,0.3588,0.1843
2.0290,0.8300,0.3590,0.1843
2.0300,0.8300,0.3591,0.1843
2.0310,0.8300,0.3592,0.1843
2.0320,0.8300,0.3594,0.1842
2.0330,0.8300,0.3595,0.1840
2.0340,0.8300,0.3596,0.1839
2.0350,0.8300,0.3597,0.1836
2.0360,0.8300,0.3599,0.1834
2.0370,0.8300,0.3600,0.1832
2.0380,0.8300,0.3601,0.1829
2.0390,0.8300,0.3602,0.1826
2.0400,0.8300,0.3604,0.1823
2.0410,0.8300,0.3605,0.1819
2.0420,0.8300,0.3606,0.1816
2.0430,0.8300,0.3607,0.1813
2.0440,0.8300,0.3608,0.1810
2.0450,0.8300,0.3609,0.1806
2.0460,0.8300,0.3539,0.1875
2.0470,0.8300,0.3539,0.1873
2.0480,0.8300,0.3539,0.1871
2.0490,0.8300,0.3539,0.1870
2.0500,0.8300,0.3538,0.1869
2.0510,0.8300,0.3538,0.1869
2.0520,0.8300,0.3537,0.1869
2.0530,0.8300,0.3536,0.1869
2.0540,0.8300,0.3534,0.1870
2.0550,0.8300,0.3533,0.1871
2.0560,0.8300,0.3532,0.1872
2.0570,0.8300,0.3531,0.1873
2.0580,0.8300,0.3529,0.1875
2.0590,0.8300,0.3528,0.1877
2.0600,0.8300,0.3527,0.1878
2.0610,0.8300,0.3526,0.1880
2.0620,0.8300,0.3524,0.1882
2.0630,0.8300,0.3523,0.1884
2.0640,0.8300,0.3522,0.1886
2.0650,0.8300,0.3521,0.1888
2.0660,0.8300,0.3521,0.1890
2.0670,0.8300,0.3520,0.1892
2.0680,0.8300,0.3519,0.1893
2.0690,0.8300,0.3519,0.1895
2.0700,0.8300,0.3518,0.1896
2.0710,0.8300,0.3511,0.1916
2.0720,0.8300,0.3510,0.1917
2.0730,0.8300,0.3510,0.1918
2.0740,0.8300,0.3510,0.1919
2.0750,0.8300,0.3509,0.1920
2.0760,0.8300,0.3509,0.1920
2.0770,0.8300,0.3509,0.1921
2.0780,0.8300,0.3509,0.1922
2.0790,0.8300,0.3508,0.1923
2.0800,0.8300,0.3508,0.1923
2.0810,0.8300,0.3507,0.1924
2.0820,0.8300,0.3507,0.1925
2.0830,0.8300,0.3506,0.1926
2.0840,0.8300,0.3505,0.1927
2.0850,0.8300,0.3504,0.1928
2.0860,0.8300,0.3638,0.1806
2.0870,0.8300,0.3638,0.1806
2.0880,0.8300,0.3638,0.1806
2.0890,0.8300,0.3639,0.1806
2.0900,0.8300,0.3640,0.1806
2.0910,0.8300,0.3641,0.1805
2.0920,0.8300,0.3642,0.1805
2.0930,0.8300,0.3643,0.1804
2.0940,0.8300,0.3645,0.1804
2.0950,0.8300,0.3646,0.1803
2.0960,0.8300,0.3582,0.1857
2.0970,0.8300,0.3583,0.1857
2.0980,0.8300,0.3583,0.1858
2.0990,0.8300,0.3584,0.1859
2.1000,0.8300,0.3583,0.1860
2.1010,0.8300,0.3583,0.1862
2.1020,0.8300,0.3582,0.1864
2.1030,0.8300,0.3582,0.1866
2.1040,0.8300,0.3581,0.1868
2.1050,0.8300,0.3580,0.1870
2.1060,0.8300,0.3578,0.1873
2.1070,0.8300,0.3577,0.1875
2.1080,0.8300,0.3576,0.1878
2.1090,0.8300,0.3575,0.1880
2.1100,0.8300,0.3573,0.1883
2.1110,0.8300,0.3637,0.1832
2.1120,0.8300,0.3636,0.1834
2.1130,0.8300,0.3636,0.1836
2.1140,0.8300,0.3636,0.1837
2.1150,0.8300,0.3636,0.1838
2.1160,0.8300,0.3636,0.1838
2.1170,0.8300,0.3637,0.1838
2.1180,0.8300,0.3638,0.1839
2.1190,0.8300,0.3639,0.1838
2.1200,0.8300,0.3640,0.1838
2.1210,0.8300,0.3642,0.1838
2.1220,0.8300,0.3643,0.1837
2.1230,0.8300,0.3645,0.1836
2.1240,0.8300,0.3647,0.1835
2.1250,0.8300,0.3648,0.1834
2.1260,0.8300,0.3650,0.1833
2.1270,0.8300,0.3652,0.1832
2.1280,0.8300,0.3655,0.1831
2.1290,0.8300,0.3657,0.1830
2.1300,0.8300,0.3659,0.1828
2.1310,0.8300,0.3662,0.1827
2.1320,0.8300,0.3664,0.1827
2.1330,0.8300,0.3664,0.1827
2.1340,0.8300,0.3666,0.1826
2.1350,0.8300,0.3667,0.1826
2.1360,0.8300,0.3676,0.1806
2.1370,0.8300,0.3676,0.1806
2.1380,0.8300,0.3676,0.1807
2.1390,0.8300,0.3675,0.1807
2.1400,0.8300,0.3675,0.1808
2.1410,0.8300,0.3529,0.1954
2.1420,0.8300,0.3527,0.1956
2.1430,0.8300,0.3524,0.1959
2.1440,0.8300,0.3521,0.1962
2.1450,0.8300,0.3517,0.1966
2.1460,0.8300,0.3583,0.1899
2.1470,0.8300,0.3579,0.1903
2.1480,0.8300,0.3575,0.1907
2.1490,0.8300,0.3571,0.1911
2.1500,0.8300,0.3567,0.1914
2.1510,0.8300,0.3627,0.1866
2.1520,0.8300,0.3624,0.1869
2.1530,0.8300,0.3621,0.1872
2.1540,0.8300,0.3618,0.1874
2.1550,0.8300,0.3616,0.1876
2.1560,0.8300,0.3614,0.1877
2.1570,0.8300,0.3613,0.1878
2.1580,0.8300,0.3611,0.1879
2.1590,0.8300,0.3610,0.1880
2.1600,0.8300,0.3610,0.1880
2.1610,0.8300,0.3609,0.1881
2.1620,0.8300,0.3609,0.1880
2.1630,0.8300,0.3609,0.1880
2.1640,0.8300,0.3610,0.1879
2.1650,0.8300,0.3611,0.1878
2.1660,0.8300,0.3539,0.1949
2.1670,0.8300,0.3540,0.1948
2.1680,0.8300,0.3541,0.1948
2.1690,0.8300,0.3541,0.1947
2.1700,0.8300,0.3542,0.1946
2.1710,0.8300,0.3542,0.1946
2.1720,0.8300,0.3543,0.1945
2.1730,0.8300,0.3543,0.1944
2.1740,0.8300,0.3544,0.1943
2.1750,0.8300,0.3545,0.1942
2.1760,0.8300,0.3546,0.1941
2.1770,0.8300,0.3546,0.1940
2.1780,0.8300,0.3547,0.1939
2.1790,0.8300,0.3548,0.1938
2.1800,0.8300,0.3549,0.1937
2.1810,0.8300,0.3550,0.1936
2.1820,0.8300,0.3551,0.1935
2.1830,0.8300,0.3552,0.1934
2.1840,0.8300,0.3552,0.1933
2.1850,0.8300,0.3553,0.1932
2.1860,0.8300,0.3553,0.1931
2.1870,0.8300,0.3554,0.1931
2.1880,0.8300,0.3554,0.1930
2.1890,0.8300,0.3554,0.1930
2.1900,0.8300,0.3553,0.1930
2.1910,0.8300,0.3553,0.1929
2.1920,0.8300,0.3554,0.1928
2.1930,0.8300,0.3555,0.1927
2.1940,0.8300,0.3555,0.1926
2.1950,0.8300,0.3556,0.1925
2.1960,0.8300,0.3565,0.1906
2.1970,0.8300,0.3566,0.1905
2.1980,0.8300,0.3567,0.1905
2.1990,0.8300,0.3567,0.1906
2.2000,0.8300,0.3568,0.1906
2.2010,0.8300,0.3568,0.1907
2.2020,0.8300,0.3568,0.1908
2.2030,0.8300,0.3568,0.1910
2.2040,0.8300,0.3568,0.1911
2.2050,0.8300,0.3568,0.1913
2.2060,0.8300,0.3568,0.1915
2.2070,0.8300,0.3568,0.1918
2.2080,0.8300,0.3568,0.1920
2.2090,0.8300,0.3568,0.1923
2.2100,0.8300,0.3569,0.1925
2.2110,0.8300,0.3634,0.1874
2.2120,0.8300,0.3634,0.1876
2.2130,0.8300,0.3636,0.1878
2.2140,0.8300,0.3637,0.1880
2.2150,0.8300,0.3639,0.1882
2.2160,0.8300,0.3576,0.1937
2.2170,0.8300,0.3577,0.1939
2.2180,0.8300,0.3579,0.1941
2.2190,0.8300,0.3580,0.1942
2.2200,0.8300,0.3582,0.1944
2.2210,0.8300,0.3583,0.1946
2.2220,0.8300,0.3584,0.1948
2.2230,0.8300,0.3585,0.1949
2.2240,0.8300,0.3586,0.1951
2.2250,0.8300,0.3587,0.1952
2.2260,0.8300,0.3589,0.1954
2.2270,0.8300,0.3589,0.1956
2.2280,0.8300,0.3588,0.1959
2.2290,0.8300,0.3587,0.1961
2.2300,0.8300,0.3586,0.1964
2.2310,0.8300,0.3521,0.2020
2.2320,0.8300,0.3519,0.2023
2.2330,0.8300,0.3516,0.2027
2.2340,0.8300,0.3513,0.2030
2.2350,0.8300,0.3510,0.2034
2.2360,0.8300,0.3507,0.2037
2.2370,0.8300,0.3503,0.2041
2.2380,0.8300,0.3501,0.2043
2.2390,0.8300,0.3499,0.2044
2.2400,0.8300,0.3498,0.2045
2.2410,0.8300,0.3560,0.1994
2.2420,0.8300,0.3560,0.1993
2.2430,0.8300,0.3561,0.1992
2.2440,0.8300,0.3562,0.1990
2.2450,0.8300,0.3564,0.1988
2.2460,0.8300,0.3575,0.1966
2.2470,0.8300,0.3578,0.1963
2.2480,0.8300,0.3581,0.1959
2.2490,0.8300,0.3584,0.1955
2.2500,0.8300,0.3588,0.1950
2.2510,0.8300,0.3592,0.1946
2.2520,0.8300,0.3597,0.1940
2.2530,0.8300,0.3601,0.1935
2.2540,0.8300,0.3606,0.1930
2.2550,0.8300,0.3610,0.1924
2.2560,0.8300,0.3551,0.1974
2.2570,0.8300,0.3555,0.1969
2.2580,0.8300,0.3558,0.1965
2.2590,0.8300,0.3561,0.1961
2.2600,0.8300,0.3564,0.1958
2.2610,0.8300,0.3496,0.2027
2.2620,0.8300,0.3497,0.2025
2.2630,0.8300,0.3498,0.2025
2.2640,0.8300,0.3498,0.2025
2.2650,0.8300,0.3497,0.2027
2.2660,0.8300,0.3496,0.2029
2.2670,0.8300,0.3494,0.2032
2.2680,0.8300,0.3492,0.2035
2.2690,0.8300,0.3489,0.2040
2.2700,0.8300,0.3486,0.2044
2.2710,0.8300,0.3551,0.1979
2.2720,0.8300,0.3548,0.1985
2.2730,0.8300,0.3544,0.1990
2.2740,0.8300,0.3541,0.1996
2.2750,0.8300,0.3537,0.2002
2.2760,0.8300,0.3534,0.2008
2.2770,0.8300,0.3530,0.2015
2.2780,0.8300,0.3527,0.2021
2.2790,0.8300,0.3523,0.2028
2.2800,0.8300,0.3520,0.2034
2.2810,0.8300,0.3587,0.1968
2.2820,0.8300,0.3584,0.1973
2.2830,0.8300,0.3582,0.1978
2.2840,0.8300,0.3580,0.1982
2.2850,0.8300,0.3578,0.1986
2.2860,0.8300,0.3577,0.1989
2.2870,0.8300,0.3577,0.1991
2.2880,0.8300,0.3576,0.1993
2.2890,0.8300,0.3576,0.1994
2.2900,0.8300,0.3577,0.1994
2.2910,0.8300,0.3577,0.1994
2.2920,0.8300,0.3578,0.1994
2.2930,0.8300,0.3579,0.1993
2.2940,0.8300,0.3580,0.1991
2.2950,0.8300,0.3582,0.1989
2.2960,0.8300,0.3583,0.1987
2.2970,0.8300,0.3585,0.1984
2.2980,0.8300,0.3587,0.1982
2.2990,0.8300,0.3588,0.1979
2.3000,0.8300,0.3590,0.1976
2.3010,0.8300,0.3657,0.1915
2.3020,0.8300,0.3659,0.1911
2.3030,0.8300,0.3662,0.1908
2.3040,0.8300,0.3664,0.1904
2.3050,0.8300,0.3666,0.1901
2.3060,0.8300,0.3669,0.1897
2.3070,0.8300,0.3671,0.1894
2.3080,0.8300,0.3674,0.1891
2.3090,0.8300,0.3676,0.1888
2.3100,0.8300,0.3678,0.1885
2.3110,0.8300,0.3607,0.1958
2.3120,0.8300,0.3609,0.1956
2.3130,0.8300,0.3610,0.1955
2.3140,0.8300,0.3610,0.1955
2.3150,0.8300,0.3611,0.1955
2.3160,0.8300,0.3540,0.2027
2.3170,0.8300,0.3540,0.2028
2.3180,0.8300,0.3539,0.2030
2.3190,0.8300,0.3538,0.2031
2.3200,0.8300,0.3536,0.2033
2.3210,0.8300,0.3535,0.2035
2.3220,0.8300,0.3533,0.2037
2.3230,0.8300,0.3531,0.2039
2.3240,0.8300,0.3529,0.2041
2.3250,0.8300,0.3526,0.2044
2.3260,0.8300,0.3585,0.1992
2.3270,0.8300,0.3582,0.1995
2.3280,0.8300,0.3578,0.1997
2.3290,0.8300,0.3575,0.1999
2.3300,0.8300,0.3572,0.2001
2.3310,0.8300,0.3569,0.2003
2.3320,0.8300,0.3567,0.2004
2.3330,0.8300,0.3565,0.2004
2.3340,0.8300,0.3564,0.2003
2.3350,0.8300,0.3564,0.2002
2.3360,0.8300,0.3564,0.2001
2.3370,0.8300,0.3565,0.2000
2.3380,0.8300,0.3566,0.1999
2.3390,0.8300,0.3566,0.1997
2.3400,0.8300,0.3567,0.1996
2.3410,0.8300,0.3561,0.2011
2.3420,0.8300,0.3563,0.2009
2.3430,0.8300,0.3564,0.2008
2.3440,0.8300,0.3565,0.2007
2.3450,0.8300,0.3566,0.2006
2.3460,0.8300,0.3567,0.2005
2.3470,0.8300,0.3569,0.2004
2.3480,0.8300,0.3570,0.2003
2.3490,0.8300,0.3571,0.2002
2.3500,0.8300,0.3572,0.2002
2.3510,0.8300,0.3574,0.2001
2.3520,0.8300,0.3575,0.2000
2.3530,0.8300,0.3576,0.1999
2.3540,0.8300,0.3578,0.1999
2.3550,0.8300,0.3579,0.1998
2.3560,0.8300,0.3580,0.1997
2.3570,0.8300,0.3582,0.1997
2.3580,0.8300,0.3583,0.1996
2.3590,0.8300,0.3584,0.1995
2.3600,0.8300,0.3585,0.1995
2.3610,0.8300,0.3523,0.2049
2.3620,0.8300,0.3524,0.2049
2.3630,0.8300,0.3524,0.2050
2.3640,0.8300,0.3524,0.2050
2.3650,0.8300,0.3523,0.2051
2.3660,0.8300,0.3522,0.2053
2.3670,0.8300,0.3521,0.2054
2.3680,0.8300,0.3520,0.2056
2.3690,0.8300,0.3519,0.2058
2.3700,0.8300,0.3517,0.2060
2.3710,0.8300,0.3585,0.1990
2.3720,0.8300,0.3584,0.1992
2.3730,0.8300,0.3583,0.1993
2.3740,0.8300,0.3582,0.1995
2.3750,0.8300,0.3581,0.1996
2.3760,0.8300,0.3580,0.1997
2.3770,0.8300,0.3579,0.1998
2.3780,0.8300,0.3579,0.2000
2.3790,0.8300,0.3578,0.2001
2.3800,0.8300,0.3577,0.2002
2.3810,0.8300,0.3576,0.2003
2.3820,0.8300,0.3576,0.2004
2.3830,0.8300,0.3575,0.2005
2.3840,0.8300,0.3574,0.2006
2.3850,0.8300,0.3573,0.2008
2.3860,0.8300,0.3637,0.1953
2.3870,0.8300,0.3637,0.1953
2.3880,0.8300,0.3637,0.1954
2.3890,0.8300,0.3637,0.1954
2.3900,0.8300,0.3638,0.1954
2.3910,0.8300,0.3638,0.1954
2.3920,0.8300,0.3639,0.1954
2.3930,0.8300,0.3640,0.1954
2.3940,0.8300,0.3641,0.1953
2.3950,0.8300,0.3642,0.1953
2.3960,0.8300,0.3643,0.1952
2.3970,0.8300,0.3645,0.1952
2.3980,0.8300,0.3646,0.1951
2.3990,0.8300,0.3647,0.1951
2.4000,0.8300,0.3648,0.1951
2.4010,0.8300,0.3648,0.1952
2.4020,0.8300,0.3647,0.1953
2.4030,0.8300,0.3646,0.1954
2.4040,0.8300,0.3645,0.1955
2.4050,0.8300,0.3644,0.1956
2.4060,0.8300,0.3578,0.2013
2.4070,0.8300,0.3576,0.2014
2.4080,0.8300,0.3574,0.2016
2.4090,0.8300,0.3572,0.2018
2.4100,0.8300,0.3570,0.2020
2.4110,0.8300,0.3567,0.2022
2.4120,0.8300,0.3564,0.2024
2.4130,0.8300,0.3562,0.2026
2.4140,0.8300,0.3559,0.2028
2.4150,0.8300,0.3556,0.2030
2.4160,0.8300,0.3554,0.2032
2.4170,0.8300,0.3551,0.2034
2.4180,0.8300,0.3549,0.2035
2.4190,0.8300,0.3546,0.2037
2.4200,0.8300,0.3544,0.2038
2.4210,0.8300,0.3541,0.2040
2.4220,0.8300,0.3539,0.2041
2.4230,0.8300,0.3537,0.2042
2.4240,0.8300,0.3535,0.2043
2.4250,0.8300,0.3533,0.2043
2.4260,0.8300,0.3595,0.1989
2.4270,0.8300,0.3594,0.1989
2.4280,0.8300,0.3593,0.1989
2.4290,0.8300,0.3593,0.1988
2.4300,0.8300,0.3593,0.1987
2.4310,0.8300,0.3594,0.1985
2.4320,0.8300,0.3595,0.1984
2.4330,0.8300,0.3596,0.1981
2.4340,0.8300,0.3598,0.1978
2.4350,0.8300,0.3602,0.1974
2.4360,0.8300,0.3473,0.2095
2.4370,0.8300,0.3475,0.2092
2.4380,0.8300,0.3478,0.2089
2.4390,0.8300,0.3480,0.2086
2.4400,0.8300,0.3482,0.2084
2.4410,0.8300,0.3484,0.2082
2.4420,0.8300,0.3486,0.2080
2.4430,0.8300,0.3487,0.2079
2.4440,0.8300,0.3489,0.2078
2.4450,0.8300,0.3490,0.2077
2.4460,0.8300,0.3490,0.2077
2.4470,0.8300,0.3491,0.2077
2.4480,0.8300,0.3491,0.2077
2.4490,0.8300,0.3492,0.2077
2.4500,0.8300,0.3492,0.2078
2.4510,0.8300,0.3553,0.2025
2.4520,0.8300,0.3554,0.2026
2.4530,0.8300,0.3554,0.2027
2.4540,0.8300,0.3554,0.2028
2.4550,0.8300,0.3554,0.2029
2.4560,0.8300,0.3627,0.1957
2.4570,0.8300,0.3627,0.1958
2.4580,0.8300,0.3628,0.1958
2.4590,0.8300,0.3630,0.1959
2.4600,0.8300,0.3631,0.1959
2.4610,0.8300,0.3632,0.1960
2.4620,0.8300,0.3634,0.1960
2.4630,0.8300,0.3635,0.1961
2.4640,0.8300,0.3637,0.1961
2.4650,0.8300,0.3638,0.1962
2.4660,0.8300,0.3575,0.2019
2.4670,0.8300,0.3575,0.2021
2.4680,0.8300,0.3576,0.2022
2.4690,0.8300,0.3576,0.2024
2.4700,0.8300,0.3576,0.2026
2.4710,0.8300,0.3640,0.1972
2.4720,0.8300,0.3640,0.1974
2.4730,0.8300,0.3640,0.1975
2.4740,0.8300,0.3641,0.1977
2.4750,0.8300,0.3641,0.1978
2.4760,0.8300,0.3642,0.1979
2.4770,